  1.1145857e+001
  1.1102580e+001
  1.1176832e+001
  1.1293102e+001
  1.1521376e+001
  1.1452971e+001
  1.0699753e+001
  9.7202684e+000
  1.0055405e+001
  9.8000250e+000
  9.3231555e+000
  9.2199207e+000
  9.9453123e+000
  9.6292036e+000
  1.0082486e+001
  1.0123060e+001
  1.0536220e+001
  1.0455382e+001
  1.0282118e+001
  1.0860683e+001
  1.0816750e+001
  1.0905427e+001
  1.1060847e+001
  1.1076891e+001
  1.1152278e+001
  1.1101172e+001
  1.1236989e+001
  1.1615491e+001
  1.1799028e+001
  1.1869843e+001
  1.1907912e+001
  1.1831784e+001
  1.1872707e+001
  1.1966083e+001
  1.1831396e+001
  1.1837425e+001
  1.1843920e+001
  1.1802024e+001
  1.1610013e+001
  1.1514874e+001
  1.1411088e+001
  1.1333580e+001
  1.1159503e+001
  1.1195312e+001
  1.1304958e+001
  1.1422063e+001
  1.1586619e+001
  1.1559851e+001
  1.1344957e+001
  1.1063357e+001
  1.1296258e+001
  1.1337995e+001
  1.1420728e+001
  1.0805554e+001
  1.0804327e+001
  1.0243264e+001
  1.0402518e+001
  1.0368480e+001
  1.0461936e+001
  1.0803772e+001
  1.1046945e+001
  1.0884439e+001
  1.0815750e+001
  1.1013435e+001
  1.0709433e+001
  1.0395980e+001
  1.0425002e+001
  1.0903176e+001
  1.1582992e+001
  1.2032756e+001
  1.2118245e+001
  1.3003955e+001
  1.3279665e+001
  1.3380892e+001
  1.3438063e+001
  1.3375102e+001
  1.3350361e+001
  1.3338422e+001
  1.3228091e+001
  1.3015750e+001
  1.2868772e+001
  1.2822091e+001
  1.2964187e+001
  1.2991133e+001
  1.2973174e+001
  1.2916440e+001
  1.2860856e+001
  1.2859635e+001
  1.2821338e+001
  1.2734905e+001
  1.2533249e+001
  1.2203007e+001
  1.1962523e+001
  1.1965436e+001
  1.2225020e+001
  1.2511550e+001
  1.3169228e+001
  1.3873416e+001
  1.4434396e+001
  1.4950576e+001
  1.5271941e+001
  1.5255885e+001
  1.5084471e+001
  1.4598833e+001
  1.4725972e+001
  1.4070310e+001
  1.3595897e+001
  1.3791480e+001
  1.3876749e+001
  1.4190420e+001
  1.4684572e+001
  1.4648851e+001
  1.3562605e+001
  1.3618286e+001
  1.4036185e+001
  1.4096590e+001
  1.4004030e+001
  1.4003888e+001
  1.3823069e+001
  1.4314881e+001
  1.5350458e+001
  1.7097820e+001
  1.7514325e+001
  1.7740464e+001
  1.7279830e+001
  1.7179147e+001
  1.6795746e+001
  1.6374506e+001
  1.6014960e+001
  1.5623094e+001
  1.5502860e+001
  1.6326713e+001
  1.6145960e+001
  1.5771104e+001
  1.5726151e+001
  1.5966074e+001
  1.5690361e+001
  1.5564037e+001
  1.6166356e+001
  1.6870502e+001
  1.7434934e+001
  1.7811722e+001
  1.8279897e+001
  1.8637799e+001
  1.9333163e+001
  1.9562866e+001
  1.9514529e+001
  2.0041385e+001
  2.0203215e+001
  2.0174867e+001
  2.0544927e+001
  1.9307490e+001
  1.8848410e+001
  1.3490952e+001
  1.3085897e+001
  1.1862565e+001
  1.2902056e+001
  1.3798954e+001
  1.4114987e+001
  1.3212287e+001
  1.3696894e+001
  1.4340702e+001
  1.4275173e+001
  1.4710383e+001
  1.4478231e+001
  1.4649046e+001
  1.3518555e+001
  1.3397074e+001
  1.3849083e+001
  1.4116010e+001
  1.4261342e+001
  1.4352165e+001
  1.4517871e+001
  1.4603803e+001
  1.4621357e+001
  1.4655502e+001
  1.4456147e+001
  1.4300152e+001
  1.4226135e+001
  1.4205964e+001
  1.4317110e+001
  1.4486139e+001
  1.4661026e+001
  1.4843121e+001
  1.5001005e+001
  1.5264514e+001
  1.5417749e+001
  1.5489557e+001
  1.5451529e+001
  1.4780081e+001
  1.4522834e+001
  1.4803936e+001
  1.4433748e+001
  1.4127641e+001
  1.3654746e+001
  1.3585728e+001
  1.3687465e+001
  1.3285312e+001
  1.3428114e+001
  1.3637492e+001
  1.3456324e+001
  1.3589437e+001
  1.3628373e+001
  1.3698304e+001
  1.3889098e+001
  1.3900043e+001
  1.3928122e+001
  1.4144774e+001
  1.3949855e+001
  1.3950556e+001
  1.3952151e+001
  1.3871815e+001
  1.3833197e+001
  1.3747253e+001
