  1.0130000e+003
  1.0130000e+003
  1.0130000e+003
  1.0130000e+003
  1.0130000e+003
  1.0130000e+003
  1.0130000e+003
  1.0130000e+003
  1.0130000e+003
  1.0130000e+003
  1.0130000e+003
  1.0130000e+003
  1.0130000e+003
  1.0130000e+003
  1.0130000e+003
  1.0130000e+003
  1.0130000e+003
  1.0128000e+003
  1.0128065e+003
  1.0130000e+003
  1.0122333e+003
  1.0120000e+003
  1.0120000e+003
  1.0120000e+003
  1.0120000e+003
  1.0120000e+003
  1.0120000e+003
  1.0130000e+003
  1.0130000e+003
  1.0130000e+003
  1.0130000e+003
  1.0130000e+003
  1.0130000e+003
  1.0130000e+003
  1.0130000e+003
  1.0130000e+003
  1.0130000e+003
  1.0130000e+003
  1.0130000e+003
  1.0130000e+003
  1.0130000e+003
  1.0130000e+003
  1.0130000e+003
  1.0130000e+003
  1.0130000e+003
  1.0132258e+003
  1.0130000e+003
  1.0130000e+003
  1.0130000e+003
  1.0130000e+003
  1.0137333e+003
  1.0131613e+003
  1.0134828e+003
  1.0140000e+003
  1.0140000e+003
  1.0140000e+003
  1.0140000e+003
  1.0140000e+003
  1.0140000e+003
  1.0140000e+003
  1.0134839e+003
  1.0130000e+003
  1.0130000e+003
  1.0130000e+003
  1.0130000e+003
  1.0130000e+003
  1.0124516e+003
  1.0120000e+003
  1.0120000e+003
  1.0120000e+003
  1.0120000e+003
  1.0120000e+003
  1.0120000e+003
  1.0120000e+003
  1.0120000e+003
  1.0120000e+003
  1.0120000e+003
  1.0120000e+003
  1.0120000e+003
  1.0126552e+003
  1.0127000e+003
  1.0120000e+003
  1.0120000e+003
  1.0120000e+003
  1.0120000e+003
  1.0111379e+003
  1.0110000e+003
  1.0110000e+003
  1.0110000e+003
  1.0110000e+003
  1.0107097e+003
  1.0100000e+003
  1.0100000e+003
  1.0100000e+003
  1.0100000e+003
  1.0100000e+003
  1.0100000e+003
  1.0100000e+003
  1.0100000e+003
  1.0100000e+003
  1.0100000e+003
  1.0099333e+003
  1.0090000e+003
  1.0090000e+003
  1.0090000e+003
  1.0090000e+003
  1.0088276e+003
  1.0080000e+003
  1.0080000e+003
  1.0079655e+003
  1.0070333e+003
  1.0070000e+003
  1.0070000e+003
  1.0069333e+003
  1.0060000e+003
  1.0060000e+003
  1.0060000e+003
  1.0050968e+003
  1.0050000e+003
  1.0050000e+003
  1.0050000e+003
  1.0050000e+003
  1.0054000e+003
  1.0060000e+003
  1.0060000e+003
  1.0060000e+003
  1.0060000e+003
  1.0060000e+003
  1.0052000e+003
  1.0050000e+003
  1.0050000e+003
  1.0050000e+003
  1.0050000e+003
  1.0049655e+003
  1.0040000e+003
  1.0040000e+003
  1.0040000e+003
  1.0040000e+003
  1.0040000e+003
  1.0037241e+003
  1.0030000e+003
  1.0030000e+003
  1.0030000e+003
  1.0030000e+003
  1.0030000e+003
  1.0032759e+003
  1.0039000e+003
  1.0040000e+003
  1.0040000e+003
  1.0040000e+003
  1.0049032e+003
  1.0050000e+003
  1.0050000e+003
  1.0050000e+003
  1.0050000e+003
  1.0050000e+003
  1.0050000e+003
  1.0055172e+003
  1.0060000e+003
  1.0060000e+003
  1.0060000e+003
  1.0060000e+003
  1.0060000e+003
  1.0060000e+003
  1.0060000e+003
  1.0060000e+003
  1.0060000e+003
  1.0063000e+003
  1.0070000e+003
  1.0070000e+003
  1.0070000e+003
  1.0077097e+003
  1.0080000e+003
  1.0080000e+003
  1.0080000e+003
  1.0080000e+003
  1.0080000e+003
  1.0080000e+003
  1.0080000e+003
  1.0080000e+003
  1.0080000e+003
  1.0080000e+003
  1.0080000e+003
  1.0080000e+003
  1.0080000e+003
  1.0080000e+003
  1.0080000e+003
  1.0080000e+003
  1.0080000e+003
  1.0080000e+003
  1.0080000e+003
  1.0080000e+003
  1.0080000e+003
  1.0080000e+003
  1.0080000e+003
  1.0080323e+003
  1.0090000e+003
  1.0089333e+003
  1.0090000e+003
  1.0090000e+003
  1.0090000e+003
  1.0090000e+003
  1.0090000e+003
  1.0090000e+003
  1.0090000e+003
  1.0090000e+003
  1.0090000e+003
  1.0090000e+003
  1.0088966e+003
  1.0081000e+003
  1.0080000e+003
  1.0080000e+003
  1.0070667e+003
  1.0070000e+003
