  1.6868478e+001
  3.5818491e+001
  5.8969466e+001
  8.3786470e+001
  1.0267985e+002
  1.8464241e+002
  2.9018387e+002
  2.7983147e+002
  4.9300062e+002
  5.9382107e+002
  7.4404880e+002
  3.9461728e+002
  4.3268656e+002
  6.5428359e+002
  2.1822316e+002
  2.8647325e+002
  2.7893580e+002
  4.1523397e+002
  6.0207703e+002
  2.4298460e+002
  1.2039640e+002
  2.5411720e+002
  2.5797858e+002
  9.8095286e+001
  4.4786921e+001
  2.0936684e+001
  9.9416785e+000
  1.6419309e+000
  0.0000000e+000
  0.0000000e+000
  0.0000000e+000
  0.0000000e+000
  0.0000000e+000
  0.0000000e+000
  0.0000000e+000
  0.0000000e+000
  0.0000000e+000
  0.0000000e+000
  0.0000000e+000
  0.0000000e+000
  0.0000000e+000
  0.0000000e+000
  4.4474763e+000
  1.3972381e+001
  2.6566368e+001
  1.0526772e+002
  9.7203941e+001
  1.4463257e+002
  2.5025854e+002
  4.3561327e+002
  4.9984898e+002
  6.0076036e+002
  7.1244797e+002
  7.8252615e+002
  8.4685785e+002
  9.0553121e+002
  9.4288652e+002
  9.5820776e+002
  9.6142612e+002
  9.5750113e+002
  9.3908771e+002
  9.1021157e+002
  8.6733972e+002
  8.1734303e+002
  7.5804946e+002
  6.8547082e+002
  5.8637149e+002
  5.2472862e+002
  4.4459664e+002
  3.5675127e+002
  2.7116102e+002
  1.9003225e+002
  1.1755527e+002
  6.0752716e+001
  2.0599766e+001
  0.0000000e+000
  0.0000000e+000
  0.0000000e+000
  0.0000000e+000
  0.0000000e+000
  0.0000000e+000
  0.0000000e+000
  0.0000000e+000
  0.0000000e+000
  0.0000000e+000
  0.0000000e+000
  0.0000000e+000
  0.0000000e+000
  0.0000000e+000
  0.0000000e+000
  9.5528778e+000
  3.0487643e+001
  5.6925374e+001
  1.2818312e+002
  1.1508627e+002
  1.5201799e+002
  1.8250362e+002
  2.6208652e+002
  2.3999535e+002
  2.6439226e+002
  3.8825412e+002
  4.7921927e+002
  7.1489166e+002
  3.9958463e+002
  5.6537387e+002
  7.6541334e+002
  8.9239927e+002
  8.7599782e+002
  8.7448270e+002
  6.6129402e+002
  7.4662759e+002
  6.2449191e+002
  6.4166683e+002
  6.8459850e+002
  5.7886207e+002
  4.7635932e+002
  3.4330014e+002
  2.8582752e+002
  1.6399769e+002
  1.8121466e+002
  7.0484339e+001
  2.4794106e+001
  1.2247434e+001
  0.0000000e+000
  0.0000000e+000
  0.0000000e+000
  0.0000000e+000
  0.0000000e+000
  0.0000000e+000
  0.0000000e+000
  0.0000000e+000
  0.0000000e+000
  0.0000000e+000
  0.0000000e+000
  0.0000000e+000
  0.0000000e+000
  0.0000000e+000
  0.0000000e+000
  6.3056496e+000
  2.4014271e+001
  5.2202479e+001
  1.0247027e+002
  9.9262289e+001
  1.3899504e+002
  2.2108707e+002
  6.0264814e+001
  2.2814840e+002
  2.8516918e+002
  9.7582411e+001
  1.1811958e+002
  2.8323198e+002
  3.7298741e+002
  7.6926234e+002
  6.4577596e+002
  7.4199819e+002
  4.9277278e+002
  7.3449680e+002
  3.9356077e+002
  3.8349846e+002
  7.2720787e+002
  7.2230029e+002
  6.7303701e+002
  4.9317145e+002
  4.6368868e+002
  4.1835219e+002
  3.5723951e+002
  2.7035290e+002
  1.4483503e+002
  3.0404354e+001
  2.9700737e+001
  1.3515423e+001
  5.9805142e+000
  0.0000000e+000
  0.0000000e+000
  0.0000000e+000
  0.0000000e+000
  0.0000000e+000
  0.0000000e+000
  0.0000000e+000
  0.0000000e+000
  0.0000000e+000
  0.0000000e+000
  0.0000000e+000
  0.0000000e+000
  0.0000000e+000
  0.0000000e+000
  2.6671061e+000
  9.1592901e+000
  3.0633396e+001
  4.1562025e+001
  5.8083902e+001
  1.0529518e+002
  1.7562732e+002
  3.7200419e+002
  5.6959551e+002
  6.0891237e+002
  6.3073028e+002
  6.7183268e+002
  5.8344521e+002
  5.0972454e+002
  3.0126930e+002
  5.5440603e+002
  3.9338905e+002
  2.9289763e+002
  4.5550148e+002
  6.7051332e+002
  5.0191261e+002
  5.1101579e+002
  6.3690566e+002
  3.9461728e+002
  4.5918689e+002
  3.5867359e+002
  4.4050195e+002
  3.1513444e+002
