  1.0216897e+001
  1.0265000e+001
  1.0419032e+001
  1.0474828e+001
  1.0860333e+001
  1.1159032e+001
  1.2870323e+001
  1.2830000e+001
  1.3552000e+001
  1.4414839e+001
  1.4993103e+001
  1.5008333e+001
  1.4433226e+001
  1.6281034e+001
  1.5071333e+001
  1.4982258e+001
  1.5339655e+001
  1.5244667e+001
  1.6125484e+001
  1.5462759e+001
  1.4736333e+001
  1.5041290e+001
  1.5985172e+001
  1.4985000e+001
  1.4271290e+001
  1.3868621e+001
  1.3446333e+001
  1.3100323e+001
  1.2811034e+001
  1.2661667e+001
  1.2423226e+001
  1.2283793e+001
  1.2227333e+001
  1.2302258e+001
  1.2314828e+001
  1.2242333e+001
  1.2113548e+001
  1.2131724e+001
  1.2120000e+001
  1.2040323e+001
  1.2000000e+001
  1.1859667e+001
  1.1815806e+001
  1.1601034e+001
  1.1401000e+001
  1.1717742e+001
  1.2569310e+001
  1.3323333e+001
  1.3723226e+001
  1.4716897e+001
  1.5614333e+001
  1.6386129e+001
  1.7400690e+001
  1.7587000e+001
  1.8515484e+001
  1.8883793e+001
  1.9579333e+001
  2.0267742e+001
  2.0298276e+001
  2.0606000e+001
  2.0792258e+001
  2.1151724e+001
  2.1832000e+001
  2.1679677e+001
  2.2200000e+001
  2.2613333e+001
  2.2672903e+001
  2.2929310e+001
  2.2782333e+001
  2.2417742e+001
  2.1856897e+001
  2.1397000e+001
  2.0215806e+001
  1.9547586e+001
  1.8025333e+001
  1.6671935e+001
  1.5882069e+001
  1.5559333e+001
  1.4571935e+001
  1.5138621e+001
  1.5237000e+001
  1.5044194e+001
  1.5115862e+001
  1.5130333e+001
  1.5008387e+001
  1.4815517e+001
  1.4451667e+001
  1.4285484e+001
  1.4065172e+001
  1.4070667e+001
  1.3889355e+001
  1.4321379e+001
  1.4880333e+001
  1.5746774e+001
  1.6612759e+001
  1.6802000e+001
  1.7498065e+001
  1.8054138e+001
  1.8821667e+001
  1.9286774e+001
  2.0362414e+001
  2.1579667e+001
  2.2667742e+001
  2.2942759e+001
  2.3816000e+001
  2.4100968e+001
  2.5093103e+001
  2.5495333e+001
  2.5941613e+001
  2.5915517e+001
  2.6635333e+001
  2.6862258e+001
  2.6949310e+001
  2.7261000e+001
  2.7789355e+001
  2.7518276e+001
  2.7465333e+001
  2.7565484e+001
  2.7007931e+001
  2.7216000e+001
  2.6444516e+001
  2.3203103e+001
  2.2234000e+001
  2.1374194e+001
  2.0593793e+001
  2.0316667e+001
  2.0012258e+001
  2.0491724e+001
  2.0491333e+001
  2.0380645e+001
  2.0852414e+001
  1.9372333e+001
  1.8279677e+001
  1.8547931e+001
  1.8768667e+001
  1.8345484e+001
  1.8232759e+001
  1.8149333e+001
  1.7866774e+001
  1.7432069e+001
  1.7817667e+001
  1.8477742e+001
  1.9116897e+001
  2.0690667e+001
  2.1581935e+001
  2.1065862e+001
  2.1101000e+001
  2.2209355e+001
  2.2120000e+001
  2.1563000e+001
  2.0731935e+001
  2.1313793e+001
  2.1697667e+001
  2.2569355e+001
  2.3051034e+001
  2.2255000e+001
  2.3092258e+001
  2.2549655e+001
  2.1938667e+001
  2.2674516e+001
  2.2932759e+001
  2.3044000e+001
  2.2369032e+001
  2.2508621e+001
  2.2389333e+001
  2.2317742e+001
  2.1799655e+001
  2.1147333e+001
  1.9677419e+001
  1.9047931e+001
  1.8721667e+001
  1.8251935e+001
  1.7825517e+001
  1.7390667e+001
  1.7284516e+001
  1.7045517e+001
  1.7227667e+001
  1.6755484e+001
  1.6061379e+001
  1.5771333e+001
  1.5346774e+001
  1.5126552e+001
  1.5169667e+001
  1.5263548e+001
  1.5606552e+001
  1.5962000e+001
  1.6286452e+001
  1.6367241e+001
  1.6466667e+001
  1.6724839e+001
  1.6876897e+001
  1.7056000e+001
  1.7452903e+001
  1.7993793e+001
  1.8530667e+001
  1.9236452e+001
  2.0018621e+001
  1.9724333e+001
  2.0145161e+001
  1.9896207e+001
  1.9300000e+001
  1.9712581e+001
  2.0146552e+001
  1.9926000e+001
  2.0394516e+001
  2.1227241e+001
  2.1030333e+001
  2.0959032e+001
  2.1428966e+001
  2.1085333e+001
  2.1083871e+001
  2.0984483e+001
  2.1393333e+001
  2.1102258e+001
