751.1002
760.347
760.3502
759.7989
763.8267
760.6695
754.268
736.2047
737.5469
743.2117
749.6975
750.372
752.2616
761.1877
758.2797
758.8384
756.0826
743.7997
752.0552
754.3621
749.3702
745.0935
742.9316
747.1214
746.7904
744.6108
743.5731
745.4504
746.6725
741.5452
736.6971
735.5599
732.1309
730.389
730.6682
724.5588
717.9882
716.8828
714.608
710.5814
713.4441
711.8953
701.2049
694.548475
687.89205
681.235625
674.5792
682.1014
681.6988
680.1148
676.6674
676.9594
678.2745
676.7214
674.9725
675.818
672.8769
675.6818
674.0229
670.9207
668.1445
669.9474
671.9042
665.8091
664.9988
663.9652
665.0793
663.8679
667.2291
664.848
665.8802
663.5819
663.0576
663.7546
663.8373
662.5445
660.6206
661.6448
662.3198
661.9939
660.2643
663.2021
661.598
662.9131
661.1401
662.2827
662.4963
660.8215
663.3909
660.7112
662.4325
662.8755
662.5257
662.024
659.1331
661.0814
660.7212
661.5681
662.2339
660.3719
661.438
662.3594
661.4464
659.5245
662.0253
663.2356
663.1786
666.0906
669.7399
676.5685
678.5153
678.3864
678.0443
695.277
693.433
704.4269
709.9498
702.6895
714.0276
734.3654
755.2079
755.3316
781.8574
853.1131
799.9363
768.3061
839.2452
850.9167
785.0812
753.0981
776.8735
740.9515
753.7073
777.153
769.8027
748.7984
775.5182
780.1332
748.1143
744.0374
745.3011
750.8137
758.5114
765.4172
