12.4005586066759
12.3464199171884
12.2666137836842
12.2803896826704
12.2492616309806
12.2455205955716
12.2575627643583
12.4117921638283
12.4489402478523
12.3579583482992
12.2031646878283
12.1331515627368
12.0780966236782
11.9556011983066
11.9433603765319
11.9276630708329
11.8872601450416
12.0837065224349
12.0515910898375
11.9855038600596
12.0728209867258
11.9851498750951
11.9440565939437
11.8535495123379
11.7973369338139
11.7722167570489
11.7785508823781
11.7312644289908
11.6750119755863
11.7410514691634
11.7961639385983
11.8040265577359
11.8422211102493
11.935614144163
12.0935069606002
12.2111067963717
12.4107862654663
12.4025158711496
12.5450030014875
12.7875025755951
12.9187532921127
12.7700554056967
12.95047796891
12.8416363698381
12.7327947707662
12.6239531716943
12.5151115726223
12.7290511208172
12.6818446687308
12.7175980470914
13.0278591691805
12.5791415110046
12.3683778181648
12.3401340566417
12.025950953133
11.8676153539935
12.0507141821634
11.5855608552966
11.0297791894571
10.9877902581981
11.0873957552041
10.6947377102435
10.4145472994087
10.8095557427964
10.6621491213722
10.4271296798426
9.84982072784488
10.1287876216843
9.65744748743435
9.63372675008356
9.27337517018975
9.53109630009973
9.46676879034164
9.12218190747138
9.13361869876621
9.30016020662451
9.61936674211043
9.4228367733241
9.22129707339972
9.22804782090148
9.52900020354049
8.96553124520402
9.11055823503823
8.85691948778393
8.95880035334603
8.64837933502309
8.69078267630734
9.12191370557525
8.75821960613629
9.06656519143264
8.80229292230475
8.69388687669169
8.94294181873472
8.83615821655166
9.21548023406325
9.32587929009566
9.35162382769294
9.29113388506127
9.4623638806855
9.56432655523477
9.42610182368089
9.22320341179363
9.20054295404072
9.58406045843989
9.58294204808587
9.62726968484188
10.2870600797247
10.6049522288271
10.8565900253021
10.8638976691508
10.7114878395349
10.3832726665335
10.0644361951745
10.4439984535035
10.3950274668042
10.2864142868712
10.4570108920141
10.4147565050655
10.3490980827756
10.5008835604209
10.7129467903364
10.8116673448785
10.8364981248731
11.0045952777182
11.1363670776713
10.026165383291
6.20206968874714
7.35838478835974
7.18065957079945
7.38210615690637
8.34148165670111
11.8475418479224
13.5691135459321
14.1657584325623
13.8143687726094
13.3196696339474
13.7052732971782
14.0043416120443
13.7439471499714
13.7936862433573
13.7697932359603
14.0226044613259
13.879465711006
14.0581044317128
