1006.835
1006.8
1006.713
1006.634
1006.56
1006.484
1006.49
1006.436
1006.455
1006.403
1006.353
1006.228
1006.115
1006.043
1006.129
1006.135
1006.051
1005.914
1005.851
1005.833
1005.854
1005.866
1005.878
1005.862
1005.879
1005.84
1005.873
1005.896
1005.934
1005.898
1005.883
1005.906
1005.946
1005.982
1005.945
1005.828
1005.736
1005.632
1005.612
1005.604
1005.575
1005.599
1005.619
1005.695
1005.771
1005.847
1005.923
1005.854
1005.778
1005.66
1005.565
1005.46
1005.403
1005.316
1005.264
1005.238
1005.16
1005.057
1004.962
1004.844
1004.749
1004.657
1004.583
1004.533
1004.475
1004.434
1004.388
1004.37
1004.341
1004.284
1004.201
1004.105
1003.935
1003.828
1003.758
1003.635
1003.453
1003.267
1003.15
1003.08
1002.918
1002.822
1002.665
1002.591
1002.467
1002.338
1002.238
1002.205
1002.107
1002.032
1001.934
1001.832
1001.7
1001.533
1001.424
1001.258
1001.168
1001.03
1000.987
1000.807
1000.772
1000.638
1000.538
1000.394
1000.322
1000.163
999.987
999.8004
999.7414
999.8038
999.8609
999.8041
999.9362
999.9464
999.8936
999.8857
1000.017
999.9095
999.78
999.7041
999.6787
999.6625
999.7536
999.7275
999.2851
998.7727
999.297
999.3716
998.9229
998.8155
998.9532
998.89
998.8604
998.687
998.5809
998.2533
998.1868
997.9499
997.699
997.6942
997.72
997.9928
997.9573
997.8458
