-2.903197
-3.151625
-3.192634
-3.197775
-3.210272
-2.909372
-2.748439
-2.410936
-3.358778
-4.003332
-4.248297
-4.03721
-3.676426
-3.743628
-3.445524
-3.420028
-3.642401
-3.194319
-4.206442
-3.78959
-3.3466
-3.491661
-3.654896
-4.234696
-4.039983
-3.642615
-3.149805
-2.074939
0.8043079
8.131558
22.77032
41.27137
61.62296
83.14334
106.8605
132.3555
159.1078
188.1875
217.3741
246.121
273.6655
303.5712
330.0479
366.818775
403.58965
440.360525
477.1314
475.7169
503.9056
518.7742
562.8043
555.8572
602.5148
602.0213
568.2342
620.0085
680.1215
614.2418
668.8311
726.9033
757.7016
759.1042
689.1248
702.1364
715.8292
809.41
832.1504
810.0096
789.164
796.3449
802.4501
811.173
806.6533
808.9922
801.4835
794.6951
789.1462
779.5043
767.9987
756.4482
740.6035
726.0059
711.794
697.9666
679.7582
662.6457
641.8542
621.9485
597.2141
573.1302
548.3542
522.9218
498.9637
472.9013
444.1192
416.6883
390.2448
361.1168
332.6147
304.5402
276.2408
248.637
218.9151
190.7299
162.7075
122.6917
116.0066
89.61391
58.31087
40.01486
18.48891
4.681202
0.4103944
-2.514828
-1.798364
-2.656538
-2.226895
-2.59163
-2.557588
-2.444005
-3.194551
-2.521553
-1.080937
-0.3448009
0.4000276
-3.233105
-3.377565
-1.547279
-1.782464
-3.741806
-4.153867
-4.157931
-3.019844
-2.073705
-1.389476
-1.11437
-1.010758
-1.04517
-0.9386159
0.304934
0.5958834
0.7477269
0.6995754
0.5534152
