303.7058
302.8218
301.8132
300.9389
300.1759
299.9145
298.7637
297.6151
296.3771
295.1248
293.9236
291.8784
290.5362
290.4117
289.9346
288.1843
287.4044
286.4379
285.8306
285.9968
285.4802
284.971
284.3935
284.1898
283.7863
283.5041
283.0079
282.9666
282.833
282.7538
282.9379
283.0774
283.4262
283.8972
284.1945
284.8257
285.6087
286.9465
288.2221
289.4827
290.6286
291.8109
294.2754
296.312075
298.34875
300.385425
302.4221
303.061
304.3712
305.8766
308.1669
308.3725
310.1607
312.551
314.934
317.5469
318.6749
317.0746
318.6312
320.6231
323.2278
323.0068
320.7748
321.8542
322.7668
324.7728
325.507
325.7899
325.2922
324.7657
324.8926
325.811
325.5135
326.0719
326.6324
327.7973
328.7434
329.0361
329.2742
329.6971
331.1366
330.5959
330.8701
330.0012
330.3151
329.8586
329.4996
329.5851
328.9257
329.1811
330.0886
328.7678
328.8938
328.5821
327.4126
328.5981
327.0835
326.5103
326.2181
324.4753
323.9614
322.8496
321.9842
321.4461
321.0447
320.302
319.8253
319.3643
318.9543
320.0117
321.4291
322.4345
324.1098
328.8005
346.4815
332.2353
320.6619
320.0652
318.9464
319.3169
320.832
323.5816
336.7832
371.0243
377.7215
380.6464
373.324
378.5309
382.1375
381.1504
379.7849
377.0914
378.5259
379.474
380.3808
380.5074
382.305
377.4401
375.4599
382.9109
383.5726
383.1592
382.9326
382.3282
