-66.26231
-66.02976
-67.30206
-68.02544
-68.42252
-68.38139
-70.78411
-74.67174
-76.59441
-76.80898
-76.22368
-76.19418
-76.03603
-74.27367
-72.15852
-75.03408
-75.11073
-79.97718
-80.0919
-79.82997
-81.77473
-82.80468
-83.75208
-82.59522
-81.87872
-82.59203
-83.20555
-81.68173
-78.43246
-75.15411
-65.82305
-52.20654
-38.88759
-24.39603
-8.368957
8.324328
26.05754
46.53334
66.92568
86.41714
106.5106
128.9341
149.663
178.994575
208.32615
237.657725
266.9893
266.4625
287.9655
300.8813
333.5285
328.3791
364.6627
367.0428
343.3947
384.087
427.5443
379.405
418.9968
464.707
486.5515
488.8553
434.3587
443.2734
454.6149
527.1882
542.1777
524.8564
511.6246
514.9429
520.3766
526.0527
521.9053
524.7965
517.73
512.9385
507.8046
502.3407
494.4328
484.7257
471.3583
460.8022
449.1152
438.8563
423.5949
410.2099
394.338
378.2039
359.8391
340.0077
323.6707
302.337
285.6067
264.7095
240.6617
221.212
200.3346
177.5057
156.2409
133.021
112.1102
91.61987
69.38174
49.7103
31.2109
5.022632
0.5469558
-15.78073
-34.16812
-42.80798
-53.81136
-59.98753
-60.25269
-55.64688
-37.84938
-51.39732
-60.46842
-58.46714
-57.76162
-56.33062
-54.34658
-51.11922
-37.90209
-5.554465
-2.130621
-8.270987
-14.62601
-8.5364
-8.821434
-12.56639
-13.494
-14.12719
-10.86507
-9.194257
-8.082059
-9.386456
-7.871229
-12.27684
-12.12331
-4.392491
-4.191941
-4.86201
-5.452197
-5.691879
