0.2639321
0.2639939
0.2640835
0.2641414
0.264256
0.2643618
0.264504
0.2646877
0.2648925
0.2650141
0.2650336
0.2650011
0.2650163
0.2650544
0.2650138
0.2651062
0.2651922
0.2652795
0.2654264
0.2655449
0.2656178
0.2657721
0.265929
0.2660196
0.2660264
0.266055
0.2663098
0.2663895
0.2664029
0.2664948
0.2667957
0.2672321
0.2676547
0.268041
0.2684235
0.2688591
0.2695342
0.2702135
0.2707423
0.2709768
0.2710645
0.2710604
0.2709551
0.27041965
0.2698842
0.26934875
0.2688133
0.2684551
0.2681996
0.2675934
0.2670131
0.2664593
0.2657353
0.2650784
0.2642569
0.2635817
0.2630682
0.2625095
0.2618481
0.2612065
0.2607192
0.2602012
0.2596232
0.2590609
0.2586412
0.2582498
0.2580781
0.2578432
0.2574222
0.2568826
0.2564717
0.256066
0.2556282
0.2551355
0.2547396
0.2543268
0.2539236
0.2535478
0.2531366
0.25278
0.2525639
0.2523687
0.2523021
0.2523041
0.2523251
0.2524062
0.2524423
0.2525387
0.2526368
0.2527509
0.2528563
0.2529216
0.2529416
0.2529278
0.2529472
0.2530133
0.2529461
0.2529362
0.2528504
0.2528099
0.2528513
0.2528459
0.2528788
0.2528782
0.2528243
0.2527938
0.2528031
0.2528751
0.2529435
0.2529824
0.2530868
0.2532148
0.2534932
0.2538225
0.2541659
0.2545247
0.2547476
0.2550245
0.2552997
0.2556152
0.2559288
0.2561378
0.2565027
0.2569411
0.2574508
0.2575895
0.2575023
0.2576832
0.2579652
0.2581413
0.2583168
0.2584581
0.2585601
0.2586865
0.2587787
0.2589099
0.2590256
0.2591306
0.2592098
0.2592781
0.2594169
0.2594841
0.2595907
0.2597212
