236
236.006944444444
236.013888888889
236.020833333333
236.027777777778
236.034722222222
236.041666666667
236.048611111111
236.055555555556
236.0625
236.069444444444
236.076388888889
236.083333333333
236.090277777778
236.097222222222
236.104166666667
236.111111111111
236.118055555556
236.125
236.131944444444
236.138888888889
236.145833333333
236.152777777778
236.159722222222
236.166666666667
236.173611111111
236.180555555556
236.1875
236.194444444444
236.201388888889
236.208333333333
236.215277777778
236.222222222222
236.229166666667
236.236111111111
236.243055555556
236.25
236.256944444444
236.263888888889
236.270833333333
236.277777777778
236.284722222222
236.291666666667
236.298611111111
236.305555555556
236.3125
236.319444444444
236.326388888889
236.333333333333
236.340277777778
236.347222222222
236.354166666667
236.361111111111
236.368055555556
236.375
236.381944444444
236.388888888889
236.395833333333
236.402777777778
236.409722222222
236.416666666667
236.423611111111
236.430555555556
236.4375
236.444444444444
236.451388888889
236.458333333333
236.465277777778
236.472222222222
236.479166666667
236.486111111111
236.493055555556
236.5
236.506944444444
236.513888888889
236.520833333333
236.527777777778
236.534722222222
236.541666666667
236.548611111111
236.555555555556
236.5625
236.569444444444
236.576388888889
236.583333333333
236.590277777778
236.597222222222
236.604166666667
236.611111111111
236.618055555556
236.625
236.631944444444
236.638888888889
236.645833333333
236.652777777778
236.659722222222
236.666666666667
236.673611111111
236.680555555556
236.6875
236.694444444444
236.701388888889
236.708333333333
236.715277777778
236.722222222222
236.729166666667
236.736111111111
236.743055555556
236.75
236.756944444444
236.763888888889
236.770833333333
236.777777777778
236.784722222222
236.791666666667
236.798611111111
236.805555555556
236.8125
236.819444444444
236.826388888889
236.833333333333
236.840277777778
236.847222222222
236.854166666667
236.861111111111
236.868055555556
236.875
236.881944444444
236.888888888889
236.895833333333
236.902777777778
236.909722222222
236.916666666667
236.923611111111
236.930555555556
236.9375
236.944444444444
236.951388888889
236.958333333333
236.965277777778
236.972222222222
236.979166666667
236.986111111111
236.993055555556