12.9822
12.92265
12.63284
12.52647
12.36783
12.35078
12.5201
13.07338
13.22824
12.97618
12.54786
12.20116
12.20009
12.06308
11.99189
11.89093
11.8302
11.96533
11.57708
11.47843
11.64168
11.70278
11.80214
11.59379
11.45401
11.47966
11.56617
11.45518
11.29376
11.46277
11.72139
11.72476
11.868
12.11887
12.40483
12.66959
13.02488
13.39149
13.81013
14.30473
14.62436
14.73207
15.25711
15.4945825
15.732055
15.9695275
16.207
16.25906
16.50727
16.57375
16.95481
17.26474
17.33391
17.53553
17.86497
18.0481
18.40943
18.53807
18.84567
19.00455
19.38055
19.51385
19.65561
19.9829
20.23521
20.40635
20.78452
20.94531
20.93697
20.94355
21.08645
21.3654
21.4165
21.52015
21.72297
21.80667
22.19984
22.2395
22.13058
22.27037
22.55627
22.50417
22.55712
22.6491
22.66255
22.73195
22.92239
22.91147
22.84742
23.09561
23.23429
23.33979
23.18237
23.19197
23.13146
23.42914
23.15263
23.16041
22.86416
22.73279
22.67232
22.63775
22.68918
22.66632
22.32188
22.28155
21.98004
21.47938
20.76787
20.34723
20.12178
19.83294
19.9596
19.46865
18.87557
18.35414
18.09487
17.99013
17.95046
17.75579
17.56601
16.91673
16.59968
15.92732
15.9278
16.22786
15.62441
15.19067
15.94077
16.87437
16.59202
15.7036
15.57739
15.59117
15.30672
15.58406
16.00088
15.94941
15.51838
15.65352
15.81454
15.83248
15.91327
15.70453
