1.412623
1.35681
1.397845
1.414129
1.413411
1.604803
1.796927
2.072142
1.883886
1.578455
1.59286
1.388567
1.314866
1.207199
1.325199
1.469054
1.322104
1.754042
1.631825
1.635757
1.908247
2.133546
2.051363
1.579237
1.60144
1.661615
1.720225
1.639516
1.615665
2.198684
2.098955
1.783219
1.938847
1.503252
1.079855
1.007529
1.017692
1.440316
1.459334
1.015288
1.065416
0.8413576
1.079749
1.39266525
1.7055815
2.01849775
2.331414
2.222833
2.472166
2.295837
1.721963
2.008308
1.781492
1.970004
1.812425
1.77479
1.357415
1.948829
1.700412
2.162497
1.583106
2.278382
1.253246
1.397471
1.857847
1.885133
1.798536
1.461609
2.380704
1.819831
2.30787
1.97928
1.619789
1.827021
1.6777
1.623993
1.662396
2.32071
2.496444
2.672093
2.115096
2.270269
2.366699
2.807539
2.113723
2.26188
2.897023
2.366467
2.10667
0.9333267
1.949223
1.066308
1.632165
1.503472
0.8333136
1.25899
1.149726
1.246579
2.423565
1.388583
1.59747
1.566675
1.051313
1.04981
1.466389
1.340961
1.340793
1.557654
1.444164
1.307978
1.41914
1.437453
1.097816
0.6762468
0.2843657
0.1550078
0.5043023
0.3241915
0.7569354
0.6523385
0.3117347
0.2875294
1.018106
0.7553785
0.7820953
1.074864
0.4023672
0.6780509
0.7779256
0.7333304
1.438653
1.799654
0.5884484
0.7209719
0.1577998
0.5806855
0.6145471
1.573484
1.410919
0.777822
0.6233281
0.8128183
0.2498999
0.5447406
