0.29433
0.14271
0.10025
0.3041
0.26183
0.24067
0.37103
0.28291
0.18956
0.21556
0.07436
0.28795
0.22632
0.34567
0.23917
0.34403
0.43564
0.47716
0.46578
0.45389
0.48969
0.5226
0.5416
0.58619
0.5072
0.54377
0.53935
0.53119
0.72612
0.49009
0.4389
0.50586
0.4509
0.52942
0.48633
0.57361
0.57806
0.56465
0.50116
0.36831
0.45891
0.47436
0.41886
0.46527
0.5204
0.40315
0.41295
0.41397
0.43202
0.40623
0.37451
0.43648
0.40821
0.36419
0.35145
0.33519
0.38873
0.33415
0.35666
0.31052
0.30918
0.42813
0.41767
0.40988
0.44431
0.47264
0.50064
0.49033
0.49452
0.47361
0.50732
0.5055
0.49039
0.51205
0.48422
0.49309
0.53456
0.50328
0.55818
0.55179
0.5284
0.46394
0.6126
0.43256
0.51802
0.33345
0.42243
0.49269
0.41719
0.37179
0.48436
0.286
0.09574
0.05018
0.18269
0.11387
0.22403
0.1322
0.25991
0.13153
0.09743
0.23701
0.08696
0.2534
0.12938
0.12257
0.19048
0.13691
0.13762
0.12491
0.24172
0.22377
0.14809
0.16111
0.07522
0.45771
0.37071
0.39695
0.33008
0.39342
0.42477
0.39165
0.39824
0.45781
0.36305
0.42326
0.3616
0.24535
0.19677
0.25639
0.30641
0.17812
0.05881
0.20881
0.23989
0.22503
0.19112
0.23026
0.17025
0.11065
0.11349
0.08991
0.05694
0.09045
0.05305
0.03636
0.10599
0.02422
0.02946
0.14168
-999
-999
-999
-999
-999
-999
-999
-999
-999
-999
-999
-999
-999
-999
-999
-999
-999
-999
-999
-999
0.08885
0.06356
0.1513
0.18564
0.26867
0.38356
0.34786
0.3534
0.3415
0.30666
0.21982
0.16999
0.15198
0.30918
0.21294
0.19227
0.15413
0.11381
0.12548
0.1199
0.11155
0.03861
0.07905
0.12346
0.04874
0.04276
0.04596
0.06528
0.04219
0.05422
0.08009
0.10147
0.08448
0.11721
0.13695
0.23306
0.21944
0.2262
0.28315
0.30272
0.30613
0.31814
0.41412
0.39501
0.3656
0.42404
0.40895
0.42871
0.43861
0.39901
0.37334
0.30127
0.28446
0.43222
0.47738
0.56763
0.47628
0.36863
0.46726
0.3515
0.42646
0.47425
0.41336
0.36552
0.37752
0.3103
0.29404
0.38331
0.39796
0.31913
0.38941
0.34803
0.32425
0.30604
0.46051
0.41703
0.41481
0.39116
0.31588
0.39829
0.35612
0.37047
0.38798
0.46467
0.46471
0.44691
0.41528
0.38961
0.49538
0.47507
0.46297
0.39843
0.55734
0.28709
0.31375
0.37927
0.49074
0.53149
0.451
0.43045
0.52596
0.4752
0.4597
0.42539
0.44954
0.39388
0.46366
0.44088
0.21343
0.27624
0.36216
0.1798
0.22343
0.12047
0.07141
0.1583
0.2413
0.19662
0.16275
0.16961
0.18194
0.17564
0.18604
0.23924
0.19753
0.19799
0.20289
0.12659
0.15901
0.21068
0.21695
0.22602
0.31223
0.33403
0.40791
0.40561
0.43772
0.43815
0.44966
0.48233
0.4666
0.47301
0.46223
0.46684
0.49448
0.34222
0.34787
0.46744
0.3187
0.2767
0.39905
0.28023
0.35371
0.28576
0.17296
0.28782
0.26243
0.24105
0.19447
0.17091
0.15955
0.11019
0.09167
0.0539
0.00917
0.02904
0.08026
0.10449
0.1069
0.15782
0.15107
0.09566
0.15172
0.16911
0.11994
0.12945
0.13428
0.1254
0.10411
0.24209
0.23867
0.29181
0.27571
0.27544
0.22352
0.28118
0.19111
0.1911
0.29999
0.22799
0.22949
0.21805
0.18631
0.12277
0.23017
0.22623
0.15773
0.2508
0.16898
0.21807
0.21428
0.16871
0.17841
0.17708
0.17997
0.01033
0.11024
0.0383
0.03923
0.03178
0.05238
0.03286
0.11377
0.07212
0.11308
0.01598
0.02468
0.05244
0.07522
0.0639
0.01321
0.03573
0.02247
0.03691
0.07147
0.06595
0.05363
0.07436
0.07698
0.043
0.11572
0.11208
0.16182
0.21432
0.25392
0.28875
0.25388
0.29268
0.19986
0.25591
0.2584
0.25702
0.31697
0.2702
0.21307
0.25629
0.22351
0.26836
0.32453
0.29794
0.26604
0.25718
0.27734
0.30958
0.25093
0.22276
0.21545
0.2641
0.24538
0.18166
0.13545
0.07502
0.07932
0.10751
0.08775
0.07048
0.04745
0.07073
0.04109
0.0569
0.06674
0.06674
0.07163
0.03077
0.06684
0.10166
0.21669
0.22329
0.19402
0.24434
0.19743
0.21517
0.25526
0.23832
0.29387
0.31425
0.25306
0.27534
0.37442
0.37773
0.37456
0.36065
0.35758
0.37346
0.30692
0.27963
0.29225
0.33793
0.27599
0.25752
0.17693
0.15285
0.10546
0.12574
0.05216
0.09372
0.12231
0.17852
0.22232
0.14645
0.19018
0.24959
0.25236
0.20646
0.17277
0.20195
0.19673
0.25293
0.22894
0.22154
0.21774
0.11673
0.20763
0.23657
0.21805
0.22288
0.16729
0.2383
0.25891
0.19222
0.24451
0.29471
0.34246
0.32769
0.29856
0.32525
0.31249
0.41188
0.39743
0.39902
0.34372
0.37926
0.41064
0.35936
0.36756
0.37797
0.32472
0.34381
0.30029
0.26178
0.23345
0.20243
0.25561
0.17514
0.21324
0.14351
0.14127
0.17492
0.13365
0.14679
0.15189
0.09893
0.14199
0.15623
0.25372
0.12767
0.1287
0.14272
0.10833
0.06481
0.0707
0.13952
0.15329
0.17353
0.21712
0.23717
0.24042
0.23498
0.21667
0.15622
0.22631
0.16952
0.16015
0.33803
0.11223
0.13179
0.05928
0.18147
0.1846
0.12672
0.17494
0.0873
0.03095
0.05743
0.13728
0.12566
0.19088
0.10987
0.09136
0.02436
0.03265
0.0045
0.00812
0.0602
0.0329
0.06255
0.05941
0.02926
0.06269
0.07032
0.03729
0.08099
0.10283
0.06584
0.04166
0.03039
0.09538
0.09459
0.1199
0.13493
0.16032
0.18714
0.17346
0.2335
0.30498
0.33716
0.33764
0.29641
0.2088
0.28417
0.27947
0.26416
0.18432
0.17731
0.22946
0.38045
0.30164
0.24895
0.43879
0.41809
0.49721
0.33109
0.27517
0.49307
0.23568
0.33932
0.17403
0.11589
0.27136
0.39743
0.23887
0.38322
0.33976
0.39847
0.44654
0.26292
0.27059
0.25203
0.2284
0.13289
0.10075
0.14962
0.19414
0.08455
0.00606
0.0832
0.09873
0.19544
0.17999
0.05633
0.16514
0.08485
0.08499
0.11568
0.17092
0.15133
0.12531
0.13315
0.16792
0.15055
0.12904
0.04146
0.06411
0.09901
0.11715
0.09312
0.17339
0.07658
-999
-999
-999
0.09582
0.08243
0.10656
0.09166
0.08379
0.06392
0.0558
0.04686
0.00349
0.08475
0.07399
0.05324
0.09334
0.08591
0.08537
0.08873
0.10667
0.09868
0.17856
0.14843
0.09504
0.0964
0.10395
0.0644
0.11339
0.14992
0.08574
0.09239
0.1277
0.13049
0.13117
0.14697
0.16455
0.14913
0.15313
0.2643
0.24565
0.34246
0.36846
0.3448
0.3481
0.36923
0.31324
0.3406
0.34998
0.36411
0.28293
0.19938
0.20088
0.11367
0.13622
0.15318
0.17888
0.13196
0.11311
0.12778
0.08203
0.11177
0.04058
0.03478
0.08069
0.05718
0.08158
0.06888
0.05667
0.10228
0.08345
0.10508
0.05582
0.07589
0.09317
0.12263
0.14219
0.20185
0.20746
0.1566
0.17218
0.15215
0.12776
0.13832
0.12907
0.17237
0.13231
0.23506
0.23267
0.27271
0.21191
0.21442
0.15557
0.13326
0.25739
0.29605
0.10552
0.04315
0.09837
0.29055
0.2573
0.23289
0.19933
0.15423
0.11889
0.18689
0.20004
0.24936
0.22314
0.17401
0.07084
0.03911
0.11881
0.12552
0.18299
0.19415
0.13301
0.07905
0.14794
0.16585
0.17803
0.21203
0.24269
0.22258
0.19004
0.22222
0.22086
0.38622
0.36715
0.365
0.38974
0.40265
0.43985
0.44438
0.41161
0.36316
0.37265
0.466
0.34709
0.37337
0.39819
0.38268
0.35648
0.32225
0.40787
0.36107
0.3152
0.23456
0.30324
0.28526
0.28593
0.17337
-999
-999
-999
-999
-999
-999
-999
-999
-999
-999
-999
-999
-999
-999
-999
-999
-999
-999
-999
-999
-999
-999
-999
-999
-999
-999
-999
-999
-999
-999
0.43899
0.38141
0.45002
0.43966
0.43362
0.4659
0.34544
0.49653
0.44926
0.54835
0.57282
0.53725
0.537
0.52736
0.45535
0.3892
0.46817
0.36231
0.23065
0.21081
0.24196
0.15705
0.127
0.11713
0.12046
0.16165
0.07775
0.02952
0.09342
0.09634
0.05691
0.05951
0.09536
0.01713
0.0732
0.05609
0.05871
0.11405
0.19024
0.22943
0.3016
0.2587
0.34896
0.34637
0.3602
-999
-999
-999
-999
-999
-999
-999
-999
-999
0.3667
-999
0.4138
-999
0.38949
0.46039
0.45865
0.45485
0.48234
0.44694
0.395
0.28132
0.23143
0.13885
0.06416
0.08715
0.11931
0.15089
0.12467
0.09503
0.07885
0.09891
0.09553
0.07031
0.0622
0.02988
0.05781
0.03189
0.06081
0.06358
0.0455
0.04932
0.11966
0.06439
0.08985
0.12891
0.11744
0.01885
0.16049
0.2423
0.35291
0.20599
0.32322
0.25234
0.265
0.25162
0.18786
0.29264
0.35806
0.29101
0.34955
0.37171
0.33641
0.36376
0.39739
0.38819
0.43682
0.3614
0.33974
0.35985
0.39709
0.3003
0.3511
0.39108
0.32103
0.33234
0.2627
0.24442
0.34905
0.27153
0.25734
0.27664
0.26117
0.20471
0.17227
0.12604
0.10709
0.15064
0.10595
0.04546
0.05496
0.02828
0.03804
0.17752
0.15327
0.21064
0.14594
0.24991
0.28318
0.23316
0.23898
0.1785
0.36716
0.36585
0.34732
0.41839
0.44049
0.38679
0.43172
0.43079
0.31717
0.3146
0.2541
0.2349
0.23222
0.16932
0.31973
0.35273
0.36455
0.38227
0.33193
0.32389
0.29612
0.25008
0.23241
0.28145
0.33937
0.37136
0.22515
0.21841
0.29505
0.3029
0.28842
0.27239
0.22498
0.15223
0.14565
0.16127
0.17287
0.19298
0.22541
0.21836
0.24588
0.26505
0.32538
0.28147
0.29817
0.3122
0.26276
0.36931
0.36337
0.34042
0.33046
0.24414
0.31712
0.28953
0.30198
0.18862
0.29323
0.27922
0.28788
0.25258
0.33994
0.39912
0.43421
0.56757
0.46085
0.39397
0.36489
0.41843
0.43052
0.42967
0.35668
0.31118
0.3503
0.31473
0.39198
0.34195
0.34188
0.30536
0.24123
0.25161
0.2897
0.29339
0.43819
0.46115
0.32103
0.33645
0.39583
0.44802
0.51003
0.45423
0.49228
0.41821
0.47517
0.52592
0.48831
0.54516
0.5212
0.5043
0.49871
0.52084
0.51932
0.51023
0.45436
0.48114
0.50831
0.48063
0.47363
0.39719
0.39684
0.38323
0.35226
0.34226
0.32032
0.32079
0.27416
0.27237
0.27982
0.25351
0.21756
0.2692
0.26215
0.234
0.36312
0.24325
0.44424
0.48032
0.47945
0.41316
0.46385
0.42842
0.35116
0.35766
0.41557
0.28249
0.32446
0.35391
0.3335
0.31368
0.29726
0.26342
0.29381
0.36335
0.42753
0.39221
0.42179
0.45966
0.46158
0.42523
0.46239
0.44156
0.43307
0.47153
0.43243
0.37924
0.2504
0.26123
0.24965
0.23935
0.25204
0.21604
0.14409
0.13881
0.25198
0.17042
0.20238
0.19491
0.2277
0.22127
0.19935
0.12055
0.10464
0.04702
0.10019
0.03125
0.00715
0.08567
0.04435
0.02875
0.04532
0.02135
0.03295
0.07429
0.28237
0.34883
0.35637
0.30328
0.33823
0.33943
0.35998
0.38598
0.4136
0.43517
0.40503
0.33162
0.3119
0.32823
0.35045
0.3381
0.35407
0.34911
0.35463
0.33933
0.42842
0.39099
0.31871
0.36487
0.30046
0.26075
0.23914
0.19952
0.14893
0.07368
0.07188
0.10295
0.0093
0.04001
0.0907
0.0426
0.11938
0.15797
0.14267
0.18437
0.2091
0.17945
0.19593
0.18416
0.17333
0.13414
0.09743
0.12453
0.16741
0.16904
0.15748
0.09994
0.19039
0.20368
0.2938
0.22655
0.33217
0.38603
0.39907
0.44793
0.27475
0.3755
0.371
0.35845
0.45955
0.34821
0.35881
0.2374
0.35551
0.25324
0.19382
0.23114
0.25807
0.19192
0.12859
0.12662
0.09394
0.09916
0.16435
0.18254
0.21816
0.17101
0.16033
0.15516
0.07752
0.03249
0.09926
0.07292
0.0676
0.0686
0.00856
0.04048
0.0581
0.12072
0.10658
0.10066
0.15068
0.17384
0.17691
0.24426
0.21392
0.24486
0.27669
0.28029
0.26067
0.32658
0.3535
0.32803
0.33455
0.34086
0.28678
0.21398
0.16568
0.25573
0.19127
0.12304
0.16487
0.18901
0.10948
0.07569
0.12779
0.12986
0.02714
0.03827
0.06486
0.10422
0.22701
0.1335
0.084
0.05504
0.0645
0.0471
0.06649
0.19326
0.02842
0.09088
0.11616
0.1366
0.11139
0.07698
0.09552
0.07858
0.09824
0.12082
0.10725
0.07543
0.12978
0.13878
0.189
0.09007
0.12647
0.1589
0.2186
0.09599
0.16632
0.15671
0.21168
0.25055
0.21699
0.3272
0.32776
0.30403
0.32045
0.27765
0.35644
0.30593
0.28451
0.16881
0.14629
0.05961
0.14329
0.05394
0.0664
0.14875
0.13334
0.11768
0.06467
0.09325
0.04976
0.05552
0.0617
0.14658
0.07641
0.20728
0.22523
0.17397
0.23282
0.24065
0.1384
0.23437
0.17517
0.1538
0.16283
0.20288
0.28641
0.26097
0.30559
0.3355
0.27026
0.28712
0.34003
0.35675
0.39388
0.41369
0.49853
0.47278
0.48636
0.473
0.4671
0.50325
0.47673
0.44262
0.46684
0.43164
0.4414
0.4456
0.41649
0.37671
0.23361
0.13632
0.107
0.26107
0.23825
0.24977
0.18998
0.15255
0.19237
0.25357
0.28882
0.36271
0.34068
0.34537
0.30758
0.2405
0.33521
0.41923
0.38772
0.40101
0.32
0.35634
0.38311
0.35723
0.43672
0.45933
0.44355
0.43307
0.39484
0.39582
0.42727
0.43893
0.35309
0.38621
0.36707
0.34424
0.35538
0.3135
0.46666
0.43623
0.43146
0.37477
0.35419
0.38544
0.42994
0.398
0.33225
0.35218
0.36299
0.36617
0.38633
0.31502
0.32791
0.31947
0.25097
0.20405
0.27676
0.27103
0.20837
0.22602
0.08588
0.05655
0.0189
0.01948
0.05045
0.12877
0.10371
0.1252
0.22671
0.26368
0.28448
0.26541
0.27988
0.36644
0.26446
0.30669
0.30685
0.3379
0.3587
0.3093
0.42068
0.30153
0.36005
0.3147
0.28454
0.31315
0.35623
0.39711
0.37081
0.29467
0.27734
0.26585
0.24663
0.22806
0.14346
0.10425
0.11119
0.14265
0.08702
0.09683
0.01365
0.04567
0.04339
0.03075
0.05041
0.0327
0.06782
0.0506
0.04871
0.0378
0.04393
0.00726
0.02568
0.04569
0.03186
0.03489
0.12063
0.21286
0.24008
0.20688
0.23417
0.26607
0.23774
0.21256
0.2491
0.30074
0.277
0.22896
0.35453
0.18368
0.29605
0.30663
0.22127
0.31846
-999
-999
0.2979
0.34636
0.29397
0.27831
0.29846
0.25658
0.26629
0.22028
0.18219
0.27133
0.19897
0.1671
0.18238
0.23814
0.17792
0.1924
0.15399
0.10325
0.02173
0.02084
0.06949
0.07503
0.02654
0.05031
0.07341
0.09031
0.07065
0.08855
0.06654
0.10472
0.13931
0.11051
0.14865
0.14231
0.09355
0.20099
0.23456
0.24376
0.20505
0.25692
0.15536
0.22232
0.22188
0.19903
0.27017
0.29137
0.15416
0.21391
0.17429
0.24166
0.21943
0.16585
0.1998
0.19987
0.14709
0.13523
0.13552
0.12965
0.05304
0.01492
0.03416
0.02378
0.02251
0.06029
0.08311
0.04054
0.05179
0.05703
0.05003
0.048
0.05964
0.01438
0.04871
0.03724
0.01986
0.08077
0.027
0.10537
0.17447
0.24105
0.27038
0.23421
0.33012
0.36114
0.40576
0.3758
0.29693
0.36947
0.35087
0.38185
0.29671
0.36956
0.38375
0.33992
0.41101
0.45988
0.473
0.42624
0.40799
0.45197
0.42167
0.44477
0.39559
0.39939
0.42171
0.31438
0.23313
0.2039
0.28599
0.24928
0.14604
0.16996
0.25619
0.18683
0.21163
0.16637
0.14463
0.19544
0.20816
0.13719
0.06575
0.1908
0.08605
0.11576
0.23066
0.20703
0.17379
0.29236
0.27813
0.29411
0.27792
0.1777
-999
-999
-999
-999
-999
-999
-999
-999
-999
-999
-999
-999
0.37717
0.17301
0.35251
0.37712
0.21658
0.43349
0.17187
0.16521
0.16111
0.20759
0.19976
0.17998
0.04586
0.18327
0.10722
0.11653
0.22791
0.08949
0.20087
0.22283
0.15175
0.20351
0.07929
0.05358
0.1466
0.04561
0.06348
0.2566
0.25199
0.03275
0.25709
0.29724
0.24453
0.29195
0.24405
0.21794
0.2652
0.24533
0.20981
0.24989
0.25092
0.18842
0.25189
0.29054
0.30121
0.22169
0.29315
0.23259
0.28758
0.24792
0.28851
0.34675
0.23464
0.22194
0.26097
0.22499
0.22719
0.12658
0.07671
0.02823
0.06352
0.06324
0.02936
0.08633
0.07545
0.03807
0.01636
0.07693
0.01307
0.04149
0.10666
0.02994
0.04712
0.05036
0.08868
0.08977
0.12179
0.14434
0.12129
0.19897
0.21287
0.18739
0.26638
0.1918
0.30651
0.34031
0.31049
0.36179
0.33911
0.34556
0.30865
0.3784
0.36392
0.29705
0.39986
0.43771
0.35782
0.33296
0.3836
0.37007
0.39759
0.41776
0.40607
0.30185
0.39027
0.2735
0.24714
0.27048
0.15953
0.14045
0.13886
0.14754
0.12219
0.11061
0.10827
0.15854
0.15643
0.11251
0.16578
0.14332
0.12516
0.15581
0.14562
0.17215
0.20378
0.27058
0.28644
0.32021
0.31721
0.32288
0.38777
0.37526
0.35691
0.40774
0.47399
0.44972
0.39456
0.39035
0.50941
0.51273
0.62456
0.62091
0.61703
0.60639
0.66628
0.62007
0.59894
0.60823
0.50356
0.39743
0.3321
0.44684
0.47549
0.63345
0.43675
0.48899
0.46346
0.44647
0.51594
0.56024
0.50932
0.54137
0.51153
0.42052
0.41352
0.39531
0.44416
0.49191
0.38847
0.41889
0.39103
0.35583
0.23887
0.25441
0.27176
0.35738
0.38828
0.38967
0.49358
0.62081
0.56912
0.63556
0.67886
0.5579
0.55903
0.55961
0.60917
0.55427
0.60975
0.61937
0.62084
0.66414
0.49798
0.42288
0.4823
0.50151
0.6036
0.61808
0.53717
0.56497
0.6253
0.53079
0.43148
0.4572
0.34057
0.40703
0.47941
0.36065
0.41004
0.42024
0.37285
0.31776
0.37319
0.33937
0.28506
0.30643
0.3301
0.29447
0.30906
0.31637
0.30484
0.37266
0.3971
0.4655
0.37684
0.45176
0.53584
0.5472
0.53956
-999
-999
-999
-999
-999
-999
-999
-999
-999
-999
-999
-999
-999
-999
-999
-999
-999
-999
-999
-999
-999
-999
-999
-999
-999
-999
-999
-999
-999
-999
-999
-999
-999
-999
-999
-999
-999
-999
-999
-999
-999
-999
-999
-999
-999
-999
-999
-999
-999
-999
-999
-999
-999
-999
-999
-999
-999
-999
-999
-999
-999
-999
-999
-999
-999
-999
-999
-999
-999
-999
-999
-999
-999
-999
-999
-999
-999
-999
-999
-999
-999
-999
-999
-999
-999
-999
-999
-999
-999
-999
-999
-999
-999
-999
-999
-999
-999
-999
-999
-999
-999
-999
-999
-999
-999
-999
-999
-999
-999
-999
-999
-999
-999
-999
-999
-999
-999
-999
-999
-999
-999
-999
-999
-999
-999
-999
-999
-999
-999
-999
-999
-999
-999
-999
-999
-999
-999
-999
-999
-999
-999
-999
-999
-999
-999
-999
-999
-999
-999
-999
-999
-999
-999
-999
-999
-999
-999
-999
-999
-999
-999
-999
-999
-999
-999
-999
-999
-999
-999
-999
-999
-999
-999
-999
-999
-999
-999
-999
-999
-999
-999
-999
-999
-999
-999
-999
-999
-999
-999
-999
-999
-999
-999
-999
-999
-999
-999
-999
-999
-999
-999
-999
-999
-999
-999
-999
-999
-999
-999
-999
-999
-999
-999
-999
-999
-999
-999
-999
-999
-999
-999
-999
-999
-999
-999
-999
-999
-999
-999
-999
-999
-999
-999
-999
-999
-999
-999
-999
-999
-999
-999
-999
-999
-999
-999
-999
-999
-999
-999
-999
-999
-999
-999
-999
-999
-999
-999
-999
-999
-999
-999
-999
-999
-999
-999
-999
-999
-999
-999
-999
-999
-999
-999
-999
-999
-999
-999
-999
-999
-999
-999
-999
-999
-999
-999
-999
-999
-999
-999
-999
-999
-999
-999
-999
-999
-999
-999
-999
-999
-999
-999
-999
-999
-999
-999
-999
-999
-999
-999
-999
-999
-999
-999
-999
-999
-999
-999
-999
-999
-999
-999
-999
-999
-999
-999
-999
-999
-999
-999
-999
-999
-999
-999
-999
-999
-999
-999
-999
-999
-999
-999
-999
-999
-999
-999
-999
-999
-999
-999
-999
-999
-999
-999
-999
-999
-999
-999
-999
-999
-999
-999
-999
-999
-999
-999
-999
-999
-999
-999
-999
-999
-999
-999
-999
-999
-999
-999
-999
-999
-999
-999
-999
-999
-999
-999
-999
-999
-999
-999
-999
-999
-999
-999
-999
-999
-999
-999
-999
-999
-999
-999
-999
-999
-999
-999
-999
-999
-999
-999
-999
-999
-999
-999
-999
-999
-999
-999
-999
-999
-999
-999
-999
-999
-999
-999
-999
-999
-999
-999
-999
-999
-999
-999
-999
-999
-999
-999
-999
-999
-999
-999
-999
-999
-999
-999
-999
-999
-999
-999
-999
-999
-999
-999
-999
-999
-999
-999
-999
-999
-999
-999
-999
-999
-999
-999
-999
-999
-999
-999
-999
-999
-999
-999
-999
-999
-999
-999
-999
-999
-999
-999
-999
-999
-999
-999
-999
-999
-999
-999
-999
-999
-999
-999
-999
-999
-999
-999
-999
-999
-999
-999
-999
-999
-999
-999
-999
-999
-999
-999
-999
-999
-999
-999
-999
-999
-999
-999
-999
-999
-999
-999
-999
-999
-999
-999
-999
-999
-999
-999
-999
-999
-999
-999
-999
-999
-999
-999
-999
-999
-999
-999
-999
-999
-999
-999
-999
-999
-999
-999
-999
-999
-999
-999
-999
-999
-999
-999
-999
-999
-999
-999
-999
-999
-999
-999
-999
-999
-999
-999
-999
-999
-999
-999
-999
-999
-999
-999
-999
-999
-999
-999
-999
-999
-999
-999
-999
-999
-999
-999
-999
-999
-999
-999
-999
-999
-999
-999
-999
-999
-999
-999
-999
-999
-999
-999
-999
-999
-999
-999
-999
-999
-999
-999
-999
-999
-999
-999
-999
-999
-999
-999
-999
-999
-999
-999
-999
-999
-999
-999
-999
-999
-999
-999
-999
-999
-999
-999
-999
-999
-999
-999
-999
-999
-999
-999
-999
-999
-999
-999
-999
-999
-999
-999
-999
-999
-999
-999
-999
-999
-999
-999
-999
-999
-999
-999
-999
-999
-999
-999
-999
-999
-999
-999
-999
-999
-999
-999
-999
-999
-999
-999
-999
-999
-999
-999
-999
-999
-999
-999
-999
-999
-999
-999
-999
-999
-999
-999
-999
-999
-999
-999
-999
-999
-999
-999
-999
-999
-999
-999
-999
-999
-999
-999
-999
-999
-999
-999
-999
-999
-999
-999
-999
-999
-999
-999
-999
-999
-999
-999
-999
-999
-999
-999
-999
-999
-999
-999
-999
-999
-999
-999
-999
-999
-999
-999
-999
-999
-999
-999
-999
-999
-999
-999
-999
-999
-999
-999
-999
-999
-999
-999
-999
-999
-999
-999
-999
-999
-999
-999
-999
-999
-999
-999
-999
-999
-999
-999
-999
-999
-999
-999
-999
-999
-999
-999
-999
-999
-999
-999
-999
-999
-999
-999
-999
-999
-999
-999
-999
-999
-999
-999
-999
-999
-999
-999
-999
-999
-999
-999
-999
-999
-999
-999
-999
-999
-999
-999
-999
-999
-999
-999
-999
-999
-999
-999
-999
-999
-999
-999
-999
-999
-999
-999
-999
-999
-999
-999
-999
-999
-999
-999
-999
-999
-999
-999
-999
-999
-999
-999
-999
-999
-999
-999
-999
-999
-999
-999
-999
-999
-999
-999
-999
-999
-999
-999
-999
-999
-999
-999
-999
-999
-999
-999
-999
-999
-999
-999
-999
-999
-999
-999
-999
-999
-999
-999
-999
-999
-999
-999
-999
-999
-999
-999
-999
-999
-999
-999
-999
-999
-999
-999
-999
-999
-999
-999
-999
-999
-999
-999
-999
-999
-999
-999
-999
-999
-999
-999
-999
-999
-999
-999
-999
-999
-999
-999
-999
-999
-999
-999
-999
-999
-999
-999
-999
-999
-999
-999
-999
-999
-999
-999
-999
-999
-999
-999
-999
-999
-999
-999
-999
-999
-999
-999
-999
-999
-999
-999
-999
-999
-999
-999
-999
-999
-999
-999
-999
-999
-999
-999
-999
-999
-999
-999
-999
-999
-999
-999
-999
-999
-999
-999
-999
-999
-999
-999
-999
-999
-999
-999
-999
-999
-999
-999
-999
-999
-999
-999
-999
-999
-999
-999
-999
-999
-999
-999
-999
-999
-999
-999
-999
-999
-999
-999
-999
-999
-999
-999
-999
-999
-999
-999
-999
-999
-999
-999
-999
-999
-999
-999
-999
-999
-999
-999
-999
-999
-999
-999
-999
-999
-999
-999
-999
-999
-999
-999
-999
-999
-999
-999
-999
-999
-999
-999
-999
-999
-999
-999
-999
-999
-999
-999
-999
-999
-999
-999
-999
-999
-999
-999
-999
-999
-999
-999
-999
-999
-999
-999
-999
-999
-999
-999
-999
-999
-999
-999
-999
-999
-999
-999
-999
-999
-999
-999
-999
-999
-999
-999
-999
-999
-999
-999
-999
-999
-999
-999
-999
-999
-999
-999
-999
-999
-999
-999
-999
-999
-999
-999
-999
-999
-999
-999
-999
-999
-999
-999
-999
-999
-999
-999
-999
-999
-999
-999
-999
-999
-999
-999
-999
-999
-999
-999
-999
-999
-999
-999
-999
-999
-999
-999
-999
-999
-999
-999
-999
-999
-999
-999
-999
-999
-999
-999
-999
-999
-999
-999
-999
-999
-999
-999
-999
-999
-999
-999
-999
-999
-999
-999
-999
-999
-999
-999
-999
-999
-999
-999
-999
-999
-999
-999
-999
-999
-999
-999
-999
-999
-999
-999
-999
-999
-999
-999
-999
-999
-999
-999
-999
-999
-999
-999
-999
-999
-999
-999
-999
-999
-999
-999
-999
-999
-999
-999
-999
-999
-999
-999
-999
-999
-999
-999
-999
-999
-999
-999
-999
-999
-999
-999
-999
-999
-999
-999
-999
-999
-999
-999
-999
-999
-999
-999
-999
-999
-999
-999
-999
-999
-999
-999
-999
-999
-999
-999
-999
-999
-999
-999
-999
-999
-999
-999
-999
-999
-999
-999
-999
-999
-999
-999
-999
-999
-999
-999
-999
-999
-999
-999
-999
-999
-999
-999
-999
-999
-999
-999
-999
-999
-999
-999
-999
-999
-999
-999
-999
-999
-999
-999
-999
-999
-999
-999
-999
-999
-999
-999
-999
-999
-999
-999
-999
-999
-999
-999
-999
-999
-999
-999
-999
-999
-999
-999
-999
-999
-999
-999
-999
-999
-999
-999
-999
-999
-999
-999
-999
-999
-999
-999
-999
-999
-999
-999
-999
-999
-999
-999
-999
-999
-999
-999
-999
-999
-999
-999
-999
-999
-999
-999
-999
-999
-999
-999
-999
-999
-999
-999
-999
-999
-999
-999
-999
-999
-999
-999
-999
-999
-999
-999
-999
-999
-999
-999
-999
-999
-999
-999
-999
-999
-999
-999
-999
-999
-999
-999
-999
-999
-999
-999
-999
-999
-999
-999
-999
-999
-999
-999
-999
-999
-999
-999
-999
-999
-999
-999
-999
-999
-999
-999
-999
-999
-999
-999
-999
-999
-999
-999
-999
-999
-999
-999
-999
-999
-999
-999
-999
-999
-999
-999
-999
-999
-999
-999
-999
-999
-999
-999
-999
-999
-999
-999
-999
-999
-999
-999
-999
-999
-999
-999
-999
-999
-999
-999
-999
-999
-999
-999
-999
-999
-999
-999
-999
-999
-999
-999
-999
-999
-999
-999
-999
-999
-999
-999
-999
-999
-999
-999
-999
-999
-999
-999
-999
-999
-999
-999
-999
-999
-999
-999
-999
-999
-999
-999
-999
-999
-999
-999
-999
-999
-999
-999
-999
-999
-999
-999
-999
-999
-999
-999
-999
-999
-999
-999
-999
-999
-999
-999
-999
-999
-999
-999
-999
-999
-999
-999
-999
-999
-999
-999
-999
-999
-999
-999
-999
-999
-999
-999
-999
-999
-999
-999
-999
-999
-999
-999
-999
-999
-999
-999
-999
-999
-999
-999
-999
-999
-999
-999
-999
-999
-999
-999
-999
-999
-999
-999
-999
-999
-999
-999
-999
-999
-999
-999
-999
-999
-999
-999
-999
-999
-999
-999
-999
-999
-999
-999
-999
-999
-999
-999
-999
-999
-999
-999
-999
-999
-999
-999
-999
-999
-999
-999
-999
-999
-999
-999
-999
-999
-999
-999
-999
-999
-999
-999
-999
-999
-999
-999
-999
-999
-999
-999
-999
-999
-999
-999
-999
-999
-999
-999
-999
-999
-999
-999
-999
-999
-999
-999
-999
-999
-999
-999
-999
-999
-999
-999
-999
-999
-999
-999
-999
-999
-999
-999
-999
-999
-999
-999
-999
-999
-999
-999
-999
-999
-999
-999
-999
-999
-999
-999
-999
-999
-999
-999
-999
-999
-999
-999
-999
-999
-999
-999
-999
-999
-999
-999
-999
-999
-999
-999
-999
-999
-999
-999
-999
-999
-999
-999
-999
-999
-999
-999
-999
-999
-999
-999
-999
-999
-999
-999
-999
-999
-999
-999
-999
-999
-999
-999
-999
-999
-999
-999
-999
-999
-999
-999
-999
-999
-999
-999
-999
-999
-999
-999
-999
-999
-999
-999
-999
-999
-999
-999
-999
-999
-999
-999
-999
-999
-999
-999
-999
-999
-999
-999
-999
-999
-999
-999
-999
-999
-999
-999
-999
-999
-999
-999
-999
-999
-999
-999
-999
-999
-999
-999
-999
-999
-999
-999
-999
-999
-999
-999
-999
-999
-999
-999
-999
0.28005
0.30584
0.23249
0.25037
0.12529
0.14306
0.10336
0.09443
0.11692
0.11766
0.11759
0.10586
0.11708
0.10525
0.11567
0.14752
0.2113
0.16897
0.17189
0.20478
0.18883
0.25289
0.35363
0.29457
0.36018
0.35156
0.32625
0.32894
0.39991
0.34414
0.03329
0.21476
0.19275
0.19072
0.22928
0.25667
0.22946
0.14324
0.05992
0.03018
0.07147
0.04725
0.01339
0.01446
0.02492
0.02229
0.0823
0.14357
0.21417
0.24215
0.29662
0.29282
0.23593
0.19186
0.27091
0.18952
0.15178
0.15422
0.03641
0.02935
0.03297
0.02621
0.06466
0.12751
0.19068
0.21228
0.267
0.21228
0.30849
0.19177
0.25576
0.31172
0.31799
0.26015
0.32842
0.29434
0.29026
0.31796
0.26735
0.30453
0.29143
0.22918
0.20118
0.22611
0.20877
0.13034
0.24382
0.22107
0.26097
0.19602
0.08289
0.07583
0.17295
0.1477
0.04105
0.0726
0.08281
0.14541
0.11384
0.09795
0.10934
0.03965
0.08465
0.07709
0.13148
0.21436
0.1556
0.18384
0.12661
0.118
0.15645
0.21934
0.24948
0.2756
0.30222
0.335
0.37751
0.43876
0.44691
0.40156
0.46377
0.54617
0.48998
0.54637
0.53003
0.54528
0.50438
0.49724
0.54264
0.58049
0.5406
0.54798
0.45709
0.35811
0.36831
0.25342
0.2131
0.19278
0.10165
0.11528
0.04772
0.08945
0.22657
0.24308
0.19628
0.18059
0.17047
0.12648
0.18062
0.22897
0.2356
0.16314
0.17918
0.16246
0.18481
0.28913
0.19996
0.19143
0.22005
0.34401
0.29403
0.29906
0.24123
0.35835
0.15358
0.26269
0.20803
0.33862
0.34828
0.38311
0.32975
0.36084
0.344
0.43329
0.38124
0.29733
0.35048
0.26411
0.28991
0.29425
0.28619
0.18747
0.09416
0.05721
0.02551
0.03832
0.03014
0.04466
0.20272
0.14961
0.19173
0.14713
-999
-999
-999
-999
-999
-999
-999
-999
-999
-999
-999
-999
-999
-999
-999
-999
-999
-999
-999
-999
-999
-999
-999
-999
-999
-999
-999
-999
-999
-999
-999
-999
-999
-999
-999
-999
-999
-999
-999
-999
-999
-999
-999
-999
-999
-999
-999
-999
-999
-999
-999
-999
-999
-999
-999
-999
-999
-999
-999
-999
-999
-999
-999
-999
-999
-999
-999
-999
-999
-999
-999
-999
-999
-999
-999
-999
-999
-999
-999
-999
-999
-999
-999
-999
-999
-999
-999
-999
-999
-999
-999
-999
-999
-999
-999
-999
0.02574
0.02067
0.03392
0.02241
0.03664
0.02264
0.02564
0.03251
0.04579
0.0229
0.06961
0.04959
0.08102
0.01766
0.05081
0.10563
0.01743
0.07091
0.13381
0.19113
0.18462
0.16455
0.25536
0.22552
0.27016
0.23345
0.23392
0.25894
0.29243
0.1948
0.26865
0.17429
0.3429
0.33477
0.20291
0.30332
0.09253
0.17408
0.24728
0.21847
0.14163
0.17012
0.0815
0.09935
0.0606
0.12685
0.11859
0.10952
0.12303
0.13524
0.12446
0.0801
0.0053
0.0525
0.02701
0.01611
0.01913
0.02592
0.02528
0.06676
0.08078
0.03526
0.0288
0.06458
0.18047
0.20803
0.2433
0.30039
0.294
0.27368
0.26793
0.29554
0.23001
0.18404
0.29495
0.31637
0.31413
0.24367
0.27943
0.25814
0.22109
0.25062
0.2286
0.21629
0.3261
0.30947
0.27462
0.2018
0.12403
0.05404
0.02574
0.01508
0.03251
0.04949
0.01806
0.01589
0.04512
0.01874
0.0261
0.0291
0.02588
0.0139
0.02894
0.01459
0.06459
0.01743
0.05036
0.01643
0.05591
0.0259
0.07856
0.10776
0.19311
0.23797
0.30121
0.29982
0.30868
0.30496
0.41213
0.42729
0.46365
0.44738
0.46806
0.53329
0.56581
0.59697
0.65251
0.6447
0.58856
0.58521
0.51821
0.41265
0.40502
0.31124
0.40823
0.33324
0.41074
0.24735
0.25114
0.20492
0.1587
0.15363
0.23674
0.08116
0.03517
0.03617
0.01223
0.01357
0.02266
0.04799
0.01624
0.05639
0.03297
0.07221
0.05058
0.16654
0.07806
0.05709
0.15277
0.23043
0.15404
0.27277
0.14084
0.19977
0.24807
0.22359
0.30767
0.35519
0.3646
0.38274
0.3517
0.23299
0.28364
0.29984
0.43598
0.39728
0.34994
0.23949
0.21473
0.19368
0.21583
0.17107
0.18138
0.18083
0.14011
0.07577
0.06871
0.16924
0.22123
0.18035
0.26364
0.12198
0.13013
0.01062
0.02309
0.00908
0.08572
0.07728
0.0938
0.15433
0.10011
0.11377
0.1043
0.04759
0.03693
0.03367
0.0574
0.09287
0.04491
0.07083
0.06018
0.11067
0.06556
0.09074
0.18597
0.20655
0.2698
0.37705
0.38298
0.35602
0.40304
0.30331
0.37744
0.31074
0.37137
0.31339
0.34022
0.36598
0.34453
0.25103
0.23086
0.25812
0.25089
0.16664
0.05751
0.01644
0.05639
0.06183
0.0716
0.08147
0.02892
0.10177
0.07607
0.06631
0.08557
0.07038
0.02918
0.05319
0.0525
0.14205
0.14243
0.08651
0.06697
0.09708
0.14985
0.15937
0.04943
0.19995
0.20208
0.22042
0.18549
0.24186
0.29025
0.23782
0.22136
0.30517
0.277
0.30073
0.32706
0.25232
0.21636
0.30763
0.28503
0.21741
0.1999
0.23321
0.18697
0.1774
0.06511
0.06334
0.01382
0.05993
0.01224
0.05479
0.09671
0.19705
0.25421
0.1557
0.09816
0.10082
0.06669
0.13528
0.11978
0.09448
0.12812
0.12298
0.02794
0.14975
0.08006
0.06697
0.12333
0.08599
0.11414
0.12428
0.18387
0.24905
0.25427
0.31438
0.35119
0.30881
0.31708
0.39591
0.32865
0.22497
0.22948
0.26058
0.27615
0.23412
0.30297
0.36727
0.29231
0.33326
0.36718
0.33955
0.29847
0.31381
0.27242
0.20473
0.03896
0.01282
0.00777
0.02625
0.0449
0.01265
0.0322
0.07389
0.06804
0.01759
0.05146
0.02307
0.00989
0.00971
0.00941
0.01239
0.00799
0.07185
0.03713
0.02552
0.01677
0.02111
0.01971
0.02308
0.10474
0.08063
0.15518
0.1507
0.18688
0.1242
0.11854
0.16391
0.28377
0.31719
0.35337
0.16748
0.16871
0.08775
0.23797
0.31049
0.30616
0.2349
0.29368
0.2504
0.21193
0.18256
0.09635
0.02517
0.01778
0.05254
0.04558
0.03636
0.0325
0.01186
0.04552
0.03843
0.04397
0.03027
0.06647
0.0302
0.01348
0.03905
0.02809
0.01334
0.0405
0.02319
0.01541
0.06131
0.09302
0.04548
0.04483
0.04847
0.0543
0.08561
0.15327
0.15794
0.07996
0.05884
0.03059
0.10561
0.14071
0.17335
0.06356
0.16655
0.09642
0.14562
0.09255
0.13765
0.1378
0.12786
0.13898
0.19807
0.13584
0.09473
0.15511
-999
-999
-999
-999
-999
-999
-999
-999
-999
-999
-999
-999
-999
-999
-999
-999
-999
-999
-999
-999
-999
-999
-999
-999
-999
-999
-999
-999
-999
-999
-999
-999
-999
-999
-999
-999
-999
-999
-999
-999
-999
-999
-999
-999
-999
-999
-999
-999
-999
-999
-999
-999
-999
-999
-999
-999
-999
-999
-999
-999
-999
-999
-999
-999
-999
-999
-999
-999
-999
-999
-999
-999
-999
-999
-999
-999
-999
-999
-999
-999
-999
-999
-999
-999
-999
-999
-999
-999
-999
-999
-999
-999
-999
-999
-999
-999
-999
-999
-999
-999
-999
-999
-999
-999
-999
-999
-999
-999
-999
-999
-999
-999
-999
-999
-999
-999
-999
-999
-999
-999
-999
-999
-999
-999
-999
-999
-999
-999
-999
-999
-999
-999
-999
-999
-999
-999
-999
-999
-999
-999
-999
-999
-999
-999
-999
-999
-999
-999
-999
-999
-999
-999
-999
-999
-999
-999
-999
-999
-999
-999
-999
-999
-999
-999
-999
-999
-999
-999
-999
-999
-999
-999
-999
-999
-999
-999
-999
-999
-999
-999
-999
-999
-999
-999
-999
-999
-999
-999
-999
-999
-999
-999
-999
-999
-999
-999
-999
-999
-999
-999
-999
-999
-999
-999
-999
-999
-999
-999
-999
-999
-999
-999
-999
-999
-999
-999
-999
-999
-999
-999
-999
-999
-999
-999
-999
-999
-999
-999
-999
-999
-999
-999
-999
-999
-999
-999
-999
-999
-999
-999
-999
-999
-999
-999
-999
-999
-999
-999
-999
-999
-999
-999
-999
-999
-999
-999
-999
-999
-999
-999
-999
-999
-999
-999
-999
-999
-999
-999
-999
-999
-999
-999
-999
-999
-999
-999
-999
-999
-999
-999
-999
-999
-999
-999
-999
-999
-999
-999
-999
-999
-999
-999
-999
-999
-999
-999
-999
0.2207
0.11422
0.147
0.06332
0.10645
0.24543
0.18091
0.13281
0.13143
0.15902
0.0768
0.09214
0.12949
0.22104
0.22207
0.37291
0.35074
0.40326
0.43573
0.42426
0.47414
0.54244
0.53015
0.57418
0.6392
0.59441
0.49276
0.5309
0.51847
0.57757
0.55313
0.50962
0.59452
0.58254
0.57696
0.55911
0.54412
0.67769
0.58479
0.46027
0.47625
0.45395
0.47343
0.47833
0.48423
0.40198
0.54762
0.29627
0.26879
0.22972
0.29231
0.33168
0.339
0.23654
0.12333
0.10927
0.13025
0.09201
0.02998
0.03209
0.00577
0.03864
0.09504
0.20043
0.21739
0.22702
0.32477
0.39451
0.38545
0.38096
0.38349
0.31914
0.30384
0.43017
0.29654
0.35186
0.35371
0.31978
0.2697
0.30286
0.41547
0.40912
0.34578
0.33908
0.32915
0.33587
0.32685
0.18298
0.26483
0.21415
0.20448
0.09743
0.13476
0.19071
0.1889
0.26493
0.24094
0.13877
0.16436
0.14518
0.13381
0.13238
0.06955
0.04572
0.03823
0.02381
0.06071
0.03102
0.10941
0.02976
0.03664
0.08895
0.09182
0.17331
0.20528
0.21711
0.23402
0.25001
0.30277
0.2644
0.33322
0.22841
0.28246
0.33999
0.38568
0.22547
0.30993
0.25313
0.24152
0.23312
0.17332
0.22544
0.14929
0.03722
0.04095
0.01575
0.06264
0.05003
0.1105
0.07719
0.01308
0.06101
0.01284
0.04394
0.04223
0.01172
0.00534
0.00903
0.01823
0.03845
0.0335
0.00226
0.02357
0.02042
0.04059
0.02135
0.00445
0.02138
0.05766
0.02573
0.06024
0.07927
0.0885
0.27424
0.36406
0.4212
0.42992
0.47165
0.46626
0.48874
0.47262
0.41399
0.49458
0.50802
0.52298
0.49037
0.53982
0.45285
0.48559
0.49684
0.44855
0.4041
0.27052
0.12896
0.09724
0.03311
0.10027
0.23452
0.31491
0.3059
0.321
0.25719
-999
-999
-999
-999
-999
-999
-999
-999
-999
-999
-999
-999
-999
-999
-999
-999
-999
-999
-999
-999
-999
-999
-999
-999
-999
-999
-999
-999
-999
-999
-999
-999
-999
-999
-999
-999
-999
-999
-999
-999
-999
-999
-999
-999
-999
-999
-999
-999
-999
-999
-999
-999
-999
-999
-999
-999
-999
-999
-999
-999
-999
-999
-999
-999
-999
-999
-999
-999
-999
-999
-999
-999
-999
-999
-999
-999
-999
-999
-999
-999
-999
-999
-999
-999
-999
-999
-999
-999
-999
-999
-999
-999
-999
-999
-999
-999
0.03501
0.06361
0.05843
0.0548
0.02116
0.02593
0.03962
0.02771
0.04203
0.03318
0.03573
0.04047
0.03295
0.0431
0.02399
0.05333
0.10512
0.29577
0.21721
0.32297
0.24373
0.31386
0.34353
0.38741
0.44283
0.45507
0.49533
0.49891
0.46902
0.55703
0.51015
0.47191
0.50951
0.45535
0.46723
0.46468
0.48014
0.41799
0.41688
0.36523
0.42153
0.53335
0.41266
0.36408
0.46863
0.41228
0.33952
0.3917
-999
-999
-999
-999
-999
-999
-999
-999
-999
-999
-999
-999
-999
-999
-999
-999
-999
-999
-999
-999
-999
-999
-999
-999
-999
-999
-999
-999
-999
-999
-999
-999
-999
-999
-999
-999
-999
-999
-999
-999
-999
-999
-999
-999
-999
-999
-999
-999
0.49582
0.43745
0.40791
0.24279
0.1914
0.14006
0.17585
0.2765
0.23996
0.21711
0.32655
0.19
0.22164
0.19874
0.2447
0.19204
0.16963
0.1715
0.2242
0.32079
0.33335
0.37222
0.39583
0.5176
0.51689
0.37043
0.42447
0.52162
0.42491
0.51179
0.59618
0.52539
0.46401
0.61676
0.41693
0.60659
0.37339
0.37898
0.30258
0.19632
0.23032
0.17059
0.10648
0.28368
0.27811
0.14767
0.05793
0.00396
0.01263
0.04739
0.05847
0.03
0.02607
0.03961
0.02066
0.02983
0.08424
0.05153
0.02219
0.05063
0.05162
0.05416
0.11117
0.10702
0.1161
0.10584
0.05741
0.15778
0.126
0.23722
0.301
0.3302
0.32786
0.29543
0.26282
0.33764
0.39638
0.41159
0.28344
0.44165
0.3505
0.36744
0.46384
0.37194
0.28862
0.26108
0.26193
0.24031
0.12903
0.07703
0.02507
0.03502
0.04855
0.0311
0.05018
0.00839
0.03096
0.01786
0.04389
0.02788
0.06886
0.05481
0.05533
0.04199
0.04668
0.06988
0.13055
0.10269
0.1391
0.12495
0.12049
0.14322
0.15772
0.22042
0.20454
0.25415
0.34828
0.34424
0.33365
0.37072
0.35915
0.31947
0.39086
0.37956
0.39603
0.41834
0.36582
0.21034
0.22148
0.12139
0.06538
0.25495
0.30915
0.40471
0.8311
0.77142
0.64827
0.60211
0.45009
0.4863
0.4303
0.34991
0.28916
0.2523
0.23098
0.15896
0.10719
0.03153
0.01342
0.04242
0.0087
0.02899
0.05489
0.01889
0.02059
0.04627
0.04396
0.01621
0.04505
0.0303
0.05557
0.09699
0.19156
0.20982
0.1985
0.28302
0.2722
0.18831
0.35218
0.36425
0.33659
0.27677
0.29866
0.23449
0.24399
0.33091
0.25744
0.29152
0.29366
0.16716
0.137
0.03876
0.05513
0.03087
0.02259
0.02566
0.01057
0.03528
0.02616
0.01873
0.02557
0.01501
0.06104
0.043
0.04604
0.11634
0.02706
0.02363
0.02918
0.01959
0.04173
0.03496
0.01092
0.04658
0.02769
0.05021
0.06072
0.07564
0.09878
0.13159
0.06355
0.15617
0.11728
0.32526
0.18377
0.1915
0.23572
0.33716
0.28738
0.28792
0.30536
0.29161
0.31151
0.26856
0.36667
0.33602
0.31856
0.37665
0.2634
0.25574
0.19721
0.0613
0.10764
0.11216
0.09753
0.1104
0.25605
0.28095
0.20545
0.24918
0.26459
0.18641
0.2402
0.22761
0.31617
0.3165
0.22511
0.17449
0.23883
0.33172
0.19813
0.11935
0.05775
0.03565
0.10405
0.15181
0.13401
0.19824
0.39745
0.47774
0.42396
0.46197
0.52222
0.49155
0.51626
0.59935
0.6067
0.50929
0.52042
0.52848
0.47651
0.47532
0.45735
0.50707
0.47493
0.51495
0.40416
0.43101
0.22865
0.22982
0.23357
0.16471
0.2998
0.32731
0.16242
0.11439
0.12819
0.15822
0.11565
0.1855
0.14215
0.14563
0.10257
0.06911
0.07094
0.12107
0.10108
0.07992
0.08898
0.10248
0.11359
0.17017
0.21043
0.26416
0.27154
0.37851
0.37584
0.47787
0.49444
0.45873
0.46919
0.46152
0.54851
0.52134
0.56007
0.51023
0.50438
0.5107
0.47941
0.54125
0.50454
0.52861
0.5173
0.48767
0.46661
0.34139
0.27249
0.18132
0.17335
0.18347
0.18443
0.25608
0.40136
0.33835
0.38034
0.32163
0.28478
0.33718
0.32523
0.26655
0.22582
0.25482
0.23609
0.31549
0.24937
0.21708
0.20965
0.2445
0.32765
0.32129
0.2992
0.14157
0.17346
0.31706
0.32482
0.38089
0.41612
0.42934
0.46596
0.44746
0.48049
0.37674
0.43321
0.43638
0.48636
0.48198
0.46304
0.49461
0.40198
0.44627
0.3724
0.41885
0.54562
0.36487
0.37956
0.32889
0.43266
0.47307
0.4118
0.4391
0.41871
0.41712
0.30937
0.29428
0.27844
0.25127
0.33821
0.46781
0.45371
0.43354
0.33292
0.35533
0.30884
0.29225
0.22236
0.18844
0.16677
0.16128
0.17974
0.18774
0.23748
0.27344
0.31049
0.32538
0.2642
0.31448
0.35925
0.32948
0.27829
0.33382
0.35384
0.38711
0.37248
0.35176
0.37198
0.33749
0.36687
0.36893
0.37881
0.38935
0.31166
0.3961
0.31149
0.17773
0.19959
0.11431
0.14289
0.20745
0.20114
0.16909
0.09782
0.10762
0.09118
0.11572
0.06727
0.11857
0.08858
0.06145
0.02852
0.03906
0.00947
0.02268
0.00375
0.01458
0.01983
0.03618
0.07218
0.04973
0.05183
0.17973
0.26466
0.34364
0.38101
0.41352
0.37574
0.32902
0.28826
0.35473
0.3027
0.3137
0.31637
0.32308
0.35327
0.4158
0.332
0.36985
0.34747
0.24412
0.13279
0.10261
0.11419
0.03815
0.01763
0.0529
0.02845
0.04202
0.00595
0.03672
0.02628
0.02006
0.02514
0.02959
0.05025
0.07804
0.03503
0.0325
0.03889
0.04197
0.03458
0.18207
0.01911
0.02474
0.0549
0.06187
0.07765
0.01827
0.11433
0.16719
0.24718
0.27625
0.28972
0.29761
0.32901
0.38506
0.38575
0.32631
0.33336
0.31569
0.34862
0.38984
0.32963
0.36178
0.3891
0.37471
0.37945
0.31184
0.27391
0.32561
0.31639
0.19434
0.18267
0.22075
0.2961
0.28704
0.25061
0.26619
0.24044
0.19944
-999
-999
-999
-999
-999
-999
-999
-999
-999
-999
-999
-999
-999
-999
-999
-999
-999
-999
-999
-999
-999
-999
-999
-999
-999
-999
-999
-999
-999
-999
-999
-999
-999
-999
-999
-999
-999
-999
-999
-999
-999
-999
-999
-999
-999
-999
-999
-999
-999
-999
-999
-999
-999
-999
-999
-999
-999
-999
-999
-999
-999
-999
-999
-999
-999
-999
-999
-999
-999
-999
-999
-999
-999
-999
-999
-999
-999
-999
-999
-999
-999
-999
-999
-999
-999
-999
-999
-999
-999
-999
-999
-999
-999
-999
-999
-999
0.08831
0.06727
0.08863
0.09054
0.05681
0.0368
0.03716
0.07721
0.10492
0.08053
0.03116
0.04118
0.05671
0.05353
0.06598
0.08624
0.08564
0.11945
0.10874
0.14314
0.11799
0.1323
0.16693
0.20763
0.22228
0.22922
0.21963
0.12977
0.16889
0.18384
0.23002
0.19001
0.14251
0.08907
0.06121
0.05059
0.03068
0.05013
0.02825
0.03341
0.07313
0.01466
0.06093
0.03392
0.03563
0.05321
0.01359
0.0743
0.08547
0.05705
0.01514
0.02715
0.14061
0.07007
0.0621
0.10309
0.04238
0.07435
0.04074
0.06217
0.08931
0.0953
0.0636
0.11455
0.03441
0.0982
0.06195
0.15139
0.21847
0.23045
0.16453
0.12496
0.28419
0.33926
0.36311
0.32007
0.31092
0.29112
0.32481
0.25459
0.23785
0.22467
0.13915
0.04976
0.00877
0.01682
0.0233
0.0327
0.01699
0.02623
0.01976
0.01399
0.03918
0.08412
0.03458
0.01983
0.00231
0.08415
0.10511
0.04685
0.05424
0.08191
0.03639
0.06277
0.04705
0.10322
0.11718
0.13601
0.08794
0.13611
0.15147
0.13989
0.21257
0.18088
0.28172
0.31422
0.42351
0.38063
0.34221
0.3829
0.43485
0.47674
0.42699
0.49749
0.47469
0.526
0.46576
0.49933
0.56057
0.24569
0.39312
0.40089
0.43655
0.35204
0.34307
0.31781
0.20404
0.21344
0.19271
0.21216
0.19638
0.2379
0.32728
0.36256
0.29155
0.31205
0.3932
0.41512
0.31205
0.30592
0.25141
0.23618
0.19117
0.10777
0.145
0.19671
0.16473
0.17173
0.28285
0.39186
0.40594
0.39169
0.4046
0.48765
0.486
0.47909
0.5241
0.57093
0.57238
0.51819
0.55881
0.54016
0.54566
0.57533
0.50071
0.52831
0.50835
0.39956
0.50939
0.40527
0.50355
0.4156
0.17287
0.10796
0.28937
0.13405
0.04688
0.05561
0.07443
0.14275
0.12267
0.06284
0.23077
0.23144
0.26345
0.25714
0.34993
0.32795
0.28738
0.20113
0.30378
0.28987
0.28272
0.24801
0.14144
0.21136
0.13498
0.01867
0.25453
0.23513
0.31965
0.43161
0.46163
0.48631
0.54362
0.57871
0.58105
0.45094
0.40175
0.46055
0.41823
0.39014
0.42629
0.3935
0.39395
0.36342
0.32525
0.46356
0.38373
0.27983
0.10416
0.04156
0.04559
0.03328
0.05133
0.08248
0.09057
0.00824
0.0231
0.01916
0.00935
0.01586
0.01122
0.0503
0.04756
0.06231
0.10249
0.06581
0.06081
0.00388
0.04549
0.01065
0.02672
0.03725
0.05923
0.11844
0.17063
0.18307
0.18611
0.21416
0.16724
0.19429
0.28155
0.32234
0.29176
0.3676
0.30022
0.28181
0.29422
0.27992
0.24653
0.26697
0.31121
0.35339
0.38818
0.35904
0.31335
0.22657
0.23077
0.21417
0.19329
0.23031
0.23343
0.22162
0.26269
0.2198
0.16109
0.14156
