0.4	0.1593	1.4	1000	0.2	30	1000	0.2
0.401	0.0714	1.4	1000	0.2	30	1000	0.2
0.402	0.0765	1.4	1000	0.2	30	1000	0.2
0.403	0.424	1.4	1000	0.2	30	1000	0.2
0.404	0.424	1.4	1000	0.2	30	1000	0.2
0.405	0.4423	1.4	1000	0.2	30	1000	0.2
0.406	0.3127	1.4	1000	0.2	30	1000	0.2
0.407	0.3127	1.4	1000	0.2	30	1000	0.2
0.408	0.4483	1.4	1000	0.2	30	1000	0.2
0.409	0.4919	1.4	1000	0.2	30	1000	0.2
0.41	0.6175	1.4	1000	0.2	30	1000	0.2
0.411	0.4882	1.4	1000	0.2	30	1000	0.2
0.412	0.6602	1.4	1000	0.2	30	1000	0.2
0.413	0.7847	1.4	1000	0.2	30	1000	0.2
0.414	0.6537	1.4	1000	0.2	30	1000	0.2
0.415	0.6521	1.4	1000	0.2	30	1000	0.2
0.416	0.5278	1.4	1000	0.2	30	1000	0.2
0.417	0.6902	1.4	1000	0.2	30	1000	0.2
0.418	0.6811	1.4	1000	0.2	30	1000	0.2
0.419	1.0189	1.4	1000	0.2	30	1000	0.2
0.42	1.0144	1.4	1000	0.2	30	1000	0.2
0.421	0.8804	1.4	1000	0.2	30	1000	0.2
0.422	0.8841	1.4	1000	0.2	30	1000	0.2
0.423	1.1896	1.4	1000	0.2	30	1000	0.2
0.424	1.362	1.4	1000	0.2	30	1000	0.2
0.425	1.1948	1.4	1000	0.2	30	1000	0.2
0.426	1.2282	1.4	1000	0.2	30	1000	0.2
0.427	1.36	1.4	1000	0.2	30	1000	0.2
0.428	1.0664	1.4	1000	0.2	30	1000	0.2
0.429	1.3639	1.4	1000	0.2	30	1000	0.2
0.43	1.5317	1.4	1000	0.2	30	1000	0.2
0.431	1.4034	1.4	1000	0.2	30	1000	0.2
0.432	1.5676	1.4	1000	0.2	30	1000	0.2
0.433	1.6976	1.4	1000	0.2	30	1000	0.2
0.434	1.5696	1.4	1000	0.2	30	1000	0.2
0.435	1.8997	1.4	1000	0.2	30	1000	0.2
0.436	1.9004	1.4	1000	0.2	30	1000	0.2
0.437	1.901	1.4	1000	0.2	30	1000	0.2
0.438	1.7718	1.4	1000	0.2	30	1000	0.2
0.439	1.936	1.4	1000	0.2	30	1000	0.2
0.44	2.0636	1.4	1000	0.2	30	1000	0.2
0.441	1.9363	1.4	1000	0.2	30	1000	0.2
0.442	2.061	1.4	1000	0.2	30	1000	0.2
0.443	2.0987	1.4	1000	0.2	30	1000	0.2
0.444	2.2249	1.4	1000	0.2	30	1000	0.2
0.445	2.2238	1.4	1000	0.2	30	1000	0.2
0.446	2.2232	1.4	1000	0.2	30	1000	0.2
0.447	2.2604	1.4	1000	0.2	30	1000	0.2
0.448	2.222	1.4	1000	0.2	30	1000	0.2
0.449	2.3818	1.4	1000	0.2	30	1000	0.2
0.45	2.3889	1.4	1000	0.2	30	1000	0.2
0.451	2.2618	1.4	1000	0.2	30	1000	0.2
0.452	2.7097	1.4	1000	0.2	30	1000	0.2
0.453	2.7037	1.4	1000	0.2	30	1000	0.2
0.454	2.5856	1.4	1000	0.2	30	1000	0.2
0.455	2.5823	1.4	1000	0.2	30	1000	0.2
0.456	2.746	1.4	1000	0.2	30	1000	0.2
0.457	2.7433	1.4	1000	0.2	30	1000	0.2
0.458	2.7287	1.4	1000	0.2	30	1000	0.2
0.459	2.7234	1.4	1000	0.2	30	1000	0.2
0.46	2.8208	1.4	1000	0.2	30	1000	0.2
0.461	2.6856	1.4	1000	0.2	30	1000	0.2
0.462	2.6871	1.4	1000	0.2	30	1000	0.2
0.463	2.8208	1.4	1000	0.2	30	1000	0.2
0.464	2.9858	1.4	1000	0.2	30	1000	0.2
0.465	2.9733	1.4	1000	0.2	30	1000	0.2
0.466	2.8393	1.4	1000	0.2	30	1000	0.2
0.467	2.8512	1.4	1000	0.2	30	1000	0.2
0.468	2.9769	1.4	1000	0.2	30	1000	0.2
0.469	2.9733	1.4	1000	0.2	30	1000	0.2
0.47	2.8529	1.4	1000	0.2	30	1000	0.2
0.471	3.17	1.4	1000	0.2	30	1000	0.2
0.472	3.17	1.4	1000	0.2	30	1000	0.2
0.473	3.17	1.4	1000	0.2	30	1000	0.2
0.474	3.1721	1.4	1000	0.2	30	1000	0.2
0.475	3.306	1.4	1000	0.2	30	1000	0.2
0.476	3.3227	1.4	1000	0.2	30	1000	0.2
0.477	3.325	1.4	1000	0.2	30	1000	0.2
0.478	3.4473	1.4	1000	0.2	30	1000	0.2
0.479	3.3112	1.4	1000	0.2	30	1000	0.2
0.48	3.3181	1.4	1000	0.2	30	1000	0.2
0.481	3.4544	1.4	1000	0.2	30	1000	0.2
0.482	3.3158	1.4	1000	0.2	30	1000	0.2
0.483	3.3066	1.4	1000	0.2	30	1000	0.2
0.484	3.4283	1.4	1000	0.2	30	1000	0.2
0.485	3.4189	1.4	1000	0.2	30	1000	0.2
0.486	3.4378	1.4	1000	0.2	30	1000	0.2
0.487	3.6005	1.4	1000	0.2	30	1000	0.2
0.488	3.8565	1.4	1000	0.2	30	1000	0.2
0.489	3.8401	1.4	1000	0.2	30	1000	0.2
0.49	3.6732	1.4	1000	0.2	30	1000	0.2
0.491	3.8211	1.4	1000	0.2	30	1000	0.2
0.492	3.6682	1.4	1000	0.2	30	1000	0.2
0.493	3.8401	1.4	1000	0.2	30	1000	0.2
0.494	3.851	1.4	1000	0.2	30	1000	0.2
0.495	3.8292	1.4	1000	0.2	30	1000	0.2
0.496	3.958	1.4	1000	0.2	30	1000	0.2
0.497	3.9791	1.4	1000	0.2	30	1000	0.2
0.498	3.9849	1.4	1000	0.2	30	1000	0.2
0.499	4.1407	1.4	1000	0.2	30	1000	0.2
0.5	4.1197	1.4	1000	0.2	30	1000	0.2
0.501	3.9468	1.4	1000	0.2	30	1000	0.2
0.502	4.2396	1.4	1000	0.2	30	1000	0.2
0.503	4.2274	1.4	1000	0.2	30	1000	0.2
0.504	4.2335	1.4	1000	0.2	30	1000	0.2
0.505	4.2274	1.4	1000	0.2	30	1000	0.2
0.506	4.2304	1.4	1000	0.2	30	1000	0.2
0.507	4.0959	1.4	1000	0.2	30	1000	0.2
0.508	4.2274	1.4	1000	0.2	30	1000	0.2
0.509	4.375	1.4	1000	0.2	30	1000	0.2
0.51	4.3781	1.4	1000	0.2	30	1000	0.2
0.511	4.3593	1.4	1000	0.2	30	1000	0.2
0.512	4.3687	1.4	1000	0.2	30	1000	0.2
0.513	4.3499	1.4	1000	0.2	30	1000	0.2
0.514	4.4786	1.4	1000	0.2	30	1000	0.2
0.515	4.8013	1.4	1000	0.2	30	1000	0.2
0.516	4.4626	1.4	1000	0.2	30	1000	0.2
0.517	4.4531	1.4	1000	0.2	30	1000	0.2
0.518	4.7548	1.4	1000	0.2	30	1000	0.2
0.519	4.4626	1.4	1000	0.2	30	1000	0.2
0.52	5.0604	1.4	1000	0.2	30	1000	0.2
0.521	4.7433	1.4	1000	0.2	30	1000	0.2
0.522	4.8623	1.4	1000	0.2	30	1000	0.2
0.523	5.1633	1.4	1000	0.2	30	1000	0.2
0.524	4.8417	1.4	1000	0.2	30	1000	0.2
0.525	4.8383	1.4	1000	0.2	30	1000	0.2
0.526	4.8246	1.4	1000	0.2	30	1000	0.2
0.527	5.1404	1.4	1000	0.2	30	1000	0.2
0.528	5.129	1.4	1000	0.2	30	1000	0.2
0.529	5.129	1.4	1000	0.2	30	1000	0.2
0.53	5.2461	1.4	1000	0.2	30	1000	0.2
0.531	5.2345	1.4	1000	0.2	30	1000	0.2
0.532	5.0496	1.4	1000	0.2	30	1000	0.2
0.533	5.3943	1.4	1000	0.2	30	1000	0.2
0.534	5.4381	1.4	1000	0.2	30	1000	0.2
0.535	5.4301	1.4	1000	0.2	30	1000	0.2
0.536	5.4062	1.4	1000	0.2	30	1000	0.2
0.537	5.5599	1.4	1000	0.2	30	1000	0.2
0.538	5.5274	1.4	1000	0.2	30	1000	0.2
0.539	5.7821	1.4	1000	0.2	30	1000	0.2
0.54	5.7569	1.4	1000	0.2	30	1000	0.2
0.541	5.7444	1.4	1000	0.2	30	1000	0.2
0.542	5.4415	1.4	1000	0.2	30	1000	0.2
0.543	5.5509	1.4	1000	0.2	30	1000	0.2
0.544	5.8648	1.4	1000	0.2	30	1000	0.2
0.545	5.6636	1.4	1000	0.2	30	1000	0.2
0.546	5.6989	1.4	1000	0.2	30	1000	0.2
0.547	5.7108	1.4	1000	0.2	30	1000	0.2
0.548	5.7227	1.4	1000	0.2	30	1000	0.2
0.549	6.0023	1.4	1000	0.2	30	1000	0.2
0.55	6.1007	1.4	1000	0.2	30	1000	0.2
0.551	6.0746	1.4	1000	0.2	30	1000	0.2
0.552	6.0487	1.4	1000	0.2	30	1000	0.2
0.553	5.9787	1.4	1000	0.2	30	1000	0.2
0.554	6.4007	1.4	1000	0.2	30	1000	0.2
0.555	6.225	1.4	1000	0.2	30	1000	0.2
0.556	6.5284	1.4	1000	0.2	30	1000	0.2
0.557	6.5376	1.4	1000	0.2	30	1000	0.2
0.558	6.5792	1.4	1000	0.2	30	1000	0.2
0.559	6.5385	1.4	1000	0.2	30	1000	0.2
0.56	6.6354	1.4	1000	0.2	30	1000	0.2
0.561	6.7508	1.4	1000	0.2	30	1000	0.2
0.562	6.9959	1.4	1000	0.2	30	1000	0.2
0.563	6.9759	1.4	1000	0.2	30	1000	0.2
0.564	7.0702	1.4	1000	0.2	30	1000	0.2
0.565	6.8416	1.4	1000	0.2	30	1000	0.2
0.566	7.095	1.4	1000	0.2	30	1000	0.2
0.567	7.1	1.4	1000	0.2	30	1000	0.2
0.568	7.105	1.4	1000	0.2	30	1000	0.2
0.569	7.2396	1.4	1000	0.2	30	1000	0.2
0.57	7.4054	1.4	1000	0.2	30	1000	0.2
0.571	7.3633	1.4	1000	0.2	30	1000	0.2
0.572	7.4452	1.4	1000	0.2	30	1000	0.2
0.573	7.2294	1.4	1000	0.2	30	1000	0.2
0.574	7.5678	1.4	1000	0.2	30	1000	0.2
0.575	7.6004	1.4	1000	0.2	30	1000	0.2
0.576	7.4738	1.4	1000	0.2	30	1000	0.2
0.577	7.8267	1.4	1000	0.2	30	1000	0.2
0.578	7.8836	1.4	1000	0.2	30	1000	0.2
0.579	7.7499	1.4	1000	0.2	30	1000	0.2
0.58	7.7308	1.4	1000	0.2	30	1000	0.2
0.581	7.6923	1.4	1000	0.2	30	1000	0.2
0.582	7.9305	1.4	1000	0.2	30	1000	0.2
0.583	7.9249	1.4	1000	0.2	30	1000	0.2
0.584	7.9814	1.4	1000	0.2	30	1000	0.2
0.585	8.3215	1.4	1000	0.2	30	1000	0.2
0.586	8.1442	1.4	1000	0.2	30	1000	0.2
0.587	8.1384	1.4	1000	0.2	30	1000	0.2
0.588	8.1152	1.4	1000	0.2	30	1000	0.2
0.589	8.2727	1.4	1000	0.2	30	1000	0.2
0.59	8.4016	1.4	1000	0.2	30	1000	0.2
0.591	8.3597	1.4	1000	0.2	30	1000	0.2
0.592	8.3597	1.4	1000	0.2	30	1000	0.2
0.593	8.3538	1.4	1000	0.2	30	1000	0.2
0.594	8.4578	1.4	1000	0.2	30	1000	0.2
0.595	8.4132	1.4	1000	0.2	30	1000	0.2
0.596	8.3597	1.4	1000	0.2	30	1000	0.2
0.597	8.4757	1.4	1000	0.2	30	1000	0.2
0.598	8.6267	1.4	1000	0.2	30	1000	0.2
0.599	8.8694	1.4	1000	0.2	30	1000	0.2
0.6	8.6763	1.4	1000	0.2	30	1000	0.2
0.601	8.7727	1.4	1000	0.2	30	1000	0.2
0.602	8.7301	1.4	1000	0.2	30	1000	0.2
0.603	8.8256	1.4	1000	0.2	30	1000	0.2
0.604	8.939	1.4	1000	0.2	30	1000	0.2
0.605	9.065	1.4	1000	0.2	30	1000	0.2
0.606	9.0523	1.4	1000	0.2	30	1000	0.2
0.607	9.2702	1.4	1000	0.2	30	1000	0.2
0.608	9.096	1.4	1000	0.2	30	1000	0.2
0.609	9.1085	1.4	1000	0.2	30	1000	0.2
0.61	9.1147	1.4	1000	0.2	30	1000	0.2
0.611	9.2457	1.4	1000	0.2	30	1000	0.2
0.612	9.2457	1.4	1000	0.2	30	1000	0.2
0.613	9.2205	1.4	1000	0.2	30	1000	0.2
0.614	9.1023	1.4	1000	0.2	30	1000	0.2
0.615	9.2268	1.4	1000	0.2	30	1000	0.2
0.616	9.2079	1.4	1000	0.2	30	1000	0.2
0.617	9.2079	1.4	1000	0.2	30	1000	0.2
0.618	9.4475	1.4	1000	0.2	30	1000	0.2
0.619	9.5963	1.4	1000	0.2	30	1000	0.2
0.62	9.6357	1.4	1000	0.2	30	1000	0.2
0.621	9.5032	1.4	1000	0.2	30	1000	0.2
0.622	9.5548	1.4	1000	0.2	30	1000	0.2
0.623	9.9838	1.4	1000	0.2	30	1000	0.2
0.624	9.9565	1.4	1000	0.2	30	1000	0.2
0.625	9.5032	1.4	1000	0.2	30	1000	0.2
0.626	9.5096	1.4	1000	0.2	30	1000	0.2
0.627	9.7961	1.4	1000	0.2	30	1000	0.2
0.628	10.1012	1.4	1000	0.2	30	1000	0.2
0.629	9.9671	1.4	1000	0.2	30	1000	0.2
0.63	9.9469	1.4	1000	0.2	30	1000	0.2
0.631	9.9536	1.4	1000	0.2	30	1000	0.2
0.632	9.9469	1.4	1000	0.2	30	1000	0.2
0.633	10.0439	1.4	1000	0.2	30	1000	0.2
0.634	10.1679	1.4	1000	0.2	30	1000	0.2
0.635	10.161	1.4	1000	0.2	30	1000	0.2
0.636	10.2863	1.4	1000	0.2	30	1000	0.2
0.637	10.161	1.4	1000	0.2	30	1000	0.2
0.638	10.1884	1.4	1000	0.2	30	1000	0.2
0.639	10.1201	1.4	1000	0.2	30	1000	0.2
0.64	10.1337	1.4	1000	0.2	30	1000	0.2
0.641	10.3877	1.4	1000	0.2	30	1000	0.2
0.642	10.5184	1.4	1000	0.2	30	1000	0.2
0.643	10.5184	1.4	1000	0.2	30	1000	0.2
0.644	10.4902	1.4	1000	0.2	30	1000	0.2
0.645	10.6207	1.4	1000	0.2	30	1000	0.2
0.646	10.4902	1.4	1000	0.2	30	1000	0.2
0.647	10.5641	1.4	1000	0.2	30	1000	0.2
0.648	10.5221	1.4	1000	0.2	30	1000	0.2
0.649	10.5641	1.4	1000	0.2	30	1000	0.2
0.65	10.7227	1.4	1000	0.2	30	1000	0.2
0.651	10.7585	1.4	1000	0.2	30	1000	0.2
0.652	10.7585	1.4	1000	0.2	30	1000	0.2
0.653	10.9259	1.4	1000	0.2	30	1000	0.2
0.654	10.9627	1.4	1000	0.2	30	1000	0.2
0.655	10.6599	1.4	1000	0.2	30	1000	0.2
0.656	10.6251	1.4	1000	0.2	30	1000	0.2
0.657	10.9113	1.4	1000	0.2	30	1000	0.2
0.658	11.085	1.4	1000	0.2	30	1000	0.2
0.659	11.1071	1.4	1000	0.2	30	1000	0.2
0.66	10.9617	1.4	1000	0.2	30	1000	0.2
0.661	11.2981	1.4	1000	0.2	30	1000	0.2
0.662	11.2906	1.4	1000	0.2	30	1000	0.2
0.663	11.3539	1.4	1000	0.2	30	1000	0.2
0.664	11.3917	1.4	1000	0.2	30	1000	0.2
0.665	11.5231	1.4	1000	0.2	30	1000	0.2
0.666	11.5231	1.4	1000	0.2	30	1000	0.2
0.667	11.5015	1.4	1000	0.2	30	1000	0.2
0.668	11.8022	1.4	1000	0.2	30	1000	0.2
0.669	11.7708	1.4	1000	0.2	30	1000	0.2
0.67	11.7552	1.4	1000	0.2	30	1000	0.2
0.671	11.7396	1.4	1000	0.2	30	1000	0.2
0.672	11.5355	1.4	1000	0.2	30	1000	0.2
0.673	11.6588	1.4	1000	0.2	30	1000	0.2
0.674	11.6966	1.4	1000	0.2	30	1000	0.2
0.675	11.7346	1.4	1000	0.2	30	1000	0.2
0.676	11.7194	1.4	1000	0.2	30	1000	0.2
0.677	11.8819	1.4	1000	0.2	30	1000	0.2
0.678	11.8587	1.4	1000	0.2	30	1000	0.2
0.679	11.8356	1.4	1000	0.2	30	1000	0.2
0.68	11.8594	1.4	1000	0.2	30	1000	0.2
0.681	11.7593	1.4	1000	0.2	30	1000	0.2
0.682	12.1363	1.4	1000	0.2	30	1000	0.2
0.683	12.1363	1.4	1000	0.2	30	1000	0.2
0.684	12.152	1.4	1000	0.2	30	1000	0.2
0.685	12.1285	1.4	1000	0.2	30	1000	0.2
0.686	12.152	1.4	1000	0.2	30	1000	0.2
0.687	12.1598	1.4	1000	0.2	30	1000	0.2
0.688	12.307	1.4	1000	0.2	30	1000	0.2
0.689	12.3309	1.4	1000	0.2	30	1000	0.2
0.69	12.4066	1.4	1000	0.2	30	1000	0.2
0.691	12.53	1.4	1000	0.2	30	1000	0.2
0.692	12.53	1.4	1000	0.2	30	1000	0.2
0.693	12.5461	1.4	1000	0.2	30	1000	0.2
0.694	12.8346	1.4	1000	0.2	30	1000	0.2
0.695	12.818	1.4	1000	0.2	30	1000	0.2
0.696	12.8512	1.4	1000	0.2	30	1000	0.2
0.697	12.9264	1.4	1000	0.2	30	1000	0.2
0.698	13.0025	1.4	1000	0.2	30	1000	0.2
0.699	13.0461	1.4	1000	0.2	30	1000	0.2
0.7	13.0045	1.4	1000	0.2	30	1000	0.2
0.701	12.8812	1.4	1000	0.2	30	1000	0.2
0.702	12.8894	1.4	1000	0.2	30	1000	0.2
0.703	13.0269	1.4	1000	0.2	30	1000	0.2
0.704	13.0683	1.4	1000	0.2	30	1000	0.2
0.705	13.1015	1.4	1000	0.2	30	1000	0.2
0.706	13.3538	1.4	1000	0.2	30	1000	0.2
0.707	13.3623	1.4	1000	0.2	30	1000	0.2
0.708	13.3284	1.4	1000	0.2	30	1000	0.2
0.709	13.3199	1.4	1000	0.2	30	1000	0.2
0.71	13.4416	1.4	1000	0.2	30	1000	0.2
0.711	13.5719	1.4	1000	0.2	30	1000	0.2
0.712	13.6331	1.4	1000	0.2	30	1000	0.2
0.713	13.6245	1.4	1000	0.2	30	1000	0.2
0.714	13.8843	1.4	1000	0.2	30	1000	0.2
0.715	13.858	1.4	1000	0.2	30	1000	0.2
0.716	13.8145	1.4	1000	0.2	30	1000	0.2
0.717	13.9439	1.4	1000	0.2	30	1000	0.2
0.718	13.9615	1.4	1000	0.2	30	1000	0.2
0.719	14.0056	1.4	1000	0.2	30	1000	0.2
0.72	14.2999	1.4	1000	0.2	30	1000	0.2
0.721	14.0736	1.4	1000	0.2	30	1000	0.2
0.722	14.0824	1.4	1000	0.2	30	1000	0.2
0.723	14.1677	1.4	1000	0.2	30	1000	0.2
0.724	14.3333	1.4	1000	0.2	30	1000	0.2
0.725	14.3931	1.4	1000	0.2	30	1000	0.2
0.726	14.4868	1.4	1000	0.2	30	1000	0.2
0.727	14.3218	1.4	1000	0.2	30	1000	0.2
0.728	14.4121	1.4	1000	0.2	30	1000	0.2
0.729	14.3852	1.4	1000	0.2	30	1000	0.2
0.73	14.4211	1.4	1000	0.2	30	1000	0.2
0.731	14.5115	1.4	1000	0.2	30	1000	0.2
0.732	14.6964	1.4	1000	0.2	30	1000	0.2
0.733	14.8081	1.4	1000	0.2	30	1000	0.2
0.734	14.7802	1.4	1000	0.2	30	1000	0.2
0.735	15.0857	1.4	1000	0.2	30	1000	0.2
0.736	15.0857	1.4	1000	0.2	30	1000	0.2
0.737	14.9688	1.4	1000	0.2	30	1000	0.2
0.738	14.9688	1.4	1000	0.2	30	1000	0.2
0.739	14.9688	1.4	1000	0.2	30	1000	0.2
0.74	15.108	1.4	1000	0.2	30	1000	0.2
0.741	15.0986	1.4	1000	0.2	30	1000	0.2
0.742	15.0669	1.4	1000	0.2	30	1000	0.2
0.743	14.8765	1.4	1000	0.2	30	1000	0.2
0.744	15.1255	1.4	1000	0.2	30	1000	0.2
0.745	15.2881	1.4	1000	0.2	30	1000	0.2
0.746	15.2641	1.4	1000	0.2	30	1000	0.2
0.747	15.2547	1.4	1000	0.2	30	1000	0.2
0.748	15.2641	1.4	1000	0.2	30	1000	0.2
0.749	15.2775	1.4	1000	0.2	30	1000	0.2
0.75	15.6049	1.4	1000	0.2	30	1000	0.2
0.751	15.3274	1.4	1000	0.2	30	1000	0.2
0.752	15.4896	1.4	1000	0.2	30	1000	0.2
0.753	15.6241	1.4	1000	0.2	30	1000	0.2
0.754	15.5621	1.4	1000	0.2	30	1000	0.2
0.755	15.6288	1.4	1000	0.2	30	1000	0.2
0.756	15.6288	1.4	1000	0.2	30	1000	0.2
0.757	15.7636	1.4	1000	0.2	30	1000	0.2
0.758	15.7105	1.4	1000	0.2	30	1000	0.2
0.759	15.8692	1.4	1000	0.2	30	1000	0.2
0.76	15.6723	1.4	1000	0.2	30	1000	0.2
0.761	15.744	1.4	1000	0.2	30	1000	0.2
0.762	15.9535	1.4	1000	0.2	30	1000	0.2
0.763	15.9825	1.4	1000	0.2	30	1000	0.2
0.764	16.141	1.4	1000	0.2	30	1000	0.2
0.765	16.1509	1.4	1000	0.2	30	1000	0.2
0.766	16.1607	1.4	1000	0.2	30	1000	0.2
0.767	16.2705	1.4	1000	0.2	30	1000	0.2
0.768	16.2015	1.4	1000	0.2	30	1000	0.2
0.769	16.2418	1.4	1000	0.2	30	1000	0.2
0.77	16.4498	1.4	1000	0.2	30	1000	0.2
0.771	16.4498	1.4	1000	0.2	30	1000	0.2
0.772	16.4498	1.4	1000	0.2	30	1000	0.2
0.773	16.566	1.4	1000	0.2	30	1000	0.2
0.774	16.576	1.4	1000	0.2	30	1000	0.2
0.775	16.7055	1.4	1000	0.2	30	1000	0.2
0.776	16.8959	1.4	1000	0.2	30	1000	0.2
0.777	16.7973	1.4	1000	0.2	30	1000	0.2
0.778	16.8278	1.4	1000	0.2	30	1000	0.2
0.779	16.7769	1.4	1000	0.2	30	1000	0.2
0.78	16.7055	1.4	1000	0.2	30	1000	0.2
0.781	16.7643	1.4	1000	0.2	30	1000	0.2
0.782	16.8857	1.4	1000	0.2	30	1000	0.2
0.783	17.0977	1.4	1000	0.2	30	1000	0.2
0.784	17.1755	1.4	1000	0.2	30	1000	0.2
0.785	17.134	1.4	1000	0.2	30	1000	0.2
0.786	17.2277	1.4	1000	0.2	30	1000	0.2
0.787	17.4564	1.4	1000	0.2	30	1000	0.2
0.788	17.372	1.4	1000	0.2	30	1000	0.2
0.789	17.544	1.4	1000	0.2	30	1000	0.2
0.79	17.4593	1.4	1000	0.2	30	1000	0.2
0.791	17.3615	1.4	1000	0.2	30	1000	0.2
0.792	17.3709	1.4	1000	0.2	30	1000	0.2
0.793	17.5104	1.4	1000	0.2	30	1000	0.2
0.794	17.2156	1.4	1000	0.2	30	1000	0.2
0.795	17.6403	1.4	1000	0.2	30	1000	0.2
0.796	17.6615	1.4	1000	0.2	30	1000	0.2
0.797	17.5911	1.4	1000	0.2	30	1000	0.2
0.798	17.9015	1.4	1000	0.2	30	1000	0.2
0.799	17.903	1.4	1000	0.2	30	1000	0.2
0.8	18.254	1.4	1000	0.2	30	1000	0.2
0.804	18.6423	1.4	1000	0.2	30	1000	0.2
0.808	18.7808	1.4	1000	0.2	30	1000	0.2
0.812	19.0736	1.4	1000	0.2	30	1000	0.2
0.816	18.9524	1.4	1000	0.2	30	1000	0.2
0.82	19.0591	1.4	1000	0.2	30	1000	0.2
0.824	19.0381	1.4	1000	0.2	30	1000	0.2
0.828	19.3213	1.4	1000	0.2	30	1000	0.2
0.832	19.4841	1.4	1000	0.2	30	1000	0.2
0.836	19.5277	1.4	1000	0.2	30	1000	0.2
0.84	19.5478	1.4	1000	0.2	30	1000	0.2
0.844	19.8735	1.4	1000	0.2	30	1000	0.2
0.848	20.0684	1.4	1000	0.2	30	1000	0.2
0.852	20.1761	1.4	1000	0.2	30	1000	0.2
0.856	20.3688	1.4	1000	0.2	30	1000	0.2
0.86	20.291	1.4	1000	0.2	30	1000	0.2
0.864	20.5605	1.4	1000	0.2	30	1000	0.2
0.868	20.4379	1.4	1000	0.2	30	1000	0.2
0.872	20.5557	1.4	1000	0.2	30	1000	0.2
0.876	20.7007	1.4	1000	0.2	30	1000	0.2
0.88	20.8557	1.4	1000	0.2	30	1000	0.2
0.884	21.2175	1.4	1000	0.2	30	1000	0.2
0.888	20.9109	1.4	1000	0.2	30	1000	0.2
0.892	20.9491	1.4	1000	0.2	30	1000	0.2
0.896	20.9525	1.4	1000	0.2	30	1000	0.2
0.9	21.1627	1.4	1000	0.2	30	1000	0.2
0.904	21.0845	1.4	1000	0.2	30	1000	0.2
0.908	21.2935	1.4	1000	0.2	30	1000	0.2
0.912	21.5133	1.4	1000	0.2	30	1000	0.2
0.916	21.6289	1.4	1000	0.2	30	1000	0.2
0.92	21.7909	1.4	1000	0.2	30	1000	0.2
0.924	21.8715	1.4	1000	0.2	30	1000	0.2
0.928	22.1481	1.4	1000	0.2	30	1000	0.2
0.932	22.2868	1.4	1000	0.2	30	1000	0.2
0.936	22.1598	1.4	1000	0.2	30	1000	0.2
0.94	22.212	1.4	1000	0.2	30	1000	0.2
0.944	22.408	1.4	1000	0.2	30	1000	0.2
0.948	22.7844	1.4	1000	0.2	30	1000	0.2
0.952	22.7664	1.4	1000	0.2	30	1000	0.2
0.956	22.9011	1.4	1000	0.2	30	1000	0.2
0.96	23.1191	1.4	1000	0.2	30	1000	0.2
0.964	23.4033	1.4	1000	0.2	30	1000	0.2
0.968	23.2097	1.4	1000	0.2	30	1000	0.2
0.972	23.6862	1.4	1000	0.2	30	1000	0.2
0.976	23.632	1.4	1000	0.2	30	1000	0.2
0.98	23.6196	1.4	1000	0.2	30	1000	0.2
0.984	23.5738	1.4	1000	0.2	30	1000	0.2
0.988	23.6511	1.4	1000	0.2	30	1000	0.2
0.992	24.1169	1.4	1000	0.2	30	1000	0.2
0.996	24.2058	1.4	1000	0.2	30	1000	0.2
1	24.2652	1.4	1000	0.2	30	1000	0.2
1.004	24.532	1.4	1000	0.2	30	1000	0.2
1.008	24.3164	1.4	1000	0.2	30	1000	0.2
1.012	24.5442	1.4	1000	0.2	30	1000	0.2
1.016	24.645	1.4	1000	0.2	30	1000	0.2
1.02	25.0635	1.4	1000	0.2	30	1000	0.2
1.024	25.1643	1.4	1000	0.2	30	1000	0.2
1.028	25.3657	1.4	1000	0.2	30	1000	0.2
1.032	25.1383	1.4	1000	0.2	30	1000	0.2
1.036	25.5484	1.4	1000	0.2	30	1000	0.2
1.04	25.3526	1.4	1000	0.2	30	1000	0.2
1.044	25.4004	1.4	1000	0.2	30	1000	0.2
1.048	25.561	1.4	1000	0.2	30	1000	0.2
1.052	25.7155	1.4	1000	0.2	30	1000	0.2
1.056	25.6741	1.4	1000	0.2	30	1000	0.2
1.06	25.9136	1.4	1000	0.2	30	1000	0.2
1.064	26.0859	1.4	1000	0.2	30	1000	0.2
1.068	26.1448	1.4	1000	0.2	30	1000	0.2
1.072	26.5658	1.4	1000	0.2	30	1000	0.2
1.076	26.9887	1.4	1000	0.2	30	1000	0.2
1.08	26.7064	1.4	1000	0.2	30	1000	0.2
1.084	26.5786	1.4	1000	0.2	30	1000	0.2
1.088	26.7064	1.4	1000	0.2	30	1000	0.2
1.092	26.9475	1.4	1000	0.2	30	1000	0.2
1.096	26.9196	1.4	1000	0.2	30	1000	0.2
1.1	27.1447	1.4	1000	0.2	30	1000	0.2
1.104	27.4123	1.4	1000	0.2	30	1000	0.2
1.108	27.3971	1.4	1000	0.2	30	1000	0.2
1.112	27.5929	1.4	1000	0.2	30	1000	0.2
1.116	27.6643	1.4	1000	0.2	30	1000	0.2
1.12	27.6808	1.4	1000	0.2	30	1000	0.2
1.124	27.8631	1.4	1000	0.2	30	1000	0.2
1.128	28.2745	1.4	1000	0.2	30	1000	0.2
1.132	28.1428	1.4	1000	0.2	30	1000	0.2
1.136	28.0853	1.4	1000	0.2	30	1000	0.2
1.14	28.1976	1.4	1000	0.2	30	1000	0.2
1.144	28.0555	1.4	1000	0.2	30	1000	0.2
1.148	28.2493	1.4	1000	0.2	30	1000	0.2
1.152	28.4395	1.4	1000	0.2	30	1000	0.2
1.156	28.6679	1.4	1000	0.2	30	1000	0.2
1.16	28.5533	1.4	1000	0.2	30	1000	0.2
1.164	28.701	1.4	1000	0.2	30	1000	0.2
1.168	28.7526	1.4	1000	0.2	30	1000	0.2
1.172	28.8479	1.4	1000	0.2	30	1000	0.2
1.176	29.0429	1.4	1000	0.2	30	1000	0.2
1.18	29.2095	1.4	1000	0.2	30	1000	0.2
1.184	29.228	1.4	1000	0.2	30	1000	0.2
1.188	29.3804	1.4	1000	0.2	30	1000	0.2
1.192	29.2881	1.4	1000	0.2	30	1000	0.2
1.196	29.4717	1.4	1000	0.2	30	1000	0.2
1.2	29.6133	1.4	1000	0.2	30	1000	0.2
1.204	29.4869	1.4	1000	0.2	30	1000	0.2
1.208	29.5673	1.4	1000	0.2	30	1000	0.2
1.212	29.5215	1.4	1000	0.2	30	1000	0.2
1.216	29.5761	1.4	1000	0.2	30	1000	0.2
1.22	29.907	1.4	1000	0.2	30	1000	0.2
1.224	30.1769	1.4	1000	0.2	30	1000	0.2
1.228	30.2567	1.4	1000	0.2	30	1000	0.2
1.232	30.4158	1.4	1000	0.2	30	1000	0.2
1.236	30.3521	1.4	1000	0.2	30	1000	0.2
1.24	30.2092	1.4	1000	0.2	30	1000	0.2
1.244	30.1619	1.4	1000	0.2	30	1000	0.2
1.248	30.2255	1.4	1000	0.2	30	1000	0.2
1.252	30.4432	1.4	1000	0.2	30	1000	0.2
1.256	30.7008	1.4	1000	0.2	30	1000	0.2
1.26	30.6847	1.4	1000	0.2	30	1000	0.2
1.264	30.542	1.4	1000	0.2	30	1000	0.2
1.268	30.4785	1.4	1000	0.2	30	1000	0.2
1.272	30.6791	1.4	1000	0.2	30	1000	0.2
1.276	30.9296	1.4	1000	0.2	30	1000	0.2
1.28	31.3048	1.4	1000	0.2	30	1000	0.2
1.284	31.2684	1.4	1000	0.2	30	1000	0.2
1.288	31.5102	1.4	1000	0.2	30	1000	0.2
1.292	31.5539	1.4	1000	0.2	30	1000	0.2
1.296	31.7473	1.4	1000	0.2	30	1000	0.2
1.3	31.7002	1.4	1000	0.2	30	1000	0.2
1.304	31.7756	1.4	1000	0.2	30	1000	0.2
1.308	31.6274	1.4	1000	0.2	30	1000	0.2
1.312	31.6867	1.4	1000	0.2	30	1000	0.2
1.316	31.6706	1.4	1000	0.2	30	1000	0.2
1.32	31.9259	1.4	1000	0.2	30	1000	0.2
1.324	31.8508	1.4	1000	0.2	30	1000	0.2
1.328	31.735	1.4	1000	0.2	30	1000	0.2
1.332	31.9422	1.4	1000	0.2	30	1000	0.2
1.336	32.0919	1.4	1000	0.2	30	1000	0.2
1.34	32.0362	1.4	1000	0.2	30	1000	0.2
1.344	32.3311	1.4	1000	0.2	30	1000	0.2
1.348	32.3228	1.4	1000	0.2	30	1000	0.2
1.352	32.0633	1.4	1000	0.2	30	1000	0.2
1.356	32.1444	1.4	1000	0.2	30	1000	0.2
1.36	32.2462	1.4	1000	0.2	30	1000	0.2
1.364	32.2891	1.4	1000	0.2	30	1000	0.2
1.368	32.1919	1.4	1000	0.2	30	1000	0.2
1.372	32.3558	1.4	1000	0.2	30	1000	0.2
1.376	32.2797	1.4	1000	0.2	30	1000	0.2
1.38	32.1386	1.4	1000	0.2	30	1000	0.2
1.384	31.9422	1.4	1000	0.2	30	1000	0.2
1.388	32.1386	1.4	1000	0.2	30	1000	0.2
1.392	31.9805	1.4	1000	0.2	30	1000	0.2
1.396	31.6909	1.4	1000	0.2	30	1000	0.2
1.4	31.3605	1.4	1000	0.2	30	1000	0.2
1.404	31.4912	1.4	1000	0.2	30	1000	0.2
1.408	31.1132	1.4	1000	0.2	30	1000	0.2
1.412	31.2773	1.4	1000	0.2	30	1000	0.2
1.416	31.2729	1.4	1000	0.2	30	1000	0.2
1.42	31.3241	1.4	1000	0.2	30	1000	0.2
1.424	31.1773	1.4	1000	0.2	30	1000	0.2
1.428	31.0701	1.4	1000	0.2	30	1000	0.2
1.432	31.1495	1.4	1000	0.2	30	1000	0.2
1.436	31.2215	1.4	1000	0.2	30	1000	0.2
1.44	31.2054	1.4	1000	0.2	30	1000	0.2
1.444	31.1177	1.4	1000	0.2	30	1000	0.2
1.448	31.2441	1.4	1000	0.2	30	1000	0.2
1.452	31.2981	1.4	1000	0.2	30	1000	0.2
1.456	31.5053	1.4	1000	0.2	30	1000	0.2
1.46	31.5213	1.4	1000	0.2	30	1000	0.2
1.464	31.495	1.4	1000	0.2	30	1000	0.2
1.468	31.4311	1.4	1000	0.2	30	1000	0.2
1.472	31.5696	1.4	1000	0.2	30	1000	0.2
1.476	31.4734	1.4	1000	0.2	30	1000	0.2
1.48	31.5533	1.4	1000	0.2	30	1000	0.2
1.484	31.7078	1.4	1000	0.2	30	1000	0.2
1.488	31.9762	1.4	1000	0.2	30	1000	0.2
1.492	32.174	1.4	1000	0.2	30	1000	0.2
1.496	32.3379	1.4	1000	0.2	30	1000	0.2
1.5	32.4615	1.4	1000	0.2	30	1000	0.2
1.504	32.7678	1.4	1000	0.2	30	1000	0.2
1.508	32.7739	1.4	1000	0.2	30	1000	0.2
1.512	32.8962	1.4	1000	0.2	30	1000	0.2
1.516	32.9127	1.4	1000	0.2	30	1000	0.2
1.52	32.9906	1.4	1000	0.2	30	1000	0.2
1.524	33.0407	1.4	1000	0.2	30	1000	0.2
1.528	32.9407	1.4	1000	0.2	30	1000	0.2
1.532	33.0515	1.4	1000	0.2	30	1000	0.2
1.536	33.2627	1.4	1000	0.2	30	1000	0.2
1.54	33.5647	1.4	1000	0.2	30	1000	0.2
1.544	33.4797	1.4	1000	0.2	30	1000	0.2
1.548	33.1623	1.4	1000	0.2	30	1000	0.2
1.552	33.5118	1.4	1000	0.2	30	1000	0.2
1.556	33.7794	1.4	1000	0.2	30	1000	0.2
1.56	33.8136	1.4	1000	0.2	30	1000	0.2
1.564	33.7623	1.4	1000	0.2	30	1000	0.2
1.568	33.555	1.4	1000	0.2	30	1000	0.2
1.572	33.6094	1.4	1000	0.2	30	1000	0.2
1.576	33.6635	1.4	1000	0.2	30	1000	0.2
1.58	33.7824	1.4	1000	0.2	30	1000	0.2
1.584	33.7736	1.4	1000	0.2	30	1000	0.2
1.588	33.9021	1.4	1000	0.2	30	1000	0.2
1.592	33.9364	1.4	1000	0.2	30	1000	0.2
1.596	34.0766	1.4	1000	0.2	30	1000	0.2
1.6	34.1842	1.4	1000	0.2	30	1000	0.2
1.604	34.4596	1.4	1000	0.2	30	1000	0.2
1.608	34.1324	1.4	1000	0.2	30	1000	0.2
1.612	34.186	1.4	1000	0.2	30	1000	0.2
1.616	34.379	1.4	1000	0.2	30	1000	0.2
1.62	34.2149	1.4	1000	0.2	30	1000	0.2
1.624	34.3431	1.4	1000	0.2	30	1000	0.2
1.628	34.2911	1.4	1000	0.2	30	1000	0.2
1.632	34.3271	1.4	1000	0.2	30	1000	0.2
1.636	34.1363	1.4	1000	0.2	30	1000	0.2
1.64	34.2581	1.4	1000	0.2	30	1000	0.2
1.644	34.0849	1.4	1000	0.2	30	1000	0.2
1.648	34.1706	1.4	1000	0.2	30	1000	0.2
1.652	34.2409	1.4	1000	0.2	30	1000	0.2
1.656	34.294	1.4	1000	0.2	30	1000	0.2
1.66	34.0529	1.4	1000	0.2	30	1000	0.2
1.664	34.0529	1.4	1000	0.2	30	1000	0.2
1.668	34.1552	1.4	1000	0.2	30	1000	0.2
1.672	34.104	1.4	1000	0.2	30	1000	0.2
1.676	34.1912	1.4	1000	0.2	30	1000	0.2
1.68	34.634	1.4	1000	0.2	30	1000	0.2
1.684	34.4006	1.4	1000	0.2	30	1000	0.2
1.688	34.435	1.4	1000	0.2	30	1000	0.2
1.692	34.4006	1.4	1000	0.2	30	1000	0.2
1.696	34.3664	1.4	1000	0.2	30	1000	0.2
1.7	34.7379	1.4	1000	0.2	30	1000	0.2
1.704	34.7721	1.4	1000	0.2	30	1000	0.2
1.708	34.7643	1.4	1000	0.2	30	1000	0.2
1.712	34.8507	1.4	1000	0.2	30	1000	0.2
1.716	34.9899	1.4	1000	0.2	30	1000	0.2
1.72	34.7993	1.4	1000	0.2	30	1000	0.2
1.724	34.8169	1.4	1000	0.2	30	1000	0.2
1.728	35.1254	1.4	1000	0.2	30	1000	0.2
1.732	34.7469	1.4	1000	0.2	30	1000	0.2
1.736	34.9647	1.4	1000	0.2	30	1000	0.2
1.74	35.0074	1.4	1000	0.2	30	1000	0.2
1.744	34.9376	1.4	1000	0.2	30	1000	0.2
1.748	35.1362	1.4	1000	0.2	30	1000	0.2
1.752	35.1556	1.4	1000	0.2	30	1000	0.2
1.756	35.2798	1.4	1000	0.2	30	1000	0.2
1.76	35.262	1.4	1000	0.2	30	1000	0.2
1.764	35.2599	1.4	1000	0.2	30	1000	0.2
1.768	35.3286	1.4	1000	0.2	30	1000	0.2
1.772	35.1806	1.4	1000	0.2	30	1000	0.2
1.776	35.2847	1.4	1000	0.2	30	1000	0.2
1.78	35.4301	1.4	1000	0.2	30	1000	0.2
1.784	35.377	1.4	1000	0.2	30	1000	0.2
1.788	34.9365	1.4	1000	0.2	30	1000	0.2
1.792	34.9538	1.4	1000	0.2	30	1000	0.2
1.796	35.377	1.4	1000	0.2	30	1000	0.2
1.8	35.8775	1.4	1000	0.2	30	1000	0.2
1.804	35.3674	1.4	1000	0.2	30	1000	0.2
1.808	35.2465	1.4	1000	0.2	30	1000	0.2
1.812	35.2974	1.4	1000	0.2	30	1000	0.2
1.816	35.1246	1.4	1000	0.2	30	1000	0.2
1.82	35.3149	1.4	1000	0.2	30	1000	0.2
1.824	35.6272	1.4	1000	0.2	30	1000	0.2
1.828	35.7273	1.4	1000	0.2	30	1000	0.2
1.832	35.7199	1.4	1000	0.2	30	1000	0.2
1.836	35.6905	1.4	1000	0.2	30	1000	0.2
1.84	35.7199	1.4	1000	0.2	30	1000	0.2
1.844	35.7066	1.4	1000	0.2	30	1000	0.2
1.848	35.6915	1.4	1000	0.2	30	1000	0.2
1.852	35.5104	1.4	1000	0.2	30	1000	0.2
1.856	35.387	1.4	1000	0.2	30	1000	0.2
1.86	34.9783	1.4	1000	0.2	30	1000	0.2
1.864	34.6523	1.4	1000	0.2	30	1000	0.2
1.868	34.5297	1.4	1000	0.2	30	1000	0.2
1.872	33.9951	1.4	1000	0.2	30	1000	0.2
1.876	33.8137	1.4	1000	0.2	30	1000	0.2
1.88	33.3799	1.4	1000	0.2	30	1000	0.2
1.884	32.5132	1.4	1000	0.2	30	1000	0.2
1.888	31.7639	1.4	1000	0.2	30	1000	0.2
1.892	31.0573	1.4	1000	0.2	30	1000	0.2
1.896	30.0463	1.4	1000	0.2	30	1000	0.2
1.9	29.1493	1.4	1000	0.2	30	1000	0.2
1.904	28.7169	1.4	1000	0.2	30	1000	0.2
1.908	28.1837	1.4	1000	0.2	30	1000	0.2
1.912	27.8531	1.4	1000	0.2	30	1000	0.2
1.916	27.6621	1.4	1000	0.2	30	1000	0.2
1.92	27.6	1.4	1000	0.2	30	1000	0.2
1.924	27.9925	1.4	1000	0.2	30	1000	0.2
1.928	28.117	1.4	1000	0.2	30	1000	0.2
1.932	28.4353	1.4	1000	0.2	30	1000	0.2
1.936	28.5753	1.4	1000	0.2	30	1000	0.2
1.94	28.8601	1.4	1000	0.2	30	1000	0.2
1.944	29.112	1.4	1000	0.2	30	1000	0.2
1.948	29.2892	1.4	1000	0.2	30	1000	0.2
1.952	29.3483	1.4	1000	0.2	30	1000	0.2
1.956	29.4073	1.4	1000	0.2	30	1000	0.2
1.96	29.6129	1.4	1000	0.2	30	1000	0.2
1.964	29.8333	1.4	1000	0.2	30	1000	0.2
1.968	30.3476	1.4	1000	0.2	30	1000	0.2
1.972	30.2968	1.4	1000	0.2	30	1000	0.2
1.976	30.8526	1.4	1000	0.2	30	1000	0.2
1.98	31.0822	1.4	1000	0.2	30	1000	0.2
1.984	31.6936	1.4	1000	0.2	30	1000	0.2
1.988	31.6706	1.4	1000	0.2	30	1000	0.2
1.992	31.7565	1.4	1000	0.2	30	1000	0.2
1.996	31.9437	1.4	1000	0.2	30	1000	0.2
2	32.0736	1.4	1000	0.2	30	1000	0.2
2.004	32.6162	1.4	1000	0.2	30	1000	0.2
2.008	32.6216	1.4	1000	0.2	30	1000	0.2
2.012	32.6111	1.4	1000	0.2	30	1000	0.2
2.016	32.5101	1.4	1000	0.2	30	1000	0.2
2.02	32.3836	1.4	1000	0.2	30	1000	0.2
2.024	32.3521	1.4	1000	0.2	30	1000	0.2
2.028	32.2893	1.4	1000	0.2	30	1000	0.2
2.032	32.18	1.4	1000	0.2	30	1000	0.2
2.036	32.2265	1.4	1000	0.2	30	1000	0.2
2.04	32.3955	1.4	1000	0.2	30	1000	0.2
2.044	32.6271	1.4	1000	0.2	30	1000	0.2
2.048	32.4643	1.4	1000	0.2	30	1000	0.2
2.052	32.5173	1.4	1000	0.2	30	1000	0.2
2.056	32.3709	1.4	1000	0.2	30	1000	0.2
2.06	32.309	1.4	1000	0.2	30	1000	0.2
2.064	32.4175	1.4	1000	0.2	30	1000	0.2
2.068	32.4175	1.4	1000	0.2	30	1000	0.2
2.072	32.019	1.4	1000	0.2	30	1000	0.2
2.076	32.0867	1.4	1000	0.2	30	1000	0.2
2.0795	31.9206	1.4	1000	0.2	30	1000	0.2
2.0803	31.8522	1.4	1000	0.2	30	1000	0.2
2.0812	31.7673	1.4	1000	0.2	30	1000	0.2
2.082	31.686	1.4	1000	0.2	30	1000	0.2
2.0828	31.707	1.4	1000	0.2	30	1000	0.2
2.0837	31.7116	1.4	1000	0.2	30	1000	0.2
2.0845	31.7194	1.4	1000	0.2	30	1000	0.2
2.0853	31.737	1.4	1000	0.2	30	1000	0.2
2.0862	31.7228	1.4	1000	0.2	30	1000	0.2
2.087	31.735	1.4	1000	0.2	30	1000	0.2
2.0879	31.726	1.4	1000	0.2	30	1000	0.2
2.0887	31.7013	1.4	1000	0.2	30	1000	0.2
2.0895	31.7104	1.4	1000	0.2	30	1000	0.2
2.0904	31.7316	1.4	1000	0.2	30	1000	0.2
2.0912	31.717	1.4	1000	0.2	30	1000	0.2
2.0921	31.7182	1.4	1000	0.2	30	1000	0.2
2.0929	31.7382	1.4	1000	0.2	30	1000	0.2
2.0938	31.7651	1.4	1000	0.2	30	1000	0.2
2.0946	31.755	1.4	1000	0.2	30	1000	0.2
2.0955	31.716	1.4	1000	0.2	30	1000	0.2
2.0963	31.6803	1.4	1000	0.2	30	1000	0.2
2.0971	31.6825	1.4	1000	0.2	30	1000	0.2
2.098	31.6847	1.4	1000	0.2	30	1000	0.2
2.0988	31.6813	1.4	1000	0.2	30	1000	0.2
2.0997	31.6847	1.4	1000	0.2	30	1000	0.2
2.1005	31.6872	1.4	1000	0.2	30	1000	0.2
2.1014	31.6803	1.4	1000	0.2	30	1000	0.2
2.1023	31.6557	1.4	1000	0.2	30	1000	0.2
2.1031	31.599	1.4	1000	0.2	30	1000	0.2
2.104	31.5834	1.4	1000	0.2	30	1000	0.2
2.1048	31.6313	1.4	1000	0.2	30	1000	0.2
2.1057	31.6435	1.4	1000	0.2	30	1000	0.2
2.1065	31.6271	1.4	1000	0.2	30	1000	0.2
2.1074	31.6557	1.4	1000	0.2	30	1000	0.2
2.1082	31.7094	1.4	1000	0.2	30	1000	0.2
2.1091	31.7382	1.4	1000	0.2	30	1000	0.2
2.11	31.6691	1.4	1000	0.2	30	1000	0.2
2.1108	31.6169	1.4	1000	0.2	30	1000	0.2
2.1117	31.5959	1.4	1000	0.2	30	1000	0.2
2.1125	31.5439	1.4	1000	0.2	30	1000	0.2
2.1134	31.5004	1.4	1000	0.2	30	1000	0.2
2.1143	31.5304	1.4	1000	0.2	30	1000	0.2
2.1151	31.5502	1.4	1000	0.2	30	1000	0.2
2.116	31.557	1.4	1000	0.2	30	1000	0.2
2.1168	31.5602	1.4	1000	0.2	30	1000	0.2
2.1177	31.547	1.4	1000	0.2	30	1000	0.2
2.1186	31.486	1.4	1000	0.2	30	1000	0.2
2.1194	31.4152	1.4	1000	0.2	30	1000	0.2
2.1203	31.4132	1.4	1000	0.2	30	1000	0.2
2.1212	31.4662	1.4	1000	0.2	30	1000	0.2
2.122	31.4494	1.4	1000	0.2	30	1000	0.2
2.1229	31.4342	1.4	1000	0.2	30	1000	0.2
2.1238	31.4738	1.4	1000	0.2	30	1000	0.2
2.1247	31.4806	1.4	1000	0.2	30	1000	0.2
2.1255	31.4308	1.4	1000	0.2	30	1000	0.2
2.1264	31.381	1.4	1000	0.2	30	1000	0.2
2.1273	31.4111	1.4	1000	0.2	30	1000	0.2
2.1281	31.4465	1.4	1000	0.2	30	1000	0.2
2.129	31.3898	1.4	1000	0.2	30	1000	0.2
2.1299	31.3273	1.4	1000	0.2	30	1000	0.2
2.1308	31.3283	1.4	1000	0.2	30	1000	0.2
2.1316	31.3327	1.4	1000	0.2	30	1000	0.2
2.1325	31.2997	1.4	1000	0.2	30	1000	0.2
2.1334	31.2646	1.4	1000	0.2	30	1000	0.2
2.1343	31.2953	1.4	1000	0.2	30	1000	0.2
2.1352	31.3107	1.4	1000	0.2	30	1000	0.2
2.136	31.2931	1.4	1000	0.2	30	1000	0.2
2.1369	31.2853	1.4	1000	0.2	30	1000	0.2
2.1378	31.2997	1.4	1000	0.2	30	1000	0.2
2.1387	31.3151	1.4	1000	0.2	30	1000	0.2
2.1396	31.3073	1.4	1000	0.2	30	1000	0.2
2.1404	31.2709	1.4	1000	0.2	30	1000	0.2
2.1413	31.2524	1.4	1000	0.2	30	1000	0.2
2.1422	31.2272	1.4	1000	0.2	30	1000	0.2
2.1431	31.225	1.4	1000	0.2	30	1000	0.2
2.144	31.2438	1.4	1000	0.2	30	1000	0.2
2.1449	31.2799	1.4	1000	0.2	30	1000	0.2
2.1458	31.3217	1.4	1000	0.2	30	1000	0.2
2.1466	31.3424	1.4	1000	0.2	30	1000	0.2
2.1475	31.3678	1.4	1000	0.2	30	1000	0.2
2.1484	31.3591	1.4	1000	0.2	30	1000	0.2
2.1493	31.3261	1.4	1000	0.2	30	1000	0.2
2.1502	31.3151	1.4	1000	0.2	30	1000	0.2
2.1511	31.3361	1.4	1000	0.2	30	1000	0.2
2.152	31.3405	1.4	1000	0.2	30	1000	0.2
2.1529	31.3217	1.4	1000	0.2	30	1000	0.2
2.1538	31.3337	1.4	1000	0.2	30	1000	0.2
2.1547	31.3869	1.4	1000	0.2	30	1000	0.2
2.1556	31.4032	1.4	1000	0.2	30	1000	0.2
2.1565	31.4233	1.4	1000	0.2	30	1000	0.2
2.1574	31.465	1.4	1000	0.2	30	1000	0.2
2.1583	31.506	1.4	1000	0.2	30	1000	0.2
2.1592	31.5016	1.4	1000	0.2	30	1000	0.2
2.1601	31.4731	1.4	1000	0.2	30	1000	0.2
2.161	31.476	1.4	1000	0.2	30	1000	0.2
2.1619	31.476	1.4	1000	0.2	30	1000	0.2
2.1628	31.4494	1.4	1000	0.2	30	1000	0.2
2.1637	31.4506	1.4	1000	0.2	30	1000	0.2
2.1646	31.475	1.4	1000	0.2	30	1000	0.2
2.1655	31.506	1.4	1000	0.2	30	1000	0.2
2.1664	31.5448	1.4	1000	0.2	30	1000	0.2
2.1673	31.5805	1.4	1000	0.2	30	1000	0.2
2.1682	31.6359	1.4	1000	0.2	30	1000	0.2
2.1691	31.6901	1.4	1000	0.2	30	1000	0.2
2.17	31.7338	1.4	1000	0.2	30	1000	0.2
2.1709	31.7726	1.4	1000	0.2	30	1000	0.2
2.1718	31.8019	1.4	1000	0.2	30	1000	0.2
2.1727	31.8075	1.4	1000	0.2	30	1000	0.2
2.1736	31.776	1.4	1000	0.2	30	1000	0.2
2.1746	31.7604	1.4	1000	0.2	30	1000	0.2
2.1755	31.7719	1.4	1000	0.2	30	1000	0.2
2.1764	31.7861	1.4	1000	0.2	30	1000	0.2
2.1773	31.8175	1.4	1000	0.2	30	1000	0.2
2.1782	31.8376	1.4	1000	0.2	30	1000	0.2
2.1791	31.8219	1.4	1000	0.2	30	1000	0.2
2.18	31.7973	1.4	1000	0.2	30	1000	0.2
2.181	31.7638	1.4	1000	0.2	30	1000	0.2
2.1819	31.7492	1.4	1000	0.2	30	1000	0.2
2.1828	31.735	1.4	1000	0.2	30	1000	0.2
2.1837	31.7304	1.4	1000	0.2	30	1000	0.2
2.1846	31.7326	1.4	1000	0.2	30	1000	0.2
2.1856	31.7316	1.4	1000	0.2	30	1000	0.2
2.1865	31.7035	1.4	1000	0.2	30	1000	0.2
2.1874	31.686	1.4	1000	0.2	30	1000	0.2
2.1883	31.7182	1.4	1000	0.2	30	1000	0.2
2.1893	31.745	1.4	1000	0.2	30	1000	0.2
2.1902	31.7492	1.4	1000	0.2	30	1000	0.2
2.1911	31.7873	1.4	1000	0.2	30	1000	0.2
2.192	31.8434	1.4	1000	0.2	30	1000	0.2
2.193	31.9228	1.4	1000	0.2	30	1000	0.2
2.1939	31.953	1.4	1000	0.2	30	1000	0.2
2.1948	31.9181	1.4	1000	0.2	30	1000	0.2
2.1957	31.8915	1.4	1000	0.2	30	1000	0.2
2.1967	31.8376	1.4	1000	0.2	30	1000	0.2
2.1976	31.7651	1.4	1000	0.2	30	1000	0.2
2.1985	31.7135	1.4	1000	0.2	30	1000	0.2
2.1995	31.6791	1.4	1000	0.2	30	1000	0.2
2.2004	31.6913	1.4	1000	0.2	30	1000	0.2
2.2013	31.7282	1.4	1000	0.2	30	1000	0.2
2.2023	31.7685	1.4	1000	0.2	30	1000	0.2
2.2032	31.8322	1.4	1000	0.2	30	1000	0.2
2.2041	31.9128	1.4	1000	0.2	30	1000	0.2
2.2051	31.9552	1.4	1000	0.2	30	1000	0.2
2.206	31.9621	1.4	1000	0.2	30	1000	0.2
2.207	31.9406	1.4	1000	0.2	30	1000	0.2
2.2079	31.9194	1.4	1000	0.2	30	1000	0.2
2.2088	31.914	1.4	1000	0.2	30	1000	0.2
2.2098	31.9328	1.4	1000	0.2	30	1000	0.2
2.2107	31.9745	1.4	1000	0.2	30	1000	0.2
2.2117	32.0136	1.4	1000	0.2	30	1000	0.2
2.2126	32.0082	1.4	1000	0.2	30	1000	0.2
2.2136	32.0116	1.4	1000	0.2	30	1000	0.2
2.2145	32.026	1.4	1000	0.2	30	1000	0.2
2.2155	32.0014	1.4	1000	0.2	30	1000	0.2
2.2164	31.9406	1.4	1000	0.2	30	1000	0.2
2.2173	31.915	1.4	1000	0.2	30	1000	0.2
2.2183	31.9396	1.4	1000	0.2	30	1000	0.2
2.2192	31.9777	1.4	1000	0.2	30	1000	0.2
2.2202	31.9945	1.4	1000	0.2	30	1000	0.2
2.2211	32.016	1.4	1000	0.2	30	1000	0.2
2.2221	32.0229	1.4	1000	0.2	30	1000	0.2
2.2231	31.9992	1.4	1000	0.2	30	1000	0.2
2.224	31.9518	1.4	1000	0.2	30	1000	0.2
2.225	31.9228	1.4	1000	0.2	30	1000	0.2
2.2259	31.9128	1.4	1000	0.2	30	1000	0.2
2.2269	31.925	1.4	1000	0.2	30	1000	0.2
2.2278	31.9362	1.4	1000	0.2	30	1000	0.2
2.2288	31.9262	1.4	1000	0.2	30	1000	0.2
2.2297	31.9047	1.4	1000	0.2	30	1000	0.2
2.2307	31.8959	1.4	1000	0.2	30	1000	0.2
2.2317	31.86	1.4	1000	0.2	30	1000	0.2
2.2326	31.7995	1.4	1000	0.2	30	1000	0.2
2.2336	31.7416	1.4	1000	0.2	30	1000	0.2
2.2345	31.7248	1.4	1000	0.2	30	1000	0.2
2.2355	31.7082	1.4	1000	0.2	30	1000	0.2
2.2365	31.6713	1.4	1000	0.2	30	1000	0.2
2.2374	31.6403	1.4	1000	0.2	30	1000	0.2
2.2384	31.6237	1.4	1000	0.2	30	1000	0.2
2.2394	31.5903	1.4	1000	0.2	30	1000	0.2
2.2403	31.558	1.4	1000	0.2	30	1000	0.2
2.2413	31.548	1.4	1000	0.2	30	1000	0.2
2.2423	31.5414	1.4	1000	0.2	30	1000	0.2
2.2433	31.4806	1.4	1000	0.2	30	1000	0.2
2.2442	31.4098	1.4	1000	0.2	30	1000	0.2
2.2452	31.3637	1.4	1000	0.2	30	1000	0.2
2.2462	31.3195	1.4	1000	0.2	30	1000	0.2
2.2471	31.2426	1.4	1000	0.2	30	1000	0.2
2.2481	31.1811	1.4	1000	0.2	30	1000	0.2
2.2491	31.1603	1.4	1000	0.2	30	1000	0.2
2.2501	31.1232	1.4	1000	0.2	30	1000	0.2
2.251	31.038	1.4	1000	0.2	30	1000	0.2
2.252	30.9889	1.4	1000	0.2	30	1000	0.2
2.253	30.9782	1.4	1000	0.2	30	1000	0.2
2.254	30.9445	1.4	1000	0.2	30	1000	0.2
2.255	30.8791	1.4	1000	0.2	30	1000	0.2
2.2559	30.8315	1.4	1000	0.2	30	1000	0.2
2.2569	30.7958	1.4	1000	0.2	30	1000	0.2
2.2579	30.7287	1.4	1000	0.2	30	1000	0.2
2.2589	30.62	1.4	1000	0.2	30	1000	0.2
2.2599	30.5275	1.4	1000	0.2	30	1000	0.2
2.2609	30.4823	1.4	1000	0.2	30	1000	0.2
2.2618	30.4589	1.4	1000	0.2	30	1000	0.2
2.2628	30.4313	1.4	1000	0.2	30	1000	0.2
2.2638	30.4076	1.4	1000	0.2	30	1000	0.2
2.2648	30.3927	1.4	1000	0.2	30	1000	0.2
2.2658	30.3832	1.4	1000	0.2	30	1000	0.2
2.2668	30.319	1.4	1000	0.2	30	1000	0.2
2.2678	30.2572	1.4	1000	0.2	30	1000	0.2
2.2688	30.2265	1.4	1000	0.2	30	1000	0.2
2.2698	30.2201	1.4	1000	0.2	30	1000	0.2
2.2708	30.2116	1.4	1000	0.2	30	1000	0.2
2.2718	30.2116	1.4	1000	0.2	30	1000	0.2
2.2728	30.2404	1.4	1000	0.2	30	1000	0.2
2.2738	30.2839	1.4	1000	0.2	30	1000	0.2
2.2747	30.299	1.4	1000	0.2	30	1000	0.2
2.2757	30.2892	1.4	1000	0.2	30	1000	0.2
2.2767	30.2563	1.4	1000	0.2	30	1000	0.2
2.2777	30.2265	1.4	1000	0.2	30	1000	0.2
2.2787	30.2084	1.4	1000	0.2	30	1000	0.2
2.2798	30.2179	1.4	1000	0.2	30	1000	0.2
2.2808	30.2338	1.4	1000	0.2	30	1000	0.2
2.2818	30.255	1.4	1000	0.2	30	1000	0.2
2.2828	30.2743	1.4	1000	0.2	30	1000	0.2
2.2838	30.268	1.4	1000	0.2	30	1000	0.2
2.2848	30.2372	1.4	1000	0.2	30	1000	0.2
2.2858	30.2211	1.4	1000	0.2	30	1000	0.2
2.2868	30.2328	1.4	1000	0.2	30	1000	0.2
2.2878	30.2839	1.4	1000	0.2	30	1000	0.2
2.2888	30.3224	1.4	1000	0.2	30	1000	0.2
2.2898	30.3446	1.4	1000	0.2	30	1000	0.2
2.2908	30.3586	1.4	1000	0.2	30	1000	0.2
2.2918	30.3468	1.4	1000	0.2	30	1000	0.2
2.2929	30.3212	1.4	1000	0.2	30	1000	0.2
2.2939	30.3073	1.4	1000	0.2	30	1000	0.2
2.2949	30.3136	1.4	1000	0.2	30	1000	0.2
2.2959	30.3371	1.4	1000	0.2	30	1000	0.2
2.2969	30.351	1.4	1000	0.2	30	1000	0.2
2.2979	30.3659	1.4	1000	0.2	30	1000	0.2
2.299	30.3659	1.4	1000	0.2	30	1000	0.2
2.3	30.3342	1.4	1000	0.2	30	1000	0.2
2.301	30.3117	1.4	1000	0.2	30	1000	0.2
2.302	30.319	1.4	1000	0.2	30	1000	0.2
2.303	30.3329	1.4	1000	0.2	30	1000	0.2
2.3041	30.332	1.4	1000	0.2	30	1000	0.2
2.3051	30.3146	1.4	1000	0.2	30	1000	0.2
2.3061	30.3051	1.4	1000	0.2	30	1000	0.2
2.3071	30.3073	1.4	1000	0.2	30	1000	0.2
2.3082	30.3117	1.4	1000	0.2	30	1000	0.2
2.3092	30.3202	1.4	1000	0.2	30	1000	0.2
2.3102	30.3285	1.4	1000	0.2	30	1000	0.2
2.3113	30.3263	1.4	1000	0.2	30	1000	0.2
2.3123	30.3212	1.4	1000	0.2	30	1000	0.2
2.3133	30.3012	1.4	1000	0.2	30	1000	0.2
2.3144	30.2968	1.4	1000	0.2	30	1000	0.2
2.3154	30.3136	1.4	1000	0.2	30	1000	0.2
2.3164	30.3329	1.4	1000	0.2	30	1000	0.2
2.3175	30.3381	1.4	1000	0.2	30	1000	0.2
2.3185	30.3437	1.4	1000	0.2	30	1000	0.2
2.3195	30.3381	1.4	1000	0.2	30	1000	0.2
2.3206	30.3381	1.4	1000	0.2	30	1000	0.2
2.3216	30.3263	1.4	1000	0.2	30	1000	0.2
2.3226	30.3158	1.4	1000	0.2	30	1000	0.2
2.3237	30.3117	1.4	1000	0.2	30	1000	0.2
2.3247	30.2934	1.4	1000	0.2	30	1000	0.2
2.3258	30.2489	1.4	1000	0.2	30	1000	0.2
2.3268	30.2277	1.4	1000	0.2	30	1000	0.2
2.3279	30.1957	1.4	1000	0.2	30	1000	0.2
2.3289	30.1586	1.4	1000	0.2	30	1000	0.2
2.33	30.1279	1.4	1000	0.2	30	1000	0.2
2.331	30.1237	1.4	1000	0.2	30	1000	0.2
2.3321	30.1342	1.4	1000	0.2	30	1000	0.2
2.3331	30.13	1.4	1000	0.2	30	1000	0.2
2.3342	30.1037	1.4	1000	0.2	30	1000	0.2
2.3352	30.1037	1.4	1000	0.2	30	1000	0.2
2.3363	30.1047	1.4	1000	0.2	30	1000	0.2
2.3373	30.0993	1.4	1000	0.2	30	1000	0.2
2.3384	30.0981	1.4	1000	0.2	30	1000	0.2
2.3394	30.1037	1.4	1000	0.2	30	1000	0.2
2.3405	30.0981	1.4	1000	0.2	30	1000	0.2
2.3415	30.0739	1.4	1000	0.2	30	1000	0.2
2.3426	30.0329	1.4	1000	0.2	30	1000	0.2
2.3436	30.0202	1.4	1000	0.2	30	1000	0.2
2.3447	30.019	1.4	1000	0.2	30	1000	0.2
2.3458	30.0129	1.4	1000	0.2	30	1000	0.2
2.3468	30.018	1.4	1000	0.2	30	1000	0.2
2.3479	30.0434	1.4	1000	0.2	30	1000	0.2
2.349	30.0654	1.4	1000	0.2	30	1000	0.2
2.35	30.0815	1.4	1000	0.2	30	1000	0.2
2.3511	30.1069	1.4	1000	0.2	30	1000	0.2
2.3522	30.1352	1.4	1000	0.2	30	1000	0.2
2.3532	30.1342	1.4	1000	0.2	30	1000	0.2
2.3543	30.1152	1.4	1000	0.2	30	1000	0.2
2.3554	30.0964	1.4	1000	0.2	30	1000	0.2
2.3564	30.0802	1.4	1000	0.2	30	1000	0.2
2.3575	30.0729	1.4	1000	0.2	30	1000	0.2
2.3586	30.0793	1.4	1000	0.2	30	1000	0.2
2.3597	30.0824	1.4	1000	0.2	30	1000	0.2
2.3607	30.071	1.4	1000	0.2	30	1000	0.2
2.3618	30.0583	1.4	1000	0.2	30	1000	0.2
2.3629	30.0571	1.4	1000	0.2	30	1000	0.2
2.364	30.0517	1.4	1000	0.2	30	1000	0.2
2.365	30.039	1.4	1000	0.2	30	1000	0.2
2.3661	30.0202	1.4	1000	0.2	30	1000	0.2
2.3672	29.997	1.4	1000	0.2	30	1000	0.2
2.3683	29.9601	1.4	1000	0.2	30	1000	0.2
2.3694	29.9316	1.4	1000	0.2	30	1000	0.2
2.3704	29.8991	1.4	1000	0.2	30	1000	0.2
2.3715	29.8739	1.4	1000	0.2	30	1000	0.2
2.3726	29.8634	1.4	1000	0.2	30	1000	0.2
2.3737	29.8508	1.4	1000	0.2	30	1000	0.2
2.3748	29.8381	1.4	1000	0.2	30	1000	0.2
2.3759	29.832	1.4	1000	0.2	30	1000	0.2
2.377	29.8349	1.4	1000	0.2	30	1000	0.2
2.3781	29.8234	1.4	1000	0.2	30	1000	0.2
2.3791	29.79	1.4	1000	0.2	30	1000	0.2
2.3802	29.768	1.4	1000	0.2	30	1000	0.2
2.3813	29.767	1.4	1000	0.2	30	1000	0.2
2.3824	29.768	1.4	1000	0.2	30	1000	0.2
2.3835	29.7629	1.4	1000	0.2	30	1000	0.2
2.3846	29.7565	1.4	1000	0.2	30	1000	0.2
2.3857	29.7389	1.4	1000	0.2	30	1000	0.2
2.3868	29.6928	1.4	1000	0.2	30	1000	0.2
2.3879	29.6615	1.4	1000	0.2	30	1000	0.2
2.389	29.6762	1.4	1000	0.2	30	1000	0.2
2.3901	29.7199	1.4	1000	0.2	30	1000	0.2
2.3912	29.7734	1.4	1000	0.2	30	1000	0.2
2.3923	29.7992	1.4	1000	0.2	30	1000	0.2
2.3934	29.7826	1.4	1000	0.2	30	1000	0.2
2.3945	29.7419	1.4	1000	0.2	30	1000	0.2
2.3956	29.6752	1.4	1000	0.2	30	1000	0.2
2.3967	29.623	1.4	1000	0.2	30	1000	0.2
2.3979	29.6054	1.4	1000	0.2	30	1000	0.2
2.399	29.5968	1.4	1000	0.2	30	1000	0.2
2.4001	29.6032	1.4	1000	0.2	30	1000	0.2
2.4012	29.5793	1.4	1000	0.2	30	1000	0.2
2.4023	29.5387	1.4	1000	0.2	30	1000	0.2
2.4034	29.4994	1.4	1000	0.2	30	1000	0.2
2.4045	29.457	1.4	1000	0.2	30	1000	0.2
2.4056	29.4333	1.4	1000	0.2	30	1000	0.2
2.4068	29.4445	1.4	1000	0.2	30	1000	0.2
2.4079	29.4592	1.4	1000	0.2	30	1000	0.2
2.409	29.4592	1.4	1000	0.2	30	1000	0.2
2.4101	29.4384	1.4	1000	0.2	30	1000	0.2
2.4112	29.4196	1.4	1000	0.2	30	1000	0.2
2.4124	29.3879	1.4	1000	0.2	30	1000	0.2
2.4135	29.3403	1.4	1000	0.2	30	1000	0.2
2.4146	29.2909	1.4	1000	0.2	30	1000	0.2
2.4157	29.2526	1.4	1000	0.2	30	1000	0.2
2.4169	29.2231	1.4	1000	0.2	30	1000	0.2
2.418	29.1962	1.4	1000	0.2	30	1000	0.2
2.4191	29.1647	1.4	1000	0.2	30	1000	0.2
2.4202	29.1462	1.4	1000	0.2	30	1000	0.2
2.4214	29.1093	1.4	1000	0.2	30	1000	0.2
2.4225	29.0451	1.4	1000	0.2	30	1000	0.2
2.4236	28.9745	1.4	1000	0.2	30	1000	0.2
2.4248	28.9032	1.4	1000	0.2	30	1000	0.2
2.4259	28.8566	1.4	1000	0.2	30	1000	0.2
2.427	28.8454	1.4	1000	0.2	30	1000	0.2
2.4282	28.8232	1.4	1000	0.2	30	1000	0.2
2.4293	28.7978	1.4	1000	0.2	30	1000	0.2
2.4305	28.7575	1.4	1000	0.2	30	1000	0.2
2.4316	28.6999	1.4	1000	0.2	30	1000	0.2
2.4327	28.6357	1.4	1000	0.2	30	1000	0.2
2.4339	28.5641	1.4	1000	0.2	30	1000	0.2
2.435	28.5099	1.4	1000	0.2	30	1000	0.2
2.4362	28.4921	1.4	1000	0.2	30	1000	0.2
2.4373	28.4802	1.4	1000	0.2	30	1000	0.2
2.4385	28.4509	1.4	1000	0.2	30	1000	0.2
2.4396	28.394	1.4	1000	0.2	30	1000	0.2
2.4408	28.3263	1.4	1000	0.2	30	1000	0.2
2.4419	28.2458	1.4	1000	0.2	30	1000	0.2
2.4431	28.1625	1.4	1000	0.2	30	1000	0.2
2.4442	28.0954	1.4	1000	0.2	30	1000	0.2
2.4454	28.0698	1.4	1000	0.2	30	1000	0.2
2.4465	28.0578	1.4	1000	0.2	30	1000	0.2
2.4477	28.0409	1.4	1000	0.2	30	1000	0.2
2.4488	28.0085	1.4	1000	0.2	30	1000	0.2
2.45	27.9684	1.4	1000	0.2	30	1000	0.2
2.4511	27.9203	1.4	1000	0.2	30	1000	0.2
2.4523	27.8869	1.4	1000	0.2	30	1000	0.2
2.4535	27.8368	1.4	1000	0.2	30	1000	0.2
2.4546	27.7665	1.4	1000	0.2	30	1000	0.2
2.4558	27.6886	1.4	1000	0.2	30	1000	0.2
2.4569	27.6178	1.4	1000	0.2	30	1000	0.2
2.4581	27.5566	1.4	1000	0.2	30	1000	0.2
2.4593	27.4968	1.4	1000	0.2	30	1000	0.2
2.4604	27.434	1.4	1000	0.2	30	1000	0.2
2.4616	27.3984	1.4	1000	0.2	30	1000	0.2
2.4628	27.3686	1.4	1000	0.2	30	1000	0.2
2.464	27.3251	1.4	1000	0.2	30	1000	0.2
2.4651	27.2792	1.4	1000	0.2	30	1000	0.2
2.4663	27.2304	1.4	1000	0.2	30	1000	0.2
2.4675	27.2045	1.4	1000	0.2	30	1000	0.2
2.4686	27.172	1.4	1000	0.2	30	1000	0.2
2.4698	27.113	1.4	1000	0.2	30	1000	0.2
2.471	27.0358	1.4	1000	0.2	30	1000	0.2
2.4722	26.9799	1.4	1000	0.2	30	1000	0.2
2.4734	26.926	1.4	1000	0.2	30	1000	0.2
2.4745	26.8578	1.4	1000	0.2	30	1000	0.2
2.4757	26.8088	1.4	1000	0.2	30	1000	0.2
2.4769	26.7863	1.4	1000	0.2	30	1000	0.2
2.4781	26.7392	1.4	1000	0.2	30	1000	0.2
2.4793	26.683	1.4	1000	0.2	30	1000	0.2
2.4805	26.6313	1.4	1000	0.2	30	1000	0.2
2.4816	26.5905	1.4	1000	0.2	30	1000	0.2
2.4828	26.5605	1.4	1000	0.2	30	1000	0.2
2.484	26.539	1.4	1000	0.2	30	1000	0.2
2.4852	26.539	1.4	1000	0.2	30	1000	0.2
2.4864	26.5258	1.4	1000	0.2	30	1000	0.2
2.4876	26.4765	1.4	1000	0.2	30	1000	0.2
2.4888	26.4311	1.4	1000	0.2	30	1000	0.2
2.49	26.405	1.4	1000	0.2	30	1000	0.2
2.4912	26.3781	1.4	1000	0.2	30	1000	0.2
2.4924	26.3635	1.4	1000	0.2	30	1000	0.2
2.4936	26.3393	1.4	1000	0.2	30	1000	0.2
2.4948	26.3124	1.4	1000	0.2	30	1000	0.2
2.496	26.2866	1.4	1000	0.2	30	1000	0.2
2.4972	26.2414	1.4	1000	0.2	30	1000	0.2
2.4984	26.1826	1.4	1000	0.2	30	1000	0.2
2.4996	26.141	1.4	1000	0.2	30	1000	0.2
2.5008	26.131	1.4	1000	0.2	30	1000	0.2
2.502	26.1457	1.4	1000	0.2	30	1000	0.2
2.5032	26.153	1.4	1000	0.2	30	1000	0.2
2.5044	26.1796	1.4	1000	0.2	30	1000	0.2
2.5056	26.2026	1.4	1000	0.2	30	1000	0.2
2.5068	26.2026	1.4	1000	0.2	30	1000	0.2
2.5081	26.1833	1.4	1000	0.2	30	1000	0.2
2.5093	26.1677	1.4	1000	0.2	30	1000	0.2
2.5105	26.1576	1.4	1000	0.2	30	1000	0.2
2.5117	26.1493	1.4	1000	0.2	30	1000	0.2
2.5129	26.1501	1.4	1000	0.2	30	1000	0.2
2.5141	26.1501	1.4	1000	0.2	30	1000	0.2
2.5154	26.1347	1.4	1000	0.2	30	1000	0.2
2.5166	26.1171	1.4	1000	0.2	30	1000	0.2
2.5178	26.1262	1.4	1000	0.2	30	1000	0.2
2.519	26.1401	1.4	1000	0.2	30	1000	0.2
2.5202	26.1347	1.4	1000	0.2	30	1000	0.2
2.5215	26.1237	1.4	1000	0.2	30	1000	0.2
2.5227	26.1208	1.4	1000	0.2	30	1000	0.2
2.5239	26.1218	1.4	1000	0.2	30	1000	0.2
2.5252	26.1247	1.4	1000	0.2	30	1000	0.2
2.5264	26.1262	1.4	1000	0.2	30	1000	0.2
2.5276	26.1493	1.4	1000	0.2	30	1000	0.2
2.5289	26.1716	1.4	1000	0.2	30	1000	0.2
2.5301	26.1786	1.4	1000	0.2	30	1000	0.2
2.5313	26.1696	1.4	1000	0.2	30	1000	0.2
2.5326	26.1467	1.4	1000	0.2	30	1000	0.2
2.5338	26.141	1.4	1000	0.2	30	1000	0.2
2.535	26.1401	1.4	1000	0.2	30	1000	0.2
2.5363	26.1484	1.4	1000	0.2	30	1000	0.2
2.5375	26.1769	1.4	1000	0.2	30	1000	0.2
2.5388	26.1999	1.4	1000	0.2	30	1000	0.2
2.54	26.2284	1.4	1000	0.2	30	1000	0.2
2.5413	26.2577	1.4	1000	0.2	30	1000	0.2
2.5425	26.2597	1.4	1000	0.2	30	1000	0.2
2.5437	26.2673	1.4	1000	0.2	30	1000	0.2
2.545	26.2783	1.4	1000	0.2	30	1000	0.2
2.5462	26.3014	1.4	1000	0.2	30	1000	0.2
2.5475	26.3097	1.4	1000	0.2	30	1000	0.2
2.5487	26.2856	1.4	1000	0.2	30	1000	0.2
2.55	26.2746	1.4	1000	0.2	30	1000	0.2
2.5513	26.2829	1.4	1000	0.2	30	1000	0.2
2.5525	26.3088	1.4	1000	0.2	30	1000	0.2
2.5538	26.3569	1.4	1000	0.2	30	1000	0.2
2.555	26.4179	1.4	1000	0.2	30	1000	0.2
2.5563	26.4736	1.4	1000	0.2	30	1000	0.2
2.5575	26.4858	1.4	1000	0.2	30	1000	0.2
2.5588	26.4636	1.4	1000	0.2	30	1000	0.2
2.5601	26.4357	1.4	1000	0.2	30	1000	0.2
2.5613	26.4238	1.4	1000	0.2	30	1000	0.2
2.5626	26.443	1.4	1000	0.2	30	1000	0.2
2.5639	26.4924	1.4	1000	0.2	30	1000	0.2
2.5651	26.5453	1.4	1000	0.2	30	1000	0.2
2.5664	26.5803	1.4	1000	0.2	30	1000	0.2
2.5677	26.5856	1.4	1000	0.2	30	1000	0.2
2.569	26.5605	1.4	1000	0.2	30	1000	0.2
2.5702	26.5344	1.4	1000	0.2	30	1000	0.2
2.5715	26.5129	1.4	1000	0.2	30	1000	0.2
2.5728	26.4924	1.4	1000	0.2	30	1000	0.2
2.5741	26.4887	1.4	1000	0.2	30	1000	0.2
2.5753	26.5016	1.4	1000	0.2	30	1000	0.2
2.5766	26.5429	1.4	1000	0.2	30	1000	0.2
2.5779	26.5866	1.4	1000	0.2	30	1000	0.2
2.5792	26.5978	1.4	1000	0.2	30	1000	0.2
2.5805	26.6061	1.4	1000	0.2	30	1000	0.2
2.5817	26.6008	1.4	1000	0.2	30	1000	0.2
2.583	26.5453	1.4	1000	0.2	30	1000	0.2
2.5843	26.4933	1.4	1000	0.2	30	1000	0.2
2.5856	26.4831	1.4	1000	0.2	30	1000	0.2
2.5869	26.5297	1.4	1000	0.2	30	1000	0.2
2.5882	26.6034	1.4	1000	0.2	30	1000	0.2
2.5895	26.621	1.4	1000	0.2	30	1000	0.2
2.5908	26.5793	1.4	1000	0.2	30	1000	0.2
2.5921	26.5119	1.4	1000	0.2	30	1000	0.2
2.5934	26.4421	1.4	1000	0.2	30	1000	0.2
2.5947	26.4162	1.4	1000	0.2	30	1000	0.2
2.596	26.4523	1.4	1000	0.2	30	1000	0.2
2.5973	26.5351	1.4	1000	0.2	30	1000	0.2
2.5986	26.6332	1.4	1000	0.2	30	1000	0.2
2.5999	26.6782	1.4	1000	0.2	30	1000	0.2
2.6012	26.6401	1.4	1000	0.2	30	1000	0.2
2.6025	26.5641	1.4	1000	0.2	30	1000	0.2
2.6038	26.5007	1.4	1000	0.2	30	1000	0.2
2.6051	26.4701	1.4	1000	0.2	30	1000	0.2
2.6064	26.4682	1.4	1000	0.2	30	1000	0.2
2.6077	26.4841	1.4	1000	0.2	30	1000	0.2
2.609	26.5099	1.4	1000	0.2	30	1000	0.2
2.6103	26.5568	1.4	1000	0.2	30	1000	0.2
2.6117	26.5575	1.4	1000	0.2	30	1000	0.2
2.613	26.509	1.4	1000	0.2	30	1000	0.2
2.6143	26.4692	1.4	1000	0.2	30	1000	0.2
2.6156	26.4291	1.4	1000	0.2	30	1000	0.2
2.6169	26.3688	1.4	1000	0.2	30	1000	0.2
2.6183	26.3178	1.4	1000	0.2	30	1000	0.2
2.6196	26.3058	1.4	1000	0.2	30	1000	0.2
2.6209	26.3207	1.4	1000	0.2	30	1000	0.2
2.6222	26.2856	1.4	1000	0.2	30	1000	0.2
2.6236	26.2468	1.4	1000	0.2	30	1000	0.2
2.6249	26.2424	1.4	1000	0.2	30	1000	0.2
2.6262	26.1945	1.4	1000	0.2	30	1000	0.2
2.6275	26.1108	1.4	1000	0.2	30	1000	0.2
2.6289	26.0446	1.4	1000	0.2	30	1000	0.2
2.6302	25.9936	1.4	1000	0.2	30	1000	0.2
2.6315	25.947	1.4	1000	0.2	30	1000	0.2
2.6329	25.8886	1.4	1000	0.2	30	1000	0.2
2.6342	25.8705	1.4	1000	0.2	30	1000	0.2
2.6356	25.8735	1.4	1000	0.2	30	1000	0.2
2.6369	25.8415	1.4	1000	0.2	30	1000	0.2
2.6382	25.8061	1.4	1000	0.2	30	1000	0.2
2.6396	25.7743	1.4	1000	0.2	30	1000	0.2
2.6409	25.7148	1.4	1000	0.2	30	1000	0.2
2.6423	25.6408	1.4	1000	0.2	30	1000	0.2
2.6436	25.5698	1.4	1000	0.2	30	1000	0.2
2.645	25.516	1.4	1000	0.2	30	1000	0.2
2.6463	25.4533	1.4	1000	0.2	30	1000	0.2
2.6477	25.3683	1.4	1000	0.2	30	1000	0.2
2.649	25.2802	1.4	1000	0.2	30	1000	0.2
2.6504	25.1852	1.4	1000	0.2	30	1000	0.2
2.6517	25.0908	1.4	1000	0.2	30	1000	0.2
2.6531	25.0231	1.4	1000	0.2	30	1000	0.2
2.6545	24.9477	1.4	1000	0.2	30	1000	0.2
2.6558	24.8661	1.4	1000	0.2	30	1000	0.2
2.6572	24.7739	1.4	1000	0.2	30	1000	0.2
2.6585	24.674	1.4	1000	0.2	30	1000	0.2
2.6599	24.5417	1.4	1000	0.2	30	1000	0.2
2.6613	24.3647	1.4	1000	0.2	30	1000	0.2
2.6626	24.1769	1.4	1000	0.2	30	1000	0.2
2.664	24.0119	1.4	1000	0.2	30	1000	0.2
2.6654	23.8163	1.4	1000	0.2	30	1000	0.2
2.6667	23.6027	1.4	1000	0.2	30	1000	0.2
2.6681	23.4318	1.4	1000	0.2	30	1000	0.2
2.6695	23.3078	1.4	1000	0.2	30	1000	0.2
2.6709	23.1738	1.4	1000	0.2	30	1000	0.2
2.6722	23.0092	1.4	1000	0.2	30	1000	0.2
2.6736	22.8112	1.4	1000	0.2	30	1000	0.2
2.675	22.5998	1.4	1000	0.2	30	1000	0.2
2.6764	22.3535	1.4	1000	0.2	30	1000	0.2
2.6778	22.0795	1.4	1000	0.2	30	1000	0.2
2.6791	21.8181	1.4	1000	0.2	30	1000	0.2
2.6805	21.5612	1.4	1000	0.2	30	1000	0.2
2.6819	21.279	1.4	1000	0.2	30	1000	0.2
2.6833	20.9792	1.4	1000	0.2	30	1000	0.2
2.6847	20.6594	1.4	1000	0.2	30	1000	0.2
2.6861	20.301	1.4	1000	0.2	30	1000	0.2
2.6875	19.9177	1.4	1000	0.2	30	1000	0.2
2.6889	19.4946	1.4	1000	0.2	30	1000	0.2
2.6903	19.0388	1.4	1000	0.2	30	1000	0.2
2.6917	18.5483	1.4	1000	0.2	30	1000	0.2
2.6931	18.0424	1.4	1000	0.2	30	1000	0.2
2.6945	17.5405	1.4	1000	0.2	30	1000	0.2
2.6959	17.0417	1.4	1000	0.2	30	1000	0.2
2.6973	16.5473	1.4	1000	0.2	30	1000	0.2
2.6987	16.0734	1.4	1000	0.2	30	1000	0.2
2.7001	15.6125	1.4	1000	0.2	30	1000	0.2
2.7015	15.1677	1.4	1000	0.2	30	1000	0.2
2.7029	14.7617	1.4	1000	0.2	30	1000	0.2
2.7043	14.4123	1.4	1000	0.2	30	1000	0.2
2.7057	14.0852	1.4	1000	0.2	30	1000	0.2
2.7071	13.7719	1.4	1000	0.2	30	1000	0.2
2.7085	13.4807	1.4	1000	0.2	30	1000	0.2
2.71	13.1906	1.4	1000	0.2	30	1000	0.2
2.7114	12.9126	1.4	1000	0.2	30	1000	0.2
2.7128	12.6342	1.4	1000	0.2	30	1000	0.2
2.7142	12.3405	1.4	1000	0.2	30	1000	0.2
2.7156	12.0183	1.4	1000	0.2	30	1000	0.2
2.7171	11.6687	1.4	1000	0.2	30	1000	0.2
2.7185	11.3027	1.4	1000	0.2	30	1000	0.2
2.7199	10.937	1.4	1000	0.2	30	1000	0.2
2.7213	10.5622	1.4	1000	0.2	30	1000	0.2
2.7228	10.226	1.4	1000	0.2	30	1000	0.2
2.7242	9.935	1.4	1000	0.2	30	1000	0.2
2.7256	9.6516	1.4	1000	0.2	30	1000	0.2
2.7271	9.3674	1.4	1000	0.2	30	1000	0.2
2.7285	9.1018	1.4	1000	0.2	30	1000	0.2
2.7299	8.8359	1.4	1000	0.2	30	1000	0.2
2.7314	8.5644	1.4	1000	0.2	30	1000	0.2
2.7328	8.2815	1.4	1000	0.2	30	1000	0.2
2.7343	8.0149	1.4	1000	0.2	30	1000	0.2
2.7357	7.7695	1.4	1000	0.2	30	1000	0.2
2.7371	7.5449	1.4	1000	0.2	30	1000	0.2
2.7386	7.3503	1.4	1000	0.2	30	1000	0.2
2.74	7.1704	1.4	1000	0.2	30	1000	0.2
2.7415	7.0071	1.4	1000	0.2	30	1000	0.2
2.7429	6.8723	1.4	1000	0.2	30	1000	0.2
2.7444	6.7522	1.4	1000	0.2	30	1000	0.2
2.7458	6.6321	1.4	1000	0.2	30	1000	0.2
2.7473	6.4958	1.4	1000	0.2	30	1000	0.2
2.7488	6.373	1.4	1000	0.2	30	1000	0.2
2.7502	6.2366	1.4	1000	0.2	30	1000	0.2
2.7517	6.0818	1.4	1000	0.2	30	1000	0.2
2.7531	5.9543	1.4	1000	0.2	30	1000	0.2
2.7546	5.8491	1.4	1000	0.2	30	1000	0.2
2.7561	5.7602	1.4	1000	0.2	30	1000	0.2
2.7575	5.6777	1.4	1000	0.2	30	1000	0.2
2.759	5.6059	1.4	1000	0.2	30	1000	0.2
2.7605	5.5661	1.4	1000	0.2	30	1000	0.2
2.7619	5.5124	1.4	1000	0.2	30	1000	0.2
2.7634	5.4634	1.4	1000	0.2	30	1000	0.2
2.7649	5.4321	1.4	1000	0.2	30	1000	0.2
2.7664	5.3857	1.4	1000	0.2	30	1000	0.2
2.7678	5.3315	1.4	1000	0.2	30	1000	0.2
2.7693	5.2886	1.4	1000	0.2	30	1000	0.2
2.7708	5.2619	1.4	1000	0.2	30	1000	0.2
2.7723	5.2424	1.4	1000	0.2	30	1000	0.2
2.7738	5.2019	1.4	1000	0.2	30	1000	0.2
2.7752	5.1518	1.4	1000	0.2	30	1000	0.2
2.7767	5.0989	1.4	1000	0.2	30	1000	0.2
2.7782	5.0444	1.4	1000	0.2	30	1000	0.2
2.7797	4.9883	1.4	1000	0.2	30	1000	0.2
2.7812	4.9397	1.4	1000	0.2	30	1000	0.2
2.7827	4.8938	1.4	1000	0.2	30	1000	0.2
2.7842	4.8476	1.4	1000	0.2	30	1000	0.2
2.7857	4.7903	1.4	1000	0.2	30	1000	0.2
2.7872	4.7395	1.4	1000	0.2	30	1000	0.2
2.7887	4.7075	1.4	1000	0.2	30	1000	0.2
2.7902	4.6904	1.4	1000	0.2	30	1000	0.2
2.7917	4.6587	1.4	1000	0.2	30	1000	0.2
2.7932	4.6162	1.4	1000	0.2	30	1000	0.2
2.7947	4.5705	1.4	1000	0.2	30	1000	0.2
2.7962	4.5373	1.4	1000	0.2	30	1000	0.2
2.7977	4.5205	1.4	1000	0.2	30	1000	0.2
2.7992	4.4978	1.4	1000	0.2	30	1000	0.2
2.8007	4.4695	1.4	1000	0.2	30	1000	0.2
2.8022	4.4336	1.4	1000	0.2	30	1000	0.2
2.8038	4.3884	1.4	1000	0.2	30	1000	0.2
2.8053	4.344	1.4	1000	0.2	30	1000	0.2
2.8068	4.2952	1.4	1000	0.2	30	1000	0.2
2.8083	4.2563	1.4	1000	0.2	30	1000	0.2
2.8098	4.2422	1.4	1000	0.2	30	1000	0.2
2.8114	4.2175	1.4	1000	0.2	30	1000	0.2
2.8129	4.1892	1.4	1000	0.2	30	1000	0.2
2.8144	4.1697	1.4	1000	0.2	30	1000	0.2
2.8159	4.1584	1.4	1000	0.2	30	1000	0.2
2.8175	4.1423	1.4	1000	0.2	30	1000	0.2
2.819	4.114	1.4	1000	0.2	30	1000	0.2
2.8205	4.0842	1.4	1000	0.2	30	1000	0.2
2.8221	4.0727	1.4	1000	0.2	30	1000	0.2
2.8236	4.0745	1.4	1000	0.2	30	1000	0.2
2.8252	4.0581	1.4	1000	0.2	30	1000	0.2
2.8267	4.0183	1.4	1000	0.2	30	1000	0.2
2.8282	3.9739	1.4	1000	0.2	30	1000	0.2
2.8298	3.9236	1.4	1000	0.2	30	1000	0.2
2.8313	3.8696	1.4	1000	0.2	30	1000	0.2
2.8329	3.835	1.4	1000	0.2	30	1000	0.2
2.8344	3.8379	1.4	1000	0.2	30	1000	0.2
2.836	3.8618	1.4	1000	0.2	30	1000	0.2
2.8375	3.8625	1.4	1000	0.2	30	1000	0.2
2.8391	3.8452	1.4	1000	0.2	30	1000	0.2
2.8406	3.8271	1.4	1000	0.2	30	1000	0.2
2.8422	3.8008	1.4	1000	0.2	30	1000	0.2
2.8437	3.7627	1.4	1000	0.2	30	1000	0.2
2.8453	3.7427	1.4	1000	0.2	30	1000	0.2
2.8469	3.7488	1.4	1000	0.2	30	1000	0.2
2.8484	3.7539	1.4	1000	0.2	30	1000	0.2
2.85	3.7539	1.4	1000	0.2	30	1000	0.2
2.8516	3.7539	1.4	1000	0.2	30	1000	0.2
2.8531	3.7461	1.4	1000	0.2	30	1000	0.2
2.8547	3.727	1.4	1000	0.2	30	1000	0.2
2.8563	3.7046	1.4	1000	0.2	30	1000	0.2
2.8579	3.6767	1.4	1000	0.2	30	1000	0.2
2.8594	3.6536	1.4	1000	0.2	30	1000	0.2
2.861	3.6345	1.4	1000	0.2	30	1000	0.2
2.8626	3.6296	1.4	1000	0.2	30	1000	0.2
2.8642	3.6357	1.4	1000	0.2	30	1000	0.2
2.8658	3.6382	1.4	1000	0.2	30	1000	0.2
2.8673	3.6418	1.4	1000	0.2	30	1000	0.2
2.8689	3.6333	1.4	1000	0.2	30	1000	0.2
2.8705	3.6042	1.4	1000	0.2	30	1000	0.2
2.8721	3.5771	1.4	1000	0.2	30	1000	0.2
2.8737	3.5557	1.4	1000	0.2	30	1000	0.2
2.8753	3.5454	1.4	1000	0.2	30	1000	0.2
2.8769	3.5427	1.4	1000	0.2	30	1000	0.2
2.8785	3.5403	1.4	1000	0.2	30	1000	0.2
2.8801	3.5259	1.4	1000	0.2	30	1000	0.2
2.8817	3.4951	1.4	1000	0.2	30	1000	0.2
2.8833	3.4795	1.4	1000	0.2	30	1000	0.2
2.8849	3.4827	1.4	1000	0.2	30	1000	0.2
2.8865	3.4785	1.4	1000	0.2	30	1000	0.2
2.8881	3.4636	1.4	1000	0.2	30	1000	0.2
2.8897	3.4497	1.4	1000	0.2	30	1000	0.2
2.8913	3.4441	1.4	1000	0.2	30	1000	0.2
2.8929	3.4287	1.4	1000	0.2	30	1000	0.2
2.8946	3.4141	1.4	1000	0.2	30	1000	0.2
2.8962	3.4277	1.4	1000	0.2	30	1000	0.2
2.8978	3.4512	1.4	1000	0.2	30	1000	0.2
2.8994	3.458	1.4	1000	0.2	30	1000	0.2
2.901	3.4558	1.4	1000	0.2	30	1000	0.2
2.9027	3.4426	1.4	1000	0.2	30	1000	0.2
2.9043	3.4267	1.4	1000	0.2	30	1000	0.2
2.9059	3.4211	1.4	1000	0.2	30	1000	0.2
2.9075	3.4199	1.4	1000	0.2	30	1000	0.2
2.9092	3.4238	1.4	1000	0.2	30	1000	0.2
2.9108	3.4233	1.4	1000	0.2	30	1000	0.2
2.9124	3.4267	1.4	1000	0.2	30	1000	0.2
2.9141	3.4412	1.4	1000	0.2	30	1000	0.2
2.9157	3.4512	1.4	1000	0.2	30	1000	0.2
2.9174	3.4468	1.4	1000	0.2	30	1000	0.2
2.919	3.4419	1.4	1000	0.2	30	1000	0.2
2.9207	3.4182	1.4	1000	0.2	30	1000	0.2
2.9223	3.3882	1.4	1000	0.2	30	1000	0.2
2.9239	3.3784	1.4	1000	0.2	30	1000	0.2
2.9256	3.3833	1.4	1000	0.2	30	1000	0.2
2.9272	3.3975	1.4	1000	0.2	30	1000	0.2
2.9289	3.4199	1.4	1000	0.2	30	1000	0.2
2.9306	3.4253	1.4	1000	0.2	30	1000	0.2
2.9322	3.4209	1.4	1000	0.2	30	1000	0.2
2.9339	3.4082	1.4	1000	0.2	30	1000	0.2
2.9355	3.4075	1.4	1000	0.2	30	1000	0.2
2.9372	3.4202	1.4	1000	0.2	30	1000	0.2
2.9389	3.4314	1.4	1000	0.2	30	1000	0.2
2.9405	3.4324	1.4	1000	0.2	30	1000	0.2
2.9422	3.4321	1.4	1000	0.2	30	1000	0.2
2.9439	3.4231	1.4	1000	0.2	30	1000	0.2
2.9455	3.4148	1.4	1000	0.2	30	1000	0.2
2.9472	3.4216	1.4	1000	0.2	30	1000	0.2
2.9489	3.4414	1.4	1000	0.2	30	1000	0.2
2.9506	3.4529	1.4	1000	0.2	30	1000	0.2
2.9523	3.4521	1.4	1000	0.2	30	1000	0.2
2.9539	3.4399	1.4	1000	0.2	30	1000	0.2
2.9556	3.4409	1.4	1000	0.2	30	1000	0.2
2.9573	3.4438	1.4	1000	0.2	30	1000	0.2
2.959	3.4548	1.4	1000	0.2	30	1000	0.2
2.9607	3.4829	1.4	1000	0.2	30	1000	0.2
2.9624	3.5178	1.4	1000	0.2	30	1000	0.2
2.9641	3.5327	1.4	1000	0.2	30	1000	0.2
2.9658	3.5288	1.4	1000	0.2	30	1000	0.2
2.9675	3.5205	1.4	1000	0.2	30	1000	0.2
2.9692	3.5222	1.4	1000	0.2	30	1000	0.2
2.9709	3.5242	1.4	1000	0.2	30	1000	0.2
2.9726	3.5225	1.4	1000	0.2	30	1000	0.2
2.9743	3.5203	1.4	1000	0.2	30	1000	0.2
2.976	3.5222	1.4	1000	0.2	30	1000	0.2
2.9777	3.5239	1.4	1000	0.2	30	1000	0.2
2.9794	3.5342	1.4	1000	0.2	30	1000	0.2
2.9811	3.5439	1.4	1000	0.2	30	1000	0.2
2.9828	3.5557	1.4	1000	0.2	30	1000	0.2
2.9845	3.5691	1.4	1000	0.2	30	1000	0.2
2.9863	3.5767	1.4	1000	0.2	30	1000	0.2
2.988	3.5779	1.4	1000	0.2	30	1000	0.2
2.9897	3.5815	1.4	1000	0.2	30	1000	0.2
2.9914	3.594	1.4	1000	0.2	30	1000	0.2
2.9932	3.6072	1.4	1000	0.2	30	1000	0.2
2.9949	3.6145	1.4	1000	0.2	30	1000	0.2
2.9966	3.6233	1.4	1000	0.2	30	1000	0.2
2.9984	3.6306	1.4	1000	0.2	30	1000	0.2
3.0001	3.6311	1.4	1000	0.2	30	1000	0.2
3.0018	3.6272	1.4	1000	0.2	30	1000	0.2
3.0036	3.6321	1.4	1000	0.2	30	1000	0.2
3.0053	3.6448	1.4	1000	0.2	30	1000	0.2
3.007	3.6614	1.4	1000	0.2	30	1000	0.2
3.0088	3.6868	1.4	1000	0.2	30	1000	0.2
3.0105	3.7163	1.4	1000	0.2	30	1000	0.2
3.0123	3.7368	1.4	1000	0.2	30	1000	0.2
3.014	3.7515	1.4	1000	0.2	30	1000	0.2
3.0158	3.7681	1.4	1000	0.2	30	1000	0.2
3.0176	3.781	1.4	1000	0.2	30	1000	0.2
3.0193	3.7829	1.4	1000	0.2	30	1000	0.2
3.0211	3.7837	1.4	1000	0.2	30	1000	0.2
3.0228	3.7895	1.4	1000	0.2	30	1000	0.2
3.0246	3.7986	1.4	1000	0.2	30	1000	0.2
3.0264	3.7959	1.4	1000	0.2	30	1000	0.2
3.0281	3.792	1.4	1000	0.2	30	1000	0.2
3.0299	3.7939	1.4	1000	0.2	30	1000	0.2
3.0317	3.7976	1.4	1000	0.2	30	1000	0.2
3.0334	3.791	1.4	1000	0.2	30	1000	0.2
3.0352	3.7842	1.4	1000	0.2	30	1000	0.2
3.037	3.7949	1.4	1000	0.2	30	1000	0.2
3.0388	3.8169	1.4	1000	0.2	30	1000	0.2
3.0406	3.8415	1.4	1000	0.2	30	1000	0.2
3.0423	3.8782	1.4	1000	0.2	30	1000	0.2
3.0441	3.9165	1.4	1000	0.2	30	1000	0.2
3.0459	3.9451	1.4	1000	0.2	30	1000	0.2
3.0477	3.9502	1.4	1000	0.2	30	1000	0.2
3.0495	3.939	1.4	1000	0.2	30	1000	0.2
3.0513	3.9326	1.4	1000	0.2	30	1000	0.2
3.0531	3.9241	1.4	1000	0.2	30	1000	0.2
3.0549	3.9187	1.4	1000	0.2	30	1000	0.2
3.0567	3.9304	1.4	1000	0.2	30	1000	0.2
3.0585	3.9497	1.4	1000	0.2	30	1000	0.2
3.0603	3.9651	1.4	1000	0.2	30	1000	0.2
3.0621	3.968	1.4	1000	0.2	30	1000	0.2
3.0639	3.9619	1.4	1000	0.2	30	1000	0.2
3.0657	3.9673	1.4	1000	0.2	30	1000	0.2
3.0675	3.9814	1.4	1000	0.2	30	1000	0.2
3.0694	3.9973	1.4	1000	0.2	30	1000	0.2
3.0712	4.0217	1.4	1000	0.2	30	1000	0.2
3.073	4.0557	1.4	1000	0.2	30	1000	0.2
3.0748	4.0801	1.4	1000	0.2	30	1000	0.2
3.0766	4.0859	1.4	1000	0.2	30	1000	0.2
3.0785	4.0928	1.4	1000	0.2	30	1000	0.2
3.0803	4.102	1.4	1000	0.2	30	1000	0.2
3.0821	4.1164	1.4	1000	0.2	30	1000	0.2
3.084	4.1348	1.4	1000	0.2	30	1000	0.2
3.0858	4.1501	1.4	1000	0.2	30	1000	0.2
3.0876	4.1579	1.4	1000	0.2	30	1000	0.2
3.0895	4.1592	1.4	1000	0.2	30	1000	0.2
3.0913	4.1645	1.4	1000	0.2	30	1000	0.2
3.0932	4.1855	1.4	1000	0.2	30	1000	0.2
3.095	4.2065	1.4	1000	0.2	30	1000	0.2
3.0969	4.2268	1.4	1000	0.2	30	1000	0.2
3.0987	4.2485	1.4	1000	0.2	30	1000	0.2
3.1006	4.2629	1.4	1000	0.2	30	1000	0.2
3.1024	4.2627	1.4	1000	0.2	30	1000	0.2
3.1043	4.2544	1.4	1000	0.2	30	1000	0.2
3.1061	4.258	1.4	1000	0.2	30	1000	0.2
3.108	4.2837	1.4	1000	0.2	30	1000	0.2
3.1099	4.3218	1.4	1000	0.2	30	1000	0.2
3.1117	4.3528	1.4	1000	0.2	30	1000	0.2
3.1136	4.3782	1.4	1000	0.2	30	1000	0.2
3.1155	4.3994	1.4	1000	0.2	30	1000	0.2
3.1174	4.4138	1.4	1000	0.2	30	1000	0.2
3.1192	4.4236	1.4	1000	0.2	30	1000	0.2
3.1211	4.4375	1.4	1000	0.2	30	1000	0.2
3.123	4.4543	1.4	1000	0.2	30	1000	0.2
3.1249	4.4707	1.4	1000	0.2	30	1000	0.2
3.1268	4.4827	1.4	1000	0.2	30	1000	0.2
3.1286	4.4975	1.4	1000	0.2	30	1000	0.2
3.1305	4.5203	1.4	1000	0.2	30	1000	0.2
3.1324	4.5476	1.4	1000	0.2	30	1000	0.2
3.1343	4.5825	1.4	1000	0.2	30	1000	0.2
3.1362	4.6257	1.4	1000	0.2	30	1000	0.2
3.1381	4.6619	1.4	1000	0.2	30	1000	0.2
3.14	4.6868	1.4	1000	0.2	30	1000	0.2
3.1419	4.7114	1.4	1000	0.2	30	1000	0.2
3.1438	4.7324	1.4	1000	0.2	30	1000	0.2
3.1457	4.7488	1.4	1000	0.2	30	1000	0.2
3.1476	4.7558	1.4	1000	0.2	30	1000	0.2
3.1495	4.7588	1.4	1000	0.2	30	1000	0.2
3.1515	4.7707	1.4	1000	0.2	30	1000	0.2
3.1534	4.7856	1.4	1000	0.2	30	1000	0.2
3.1553	4.8025	1.4	1000	0.2	30	1000	0.2
3.1572	4.833	1.4	1000	0.2	30	1000	0.2
3.1591	4.8647	1.4	1000	0.2	30	1000	0.2
3.1611	4.9006	1.4	1000	0.2	30	1000	0.2
3.163	4.939	1.4	1000	0.2	30	1000	0.2
3.1649	4.9673	1.4	1000	0.2	30	1000	0.2
3.1669	4.9844	1.4	1000	0.2	30	1000	0.2
3.1688	4.9983	1.4	1000	0.2	30	1000	0.2
3.1707	5.0073	1.4	1000	0.2	30	1000	0.2
3.1727	5.0171	1.4	1000	0.2	30	1000	0.2
3.1746	5.0295	1.4	1000	0.2	30	1000	0.2
3.1766	5.0525	1.4	1000	0.2	30	1000	0.2
3.1785	5.0754	1.4	1000	0.2	30	1000	0.2
3.1805	5.0952	1.4	1000	0.2	30	1000	0.2
3.1824	5.1167	1.4	1000	0.2	30	1000	0.2
3.1844	5.1394	1.4	1000	0.2	30	1000	0.2
3.1863	5.1665	1.4	1000	0.2	30	1000	0.2
3.1883	5.1968	1.4	1000	0.2	30	1000	0.2
3.1902	5.2244	1.4	1000	0.2	30	1000	0.2
3.1922	5.2485	1.4	1000	0.2	30	1000	0.2
3.1942	5.2651	1.4	1000	0.2	30	1000	0.2
3.1961	5.2746	1.4	1000	0.2	30	1000	0.2
3.1981	5.2834	1.4	1000	0.2	30	1000	0.2
3.2001	5.3044	1.4	1000	0.2	30	1000	0.2
3.2021	5.3401	1.4	1000	0.2	30	1000	0.2
3.204	5.375	1.4	1000	0.2	30	1000	0.2
3.206	5.404	1.4	1000	0.2	30	1000	0.2
3.208	5.4319	1.4	1000	0.2	30	1000	0.2
3.21	5.458	1.4	1000	0.2	30	1000	0.2
3.212	5.4831	1.4	1000	0.2	30	1000	0.2
3.214	5.5002	1.4	1000	0.2	30	1000	0.2
3.216	5.5207	1.4	1000	0.2	30	1000	0.2
3.218	5.5395	1.4	1000	0.2	30	1000	0.2
3.22	5.5566	1.4	1000	0.2	30	1000	0.2
3.222	5.5793	1.4	1000	0.2	30	1000	0.2
3.224	5.5954	1.4	1000	0.2	30	1000	0.2
3.226	5.6098	1.4	1000	0.2	30	1000	0.2
3.228	5.6391	1.4	1000	0.2	30	1000	0.2
3.23	5.6709	1.4	1000	0.2	30	1000	0.2
3.232	5.6921	1.4	1000	0.2	30	1000	0.2
3.234	5.6982	1.4	1000	0.2	30	1000	0.2
3.2361	5.7136	1.4	1000	0.2	30	1000	0.2
3.2381	5.739	1.4	1000	0.2	30	1000	0.2
3.2401	5.759	1.4	1000	0.2	30	1000	0.2
3.2421	5.7768	1.4	1000	0.2	30	1000	0.2
3.2442	5.7969	1.4	1000	0.2	30	1000	0.2
3.2462	5.8252	1.4	1000	0.2	30	1000	0.2
3.2482	5.8506	1.4	1000	0.2	30	1000	0.2
3.2503	5.8689	1.4	1000	0.2	30	1000	0.2
3.2523	5.8948	1.4	1000	0.2	30	1000	0.2
3.2543	5.9221	1.4	1000	0.2	30	1000	0.2
3.2564	5.9639	1.4	1000	0.2	30	1000	0.2
3.2584	6.0041	1.4	1000	0.2	30	1000	0.2
3.2605	6.0388	1.4	1000	0.2	30	1000	0.2
3.2625	6.0725	1.4	1000	0.2	30	1000	0.2
3.2646	6.1015	1.4	1000	0.2	30	1000	0.2
3.2666	6.1194	1.4	1000	0.2	30	1000	0.2
3.2687	6.1304	1.4	1000	0.2	30	1000	0.2
3.2708	6.144	1.4	1000	0.2	30	1000	0.2
3.2728	6.1699	1.4	1000	0.2	30	1000	0.2
3.2749	6.1897	1.4	1000	0.2	30	1000	0.2
3.277	6.2168	1.4	1000	0.2	30	1000	0.2
3.279	6.2544	1.4	1000	0.2	30	1000	0.2
3.2811	6.2937	1.4	1000	0.2	30	1000	0.2
3.2832	6.3347	1.4	1000	0.2	30	1000	0.2
3.2853	6.3769	1.4	1000	0.2	30	1000	0.2
3.2874	6.4128	1.4	1000	0.2	30	1000	0.2
3.2894	6.4416	1.4	1000	0.2	30	1000	0.2
3.2915	6.4587	1.4	1000	0.2	30	1000	0.2
3.2936	6.4726	1.4	1000	0.2	30	1000	0.2
3.2957	6.4975	1.4	1000	0.2	30	1000	0.2
3.2978	6.5202	1.4	1000	0.2	30	1000	0.2
3.2999	6.5476	1.4	1000	0.2	30	1000	0.2
3.302	6.5808	1.4	1000	0.2	30	1000	0.2
3.3041	6.6098	1.4	1000	0.2	30	1000	0.2
3.3062	6.6177	1.4	1000	0.2	30	1000	0.2
3.3083	6.5874	1.4	1000	0.2	30	1000	0.2
3.3104	6.5466	1.4	1000	0.2	30	1000	0.2
3.3126	6.5256	1.4	1000	0.2	30	1000	0.2
3.3147	6.5222	1.4	1000	0.2	30	1000	0.2
3.3168	6.5481	1.4	1000	0.2	30	1000	0.2
3.3189	6.6113	1.4	1000	0.2	30	1000	0.2
3.321	6.6814	1.4	1000	0.2	30	1000	0.2
3.3232	6.7275	1.4	1000	0.2	30	1000	0.2
3.3253	6.7446	1.4	1000	0.2	30	1000	0.2
3.3274	6.7536	1.4	1000	0.2	30	1000	0.2
3.3296	6.7678	1.4	1000	0.2	30	1000	0.2
3.3317	6.7851	1.4	1000	0.2	30	1000	0.2
3.3339	6.7961	1.4	1000	0.2	30	1000	0.2
3.336	6.8044	1.4	1000	0.2	30	1000	0.2
3.3382	6.7995	1.4	1000	0.2	30	1000	0.2
3.3403	6.7925	1.4	1000	0.2	30	1000	0.2
3.3425	6.7763	1.4	1000	0.2	30	1000	0.2
3.3446	6.7505	1.4	1000	0.2	30	1000	0.2
3.3468	6.7405	1.4	1000	0.2	30	1000	0.2
3.3489	6.7395	1.4	1000	0.2	30	1000	0.2
3.3511	6.7226	1.4	1000	0.2	30	1000	0.2
3.3533	6.7021	1.4	1000	0.2	30	1000	0.2
3.3554	6.6838	1.4	1000	0.2	30	1000	0.2
3.3576	6.6699	1.4	1000	0.2	30	1000	0.2
3.3598	6.6443	1.4	1000	0.2	30	1000	0.2
3.362	6.6113	1.4	1000	0.2	30	1000	0.2
3.3641	6.5835	1.4	1000	0.2	30	1000	0.2
3.3663	6.5613	1.4	1000	0.2	30	1000	0.2
3.3685	6.5334	1.4	1000	0.2	30	1000	0.2
3.3707	6.5159	1.4	1000	0.2	30	1000	0.2
3.3729	6.5051	1.4	1000	0.2	30	1000	0.2
3.3751	6.4953	1.4	1000	0.2	30	1000	0.2
3.3773	6.4812	1.4	1000	0.2	30	1000	0.2
3.3795	6.4641	1.4	1000	0.2	30	1000	0.2
3.3817	6.4468	1.4	1000	0.2	30	1000	0.2
3.3839	6.4426	1.4	1000	0.2	30	1000	0.2
3.3861	6.4416	1.4	1000	0.2	30	1000	0.2
3.3883	6.4387	1.4	1000	0.2	30	1000	0.2
3.3906	6.4253	1.4	1000	0.2	30	1000	0.2
3.3928	6.4001	1.4	1000	0.2	30	1000	0.2
3.395	6.3625	1.4	1000	0.2	30	1000	0.2
3.3972	6.3127	1.4	1000	0.2	30	1000	0.2
3.3994	6.2637	1.4	1000	0.2	30	1000	0.2
3.4017	6.2241	1.4	1000	0.2	30	1000	0.2
3.4039	6.1955	1.4	1000	0.2	30	1000	0.2
3.4061	6.1838	1.4	1000	0.2	30	1000	0.2
3.4084	6.1804	1.4	1000	0.2	30	1000	0.2
3.4106	6.1814	1.4	1000	0.2	30	1000	0.2
3.4129	6.1802	1.4	1000	0.2	30	1000	0.2
3.4151	6.188	1.4	1000	0.2	30	1000	0.2
3.4174	6.2134	1.4	1000	0.2	30	1000	0.2
3.4196	6.2485	1.4	1000	0.2	30	1000	0.2
3.4219	6.2986	1.4	1000	0.2	30	1000	0.2
3.4241	6.3674	1.4	1000	0.2	30	1000	0.2
3.4264	6.4468	1.4	1000	0.2	30	1000	0.2
3.4287	6.5329	1.4	1000	0.2	30	1000	0.2
3.4309	6.6162	1.4	1000	0.2	30	1000	0.2
3.4332	6.6955	1.4	1000	0.2	30	1000	0.2
3.4355	6.7666	1.4	1000	0.2	30	1000	0.2
3.4378	6.8257	1.4	1000	0.2	30	1000	0.2
3.44	6.8867	1.4	1000	0.2	30	1000	0.2
3.4423	6.9477	1.4	1000	0.2	30	1000	0.2
3.4446	7.0134	1.4	1000	0.2	30	1000	0.2
3.4469	7.0945	1.4	1000	0.2	30	1000	0.2
3.4492	7.1694	1.4	1000	0.2	30	1000	0.2
3.4515	7.2239	1.4	1000	0.2	30	1000	0.2
3.4538	7.2536	1.4	1000	0.2	30	1000	0.2
3.4561	7.2798	1.4	1000	0.2	30	1000	0.2
3.4584	7.3144	1.4	1000	0.2	30	1000	0.2
3.4607	7.3481	1.4	1000	0.2	30	1000	0.2
3.463	7.3828	1.4	1000	0.2	30	1000	0.2
3.4653	7.4292	1.4	1000	0.2	30	1000	0.2
3.4677	7.4743	1.4	1000	0.2	30	1000	0.2
3.47	7.5044	1.4	1000	0.2	30	1000	0.2
3.4723	7.5185	1.4	1000	0.2	30	1000	0.2
3.4746	7.5383	1.4	1000	0.2	30	1000	0.2
3.477	7.5713	1.4	1000	0.2	30	1000	0.2
3.4793	7.5996	1.4	1000	0.2	30	1000	0.2
3.4816	7.6228	1.4	1000	0.2	30	1000	0.2
3.484	7.6487	1.4	1000	0.2	30	1000	0.2
3.4863	7.6775	1.4	1000	0.2	30	1000	0.2
3.4887	7.699	1.4	1000	0.2	30	1000	0.2
3.491	7.7087	1.4	1000	0.2	30	1000	0.2
3.4934	7.7107	1.4	1000	0.2	30	1000	0.2
3.4957	7.7119	1.4	1000	0.2	30	1000	0.2
3.4981	7.7102	1.4	1000	0.2	30	1000	0.2
3.5004	7.7092	1.4	1000	0.2	30	1000	0.2
3.5028	7.7295	1.4	1000	0.2	30	1000	0.2
3.5052	7.7756	1.4	1000	0.2	30	1000	0.2
3.5075	7.842	1.4	1000	0.2	30	1000	0.2
3.5099	7.9416	1.4	1000	0.2	30	1000	0.2
3.5123	8.0669	1.4	1000	0.2	30	1000	0.2
3.5147	8.2073	1.4	1000	0.2	30	1000	0.2
3.5171	8.3498	1.4	1000	0.2	30	1000	0.2
3.5195	8.4758	1.4	1000	0.2	30	1000	0.2
3.5218	8.5986	1.4	1000	0.2	30	1000	0.2
3.5242	8.7114	1.4	1000	0.2	30	1000	0.2
3.5266	8.8042	1.4	1000	0.2	30	1000	0.2
3.529	8.896	1.4	1000	0.2	30	1000	0.2
3.5314	8.99	1.4	1000	0.2	30	1000	0.2
3.5338	9.0832	1.4	1000	0.2	30	1000	0.2
3.5363	9.1775	1.4	1000	0.2	30	1000	0.2
3.5387	9.2619	1.4	1000	0.2	30	1000	0.2
3.5411	9.3481	1.4	1000	0.2	30	1000	0.2
3.5435	9.4282	1.4	1000	0.2	30	1000	0.2
3.5459	9.4968	1.4	1000	0.2	30	1000	0.2
3.5484	9.5586	1.4	1000	0.2	30	1000	0.2
3.5508	9.6115	1.4	1000	0.2	30	1000	0.2
3.5532	9.6582	1.4	1000	0.2	30	1000	0.2
3.5557	9.7097	1.4	1000	0.2	30	1000	0.2
3.5581	9.7607	1.4	1000	0.2	30	1000	0.2
3.5605	9.8181	1.4	1000	0.2	30	1000	0.2
3.563	9.8777	1.4	1000	0.2	30	1000	0.2
3.5654	9.9392	1.4	1000	0.2	30	1000	0.2
3.5679	9.9948	1.4	1000	0.2	30	1000	0.2
3.5704	10.0295	1.4	1000	0.2	30	1000	0.2
3.5728	10.0537	1.4	1000	0.2	30	1000	0.2
3.5753	10.0803	1.4	1000	0.2	30	1000	0.2
3.5777	10.1084	1.4	1000	0.2	30	1000	0.2
3.5802	10.1469	1.4	1000	0.2	30	1000	0.2
3.5827	10.1921	1.4	1000	0.2	30	1000	0.2
3.5852	10.2458	1.4	1000	0.2	30	1000	0.2
3.5876	10.2947	1.4	1000	0.2	30	1000	0.2
3.5901	10.3308	1.4	1000	0.2	30	1000	0.2
3.5926	10.3664	1.4	1000	0.2	30	1000	0.2
3.5951	10.403	1.4	1000	0.2	30	1000	0.2
3.5976	10.4336	1.4	1000	0.2	30	1000	0.2
3.6001	10.4743	1.4	1000	0.2	30	1000	0.2
3.6026	10.5171	1.4	1000	0.2	30	1000	0.2
3.6051	10.5556	1.4	1000	0.2	30	1000	0.2
3.6076	10.591	1.4	1000	0.2	30	1000	0.2
3.6101	10.6252	1.4	1000	0.2	30	1000	0.2
3.6127	10.6606	1.4	1000	0.2	30	1000	0.2
3.6152	10.6867	1.4	1000	0.2	30	1000	0.2
3.6177	10.7077	1.4	1000	0.2	30	1000	0.2
3.6202	10.7343	1.4	1000	0.2	30	1000	0.2
3.6227	10.7578	1.4	1000	0.2	30	1000	0.2
3.6253	10.7839	1.4	1000	0.2	30	1000	0.2
3.6278	10.8186	1.4	1000	0.2	30	1000	0.2
3.6304	10.8496	1.4	1000	0.2	30	1000	0.2
3.6329	10.8786	1.4	1000	0.2	30	1000	0.2
3.6355	10.9048	1.4	1000	0.2	30	1000	0.2
3.638	10.9314	1.4	1000	0.2	30	1000	0.2
3.6406	10.9597	1.4	1000	0.2	30	1000	0.2
3.6431	10.9883	1.4	1000	0.2	30	1000	0.2
3.6457	11.0239	1.4	1000	0.2	30	1000	0.2
3.6482	11.0576	1.4	1000	0.2	30	1000	0.2
3.6508	11.08	1.4	1000	0.2	30	1000	0.2
3.6534	11.0986	1.4	1000	0.2	30	1000	0.2
3.656	11.1281	1.4	1000	0.2	30	1000	0.2
3.6585	11.1587	1.4	1000	0.2	30	1000	0.2
3.6611	11.1897	1.4	1000	0.2	30	1000	0.2
3.6637	11.2207	1.4	1000	0.2	30	1000	0.2
3.6663	11.2566	1.4	1000	0.2	30	1000	0.2
3.6689	11.2912	1.4	1000	0.2	30	1000	0.2
3.6715	11.3213	1.4	1000	0.2	30	1000	0.2
3.6741	11.3493	1.4	1000	0.2	30	1000	0.2
3.6767	11.3872	1.4	1000	0.2	30	1000	0.2
3.6793	11.4253	1.4	1000	0.2	30	1000	0.2
3.6819	11.4602	1.4	1000	0.2	30	1000	0.2
3.6845	11.5022	1.4	1000	0.2	30	1000	0.2
3.6872	11.5437	1.4	1000	0.2	30	1000	0.2
3.6898	11.5739	1.4	1000	0.2	30	1000	0.2
3.6924	11.5996	1.4	1000	0.2	30	1000	0.2
3.695	11.6174	1.4	1000	0.2	30	1000	0.2
3.6977	11.6469	1.4	1000	0.2	30	1000	0.2
3.7003	11.6867	1.4	1000	0.2	30	1000	0.2
3.703	11.7187	1.4	1000	0.2	30	1000	0.2
3.7056	11.7585	1.4	1000	0.2	30	1000	0.2
3.7083	11.8056	1.4	1000	0.2	30	1000	0.2
3.7109	11.8442	1.4	1000	0.2	30	1000	0.2
3.7136	11.8691	1.4	1000	0.2	30	1000	0.2
3.7162	11.885	1.4	1000	0.2	30	1000	0.2
3.7189	11.9133	1.4	1000	0.2	30	1000	0.2
3.7216	11.948	1.4	1000	0.2	30	1000	0.2
3.7242	11.9741	1.4	1000	0.2	30	1000	0.2
3.7269	12.0034	1.4	1000	0.2	30	1000	0.2
3.7296	12.0405	1.4	1000	0.2	30	1000	0.2
3.7323	12.0717	1.4	1000	0.2	30	1000	0.2
3.735	12.0962	1.4	1000	0.2	30	1000	0.2
3.7377	12.1198	1.4	1000	0.2	30	1000	0.2
3.7404	12.1438	1.4	1000	0.2	30	1000	0.2
3.7431	12.1711	1.4	1000	0.2	30	1000	0.2
3.7458	12.195	1.4	1000	0.2	30	1000	0.2
3.7485	12.2124	1.4	1000	0.2	30	1000	0.2
3.7512	12.229	1.4	1000	0.2	30	1000	0.2
3.7539	12.2505	1.4	1000	0.2	30	1000	0.2
3.7566	12.2754	1.4	1000	0.2	30	1000	0.2
3.7594	12.2973	1.4	1000	0.2	30	1000	0.2
3.7621	12.3205	1.4	1000	0.2	30	1000	0.2
3.7648	12.3496	1.4	1000	0.2	30	1000	0.2
3.7676	12.3686	1.4	1000	0.2	30	1000	0.2
3.7703	12.3825	1.4	1000	0.2	30	1000	0.2
3.773	12.405	1.4	1000	0.2	30	1000	0.2
3.7758	12.4358	1.4	1000	0.2	30	1000	0.2
3.7785	12.4597	1.4	1000	0.2	30	1000	0.2
3.7813	12.4834	1.4	1000	0.2	30	1000	0.2
3.7841	12.5227	1.4	1000	0.2	30	1000	0.2
3.7868	12.5612	1.4	1000	0.2	30	1000	0.2
3.7896	12.5859	1.4	1000	0.2	30	1000	0.2
3.7924	12.6145	1.4	1000	0.2	30	1000	0.2
3.7951	12.6482	1.4	1000	0.2	30	1000	0.2
3.7979	12.6716	1.4	1000	0.2	30	1000	0.2
3.8007	12.6887	1.4	1000	0.2	30	1000	0.2
3.8035	12.7036	1.4	1000	0.2	30	1000	0.2
3.8063	12.7216	1.4	1000	0.2	30	1000	0.2
3.8091	12.7422	1.4	1000	0.2	30	1000	0.2
3.8119	12.7617	1.4	1000	0.2	30	1000	0.2
3.8147	12.7907	1.4	1000	0.2	30	1000	0.2
3.8175	12.8247	1.4	1000	0.2	30	1000	0.2
3.8203	12.8557	1.4	1000	0.2	30	1000	0.2
3.8231	12.8823	1.4	1000	0.2	30	1000	0.2
3.8259	12.8979	1.4	1000	0.2	30	1000	0.2
3.8288	12.9172	1.4	1000	0.2	30	1000	0.2
3.8316	12.9448	1.4	1000	0.2	30	1000	0.2
3.8344	12.9712	1.4	1000	0.2	30	1000	0.2
3.8373	12.9878	1.4	1000	0.2	30	1000	0.2
3.8401	13.0149	1.4	1000	0.2	30	1000	0.2
3.843	13.0398	1.4	1000	0.2	30	1000	0.2
3.8458	13.0495	1.4	1000	0.2	30	1000	0.2
3.8487	13.059	1.4	1000	0.2	30	1000	0.2
3.8515	13.0793	1.4	1000	0.2	30	1000	0.2
3.8544	13.1008	1.4	1000	0.2	30	1000	0.2
3.8573	13.1225	1.4	1000	0.2	30	1000	0.2
3.8601	13.1443	1.4	1000	0.2	30	1000	0.2
3.863	13.1789	1.4	1000	0.2	30	1000	0.2
3.8659	13.2063	1.4	1000	0.2	30	1000	0.2
3.8688	13.2273	1.4	1000	0.2	30	1000	0.2
3.8717	13.2553	1.4	1000	0.2	30	1000	0.2
3.8746	13.2844	1.4	1000	0.2	30	1000	0.2
3.8775	13.3059	1.4	1000	0.2	30	1000	0.2
3.8804	13.3274	1.4	1000	0.2	30	1000	0.2
3.8833	13.3537	1.4	1000	0.2	30	1000	0.2
3.8862	13.3772	1.4	1000	0.2	30	1000	0.2
3.8891	13.3899	1.4	1000	0.2	30	1000	0.2
3.892	13.4094	1.4	1000	0.2	30	1000	0.2
3.8949	13.4279	1.4	1000	0.2	30	1000	0.2
3.8979	13.4419	1.4	1000	0.2	30	1000	0.2
3.9008	13.4536	1.4	1000	0.2	30	1000	0.2
3.9037	13.4709	1.4	1000	0.2	30	1000	0.2
3.9067	13.4919	1.4	1000	0.2	30	1000	0.2
3.9096	13.5048	1.4	1000	0.2	30	1000	0.2
3.9126	13.5175	1.4	1000	0.2	30	1000	0.2
3.9155	13.5366	1.4	1000	0.2	30	1000	0.2
3.9185	13.5517	1.4	1000	0.2	30	1000	0.2
3.9214	13.5654	1.4	1000	0.2	30	1000	0.2
3.9244	13.5881	1.4	1000	0.2	30	1000	0.2
3.9274	13.6147	1.4	1000	0.2	30	1000	0.2
3.9304	13.6364	1.4	1000	0.2	30	1000	0.2
3.9333	13.6535	1.4	1000	0.2	30	1000	0.2
3.9363	13.6704	1.4	1000	0.2	30	1000	0.2
3.9393	13.6833	1.4	1000	0.2	30	1000	0.2
3.9423	13.6916	1.4	1000	0.2	30	1000	0.2
3.9453	13.6992	1.4	1000	0.2	30	1000	0.2
3.9483	13.716	1.4	1000	0.2	30	1000	0.2
3.9513	13.7407	1.4	1000	0.2	30	1000	0.2
3.9544	13.7605	1.4	1000	0.2	30	1000	0.2
3.9574	13.78	1.4	1000	0.2	30	1000	0.2
3.9604	13.8003	1.4	1000	0.2	30	1000	0.2
3.9634	13.823	1.4	1000	0.2	30	1000	0.2
3.9665	13.8408	1.4	1000	0.2	30	1000	0.2
3.9695	13.8574	1.4	1000	0.2	30	1000	0.2
3.9725	13.8784	1.4	1000	0.2	30	1000	0.2
3.9756	13.8969	1.4	1000	0.2	30	1000	0.2
3.9786	13.914	1.4	1000	0.2	30	1000	0.2
3.9817	13.9277	1.4	1000	0.2	30	1000	0.2
3.9847	13.9431	1.4	1000	0.2	30	1000	0.2
3.9878	13.9651	1.4	1000	0.2	30	1000	0.2
3.9909	13.9856	1.4	1000	0.2	30	1000	0.2
3.994	14.0053	1.4	1000	0.2	30	1000	0.2
3.997	14.0276	1.4	1000	0.2	30	1000	0.2
4.0001	14.0542	1.4	1000	0.2	30	1000	0.2
4.0032	14.0888	1.4	1000	0.2	30	1000	0.2
4.0063	14.1179	1.4	1000	0.2	30	1000	0.2
4.0094	14.1384	1.4	1000	0.2	30	1000	0.2
4.0125	14.1567	1.4	1000	0.2	30	1000	0.2
4.0156	14.176	1.4	1000	0.2	30	1000	0.2
4.0187	14.1853	1.4	1000	0.2	30	1000	0.2
4.0218	14.1955	1.4	1000	0.2	30	1000	0.2
4.025	14.2207	1.4	1000	0.2	30	1000	0.2
4.0281	14.2509	1.4	1000	0.2	30	1000	0.2
4.0312	14.2797	1.4	1000	0.2	30	1000	0.2
4.0344	14.2981	1.4	1000	0.2	30	1000	0.2
4.0375	14.3142	1.4	1000	0.2	30	1000	0.2
4.0406	14.3274	1.4	1000	0.2	30	1000	0.2
4.0438	14.3344	1.4	1000	0.2	30	1000	0.2
4.047	14.3469	1.4	1000	0.2	30	1000	0.2
4.0501	14.3662	1.4	1000	0.2	30	1000	0.2
4.0533	14.3869	1.4	1000	0.2	30	1000	0.2
4.0565	14.415	1.4	1000	0.2	30	1000	0.2
4.0596	14.4355	1.4	1000	0.2	30	1000	0.2
4.0628	14.4558	1.4	1000	0.2	30	1000	0.2
4.066	14.476	1.4	1000	0.2	30	1000	0.2
4.0692	14.5036	1.4	1000	0.2	30	1000	0.2
4.0724	14.5361	1.4	1000	0.2	30	1000	0.2
4.0756	14.5676	1.4	1000	0.2	30	1000	0.2
4.0788	14.5959	1.4	1000	0.2	30	1000	0.2
4.082	14.6181	1.4	1000	0.2	30	1000	0.2
4.0852	14.6308	1.4	1000	0.2	30	1000	0.2
4.0884	14.646	1.4	1000	0.2	30	1000	0.2
4.0917	14.6621	1.4	1000	0.2	30	1000	0.2
4.0949	14.6836	1.4	1000	0.2	30	1000	0.2
4.0981	14.7063	1.4	1000	0.2	30	1000	0.2
4.1014	14.7317	1.4	1000	0.2	30	1000	0.2
4.1046	14.7553	1.4	1000	0.2	30	1000	0.2
4.1079	14.77	1.4	1000	0.2	30	1000	0.2
4.1111	14.7885	1.4	1000	0.2	30	1000	0.2
4.1144	14.8147	1.4	1000	0.2	30	1000	0.2
4.1177	14.8464	1.4	1000	0.2	30	1000	0.2
4.1209	14.8752	1.4	1000	0.2	30	1000	0.2
4.1242	14.8991	1.4	1000	0.2	30	1000	0.2
4.1275	14.9228	1.4	1000	0.2	30	1000	0.2
4.1308	14.9431	1.4	1000	0.2	30	1000	0.2
4.1341	14.9629	1.4	1000	0.2	30	1000	0.2
4.1374	14.9838	1.4	1000	0.2	30	1000	0.2
4.1407	15.008	1.4	1000	0.2	30	1000	0.2
4.144	15.0412	1.4	1000	0.2	30	1000	0.2
4.1473	15.0649	1.4	1000	0.2	30	1000	0.2
4.1506	15.0778	1.4	1000	0.2	30	1000	0.2
4.154	15.0954	1.4	1000	0.2	30	1000	0.2
4.1573	15.1198	1.4	1000	0.2	30	1000	0.2
4.1606	15.1472	1.4	1000	0.2	30	1000	0.2
4.164	15.1723	1.4	1000	0.2	30	1000	0.2
4.1673	15.1948	1.4	1000	0.2	30	1000	0.2
4.1707	15.2182	1.4	1000	0.2	30	1000	0.2
4.174	15.2338	1.4	1000	0.2	30	1000	0.2
4.1774	15.2407	1.4	1000	0.2	30	1000	0.2
4.1808	15.2546	1.4	1000	0.2	30	1000	0.2
4.1841	15.2675	1.4	1000	0.2	30	1000	0.2
4.1875	15.2827	1.4	1000	0.2	30	1000	0.2
4.1909	15.2863	1.4	1000	0.2	30	1000	0.2
4.1943	15.2949	1.4	1000	0.2	30	1000	0.2
4.1977	15.3132	1.4	1000	0.2	30	1000	0.2
4.2011	15.331	1.4	1000	0.2	30	1000	0.2
4.2045	15.3498	1.4	1000	0.2	30	1000	0.2
4.2079	15.3711	1.4	1000	0.2	30	1000	0.2
4.2113	15.3796	1.4	1000	0.2	30	1000	0.2
4.2148	15.3842	1.4	1000	0.2	30	1000	0.2
4.2182	15.3823	1.4	1000	0.2	30	1000	0.2
4.2216	15.3869	1.4	1000	0.2	30	1000	0.2
4.2251	15.3989	1.4	1000	0.2	30	1000	0.2
4.2285	15.4067	1.4	1000	0.2	30	1000	0.2
4.232	15.4191	1.4	1000	0.2	30	1000	0.2
4.2354	15.4401	1.4	1000	0.2	30	1000	0.2
4.2389	15.4555	1.4	1000	0.2	30	1000	0.2
4.2424	15.4704	1.4	1000	0.2	30	1000	0.2
4.2458	15.4795	1.4	1000	0.2	30	1000	0.2
4.2493	15.4885	1.4	1000	0.2	30	1000	0.2
4.2528	15.4921	1.4	1000	0.2	30	1000	0.2
4.2563	15.4853	1.4	1000	0.2	30	1000	0.2
4.2598	15.4782	1.4	1000	0.2	30	1000	0.2
4.2633	15.4797	1.4	1000	0.2	30	1000	0.2
4.2668	15.4802	1.4	1000	0.2	30	1000	0.2
4.2703	15.4846	1.4	1000	0.2	30	1000	0.2
4.2738	15.4968	1.4	1000	0.2	30	1000	0.2
4.2774	15.5097	1.4	1000	0.2	30	1000	0.2
4.2809	15.5178	1.4	1000	0.2	30	1000	0.2
4.2844	15.5207	1.4	1000	0.2	30	1000	0.2
4.288	15.5217	1.4	1000	0.2	30	1000	0.2
4.2915	15.5288	1.4	1000	0.2	30	1000	0.2
4.2951	15.5398	1.4	1000	0.2	30	1000	0.2
4.2986	15.5551	1.4	1000	0.2	30	1000	0.2
4.3022	15.5732	1.4	1000	0.2	30	1000	0.2
4.3058	15.5896	1.4	1000	0.2	30	1000	0.2
4.3094	15.5991	1.4	1000	0.2	30	1000	0.2
4.3129	15.6003	1.4	1000	0.2	30	1000	0.2
4.3165	15.6003	1.4	1000	0.2	30	1000	0.2
4.3201	15.6032	1.4	1000	0.2	30	1000	0.2
4.3237	15.5991	1.4	1000	0.2	30	1000	0.2
4.3273	15.5927	1.4	1000	0.2	30	1000	0.2
4.331	15.59	1.4	1000	0.2	30	1000	0.2
4.3346	15.5871	1.4	1000	0.2	30	1000	0.2
4.3382	15.5769	1.4	1000	0.2	30	1000	0.2
4.3418	15.571	1.4	1000	0.2	30	1000	0.2
4.3455	15.5688	1.4	1000	0.2	30	1000	0.2
4.3491	15.5666	1.4	1000	0.2	30	1000	0.2
4.3528	15.5666	1.4	1000	0.2	30	1000	0.2
4.3564	15.5732	1.4	1000	0.2	30	1000	0.2
4.3601	15.5852	1.4	1000	0.2	30	1000	0.2
4.3638	15.591	1.4	1000	0.2	30	1000	0.2
4.3674	15.591	1.4	1000	0.2	30	1000	0.2
4.3711	15.5927	1.4	1000	0.2	30	1000	0.2
4.3748	15.5847	1.4	1000	0.2	30	1000	0.2
4.3785	15.572	1.4	1000	0.2	30	1000	0.2
4.3822	15.5681	1.4	1000	0.2	30	1000	0.2
4.3859	15.5642	1.4	1000	0.2	30	1000	0.2
4.3896	15.5573	1.4	1000	0.2	30	1000	0.2
4.3934	15.5534	1.4	1000	0.2	30	1000	0.2
4.3971	15.5544	1.4	1000	0.2	30	1000	0.2
4.4008	15.5534	1.4	1000	0.2	30	1000	0.2
4.4045	15.5476	1.4	1000	0.2	30	1000	0.2
4.4083	15.5383	1.4	1000	0.2	30	1000	0.2
4.412	15.5322	1.4	1000	0.2	30	1000	0.2
4.4158	15.5246	1.4	1000	0.2	30	1000	0.2
4.4196	15.519	1.4	1000	0.2	30	1000	0.2
4.4233	15.5173	1.4	1000	0.2	30	1000	0.2
4.4271	15.5178	1.4	1000	0.2	30	1000	0.2
4.4309	15.5173	1.4	1000	0.2	30	1000	0.2
4.4347	15.5127	1.4	1000	0.2	30	1000	0.2
4.4385	15.499	1.4	1000	0.2	30	1000	0.2
4.4423	15.488	1.4	1000	0.2	30	1000	0.2
4.4461	15.4802	1.4	1000	0.2	30	1000	0.2
4.4499	15.4721	1.4	1000	0.2	30	1000	0.2
4.4537	15.4585	1.4	1000	0.2	30	1000	0.2
4.4576	15.4482	1.4	1000	0.2	30	1000	0.2
4.4614	15.4397	1.4	1000	0.2	30	1000	0.2
4.4652	15.4282	1.4	1000	0.2	30	1000	0.2
4.4691	15.4165	1.4	1000	0.2	30	1000	0.2
4.473	15.405	1.4	1000	0.2	30	1000	0.2
4.4768	15.3957	1.4	1000	0.2	30	1000	0.2
4.4807	15.3847	1.4	1000	0.2	30	1000	0.2
4.4846	15.374	1.4	1000	0.2	30	1000	0.2
4.4884	15.3623	1.4	1000	0.2	30	1000	0.2
4.4923	15.3498	1.4	1000	0.2	30	1000	0.2
4.4962	15.3383	1.4	1000	0.2	30	1000	0.2
4.5001	15.3349	1.4	1000	0.2	30	1000	0.2
4.504	15.3288	1.4	1000	0.2	30	1000	0.2
4.508	15.3181	1.4	1000	0.2	30	1000	0.2
4.5119	15.3039	1.4	1000	0.2	30	1000	0.2
4.5158	15.2949	1.4	1000	0.2	30	1000	0.2
4.5197	15.2841	1.4	1000	0.2	30	1000	0.2
4.5237	15.2712	1.4	1000	0.2	30	1000	0.2
4.5276	15.2612	1.4	1000	0.2	30	1000	0.2
4.5316	15.2568	1.4	1000	0.2	30	1000	0.2
4.5356	15.2478	1.4	1000	0.2	30	1000	0.2
4.5395	15.2258	1.4	1000	0.2	30	1000	0.2
4.5435	15.2058	1.4	1000	0.2	30	1000	0.2
4.5475	15.1936	1.4	1000	0.2	30	1000	0.2
4.5515	15.1762	1.4	1000	0.2	30	1000	0.2
4.5555	15.1521	1.4	1000	0.2	30	1000	0.2
4.5595	15.1286	1.4	1000	0.2	30	1000	0.2
4.5635	15.1037	1.4	1000	0.2	30	1000	0.2