-0.7203
0.50038
0.03877
-0.47307
0.24023
0.91657
-0.00197
0.7391
1.38539
0.99263
0.55369
0.75672
0.27917
0.15364
0.50877
-0.18328
-0.7203
1.17838
1.48072
5.17205
6.32398
7.74017
6.2731
5.79535
2.47048
1.78254
1.23028
1.13902
1.35351
1.06389
1.81015
1.98541
1.62042
1.06006
1.11782
0.59023
0.39409
0.15575
-0.28217
-0.8027
-1.05144
-1.33734
-1.34697
-1.75107
-1.10533
-1.34119
-1.44539
-1.36645
-1.06896
-0.25861
-0.52641
-0.88797
-0.5008
-0.02824
-0.57832
-0.17988
0.24431
0.16833
-0.02087
0.13636
0.11769
0.28623
0.75582
0.47028
0.3912
1.98002
2.45994
4.95515
5.67883
6.3832
5.18581
4.91589
3.06425
2.02576
1.41912
1.87034
1.92034
1.27839
2.07562
2.81763
2.39161
1.80613
1.68284
1.01439
0.43152
0.02189
-0.19679
-0.50237
-0.79021
-1.08288
-1.27134
-1.66732
-1.25169
-1.42623
-1.46973
-1.40383
-1.40362
1.51503
1.51764
-1.23168
-0.98455
-0.64632
-1.15397
-0.88253
-0.38551
-0.31449
-0.27808
0.64691
0.48039
0.39154
0.42825
-0.97292
-2.40009
1.42217
1.59092
9.04712
10.65473
12.86545
9.16691
8.8943
1.72057
0.74233
-0.02631
0.19302
0.58097
0.50453
1.4433
1.41534
1.20347
0.92939
0.66918
0.29407
0.13509
-0.13441
-0.34519
-0.57142
-0.72952
-1.033
-1.24653
-2.31622
-0.7825
-1.27113
-1.14076
-0.98904
-0.7203
0.75201
0.51116
-0.02243
0.76562
1.70499
0.56882
1.56922
2.40356
1.76927
1.21687
1.329
0.5426
0.3204
0.66618
-0.31836
-1.01818
1.13687
1.23041
5.46119
6.67906
8.15752
6.47209
6.11795
2.30639
1.66152
0.94558
0.8509
1.31445
0.93476
1.52438
1.43438
1.20183
0.8701
0.77874
0.16389
0.03911
-0.27078
-0.57986
-0.91244
-1.10217
-1.32748
-1.35629
-1.90977
-1.1004
-1.31576
-1.29023
-1.23949
-1.06896
-0.12653
-0.32021
-0.70711
-0.2067
0.35903
-0.32922
0.22087
0.73781
0.51026
0.30187
0.46338
0.2462
0.22082
0.65904
0.31663
0.11841
1.76696
2.21634
5.1691
6.04255
6.909
5.61679
5.14953
2.47993
1.82742
1.36177
1.40042
1.88591
1.6076
2.08755
2.08811
1.80383
1.36932
1.332
0.79146
0.43
0.03245
-0.4567
-0.87392
-1.09362
-1.26769
-1.35267
-1.7467
-1.24193
-1.43803
-1.47282
-1.43503
-1.28104
-0.64215
-0.9133
-1.21309
-0.90269
-0.50507
-0.92892
-0.56196
-0.15919
-0.13536
-0.06306
0.20674
0.29236
0.50624
0.65971
0.37454
0.13957
0.32927
-2.86451
-6.41119
6.36279
10.1178
19.39193
19.79472
3.13437
2.64313
0.18953
0.77564
-0.58538
-1.23283
1.26985
1.70771
1.5544
1.57047
1.04419
0.67026
0.49286
0.21884
-0.01747
-0.29082
-0.40109
-0.70812
-0.87388
-0.97825
-1.44467
-1.69357
-3.91607
0.2866
-1.52531
1.0467
0.00364
-1.51359
1.74911
2.15741
-1.1132
0.15213
2.54648
1.75262
1.60215
2.05815
0.54611
-0.00881
0.4124
-0.98941
-1.6771
1.39115
1.19723
6.50229
7.87388
9.68033
7.65413
7.72336
2.39345
1.56061
0.39477
0.61197
1.24171
0.82856
1.29563
1.51761
1.23083
1.17433
1.00911
0.18514
0.144
0.05218
-0.29141
-0.55235
-0.86101
-1.23159
-1.34674
-2.17105
-0.96654
-1.24197
-1.23798
-1.18465
-0.7203
0.50038
0.03877
-0.47307
0.24023
0.91657
-0.00197
0.7391
1.38539
0.99263
0.55369
0.75672
0.27917
0.15364
0.50877
-0.18328
-0.7203
1.17838
1.48072
5.17205
6.32398
7.74017
6.2731
5.79535
2.47048
1.78254
1.23028
1.13902
1.35351
1.06389
1.81015
1.98541
1.62042
1.06006
1.11782
0.59023
0.39409
0.15575
-0.28217
-0.8027
-1.05144
-1.33734
-1.34697
-1.75107
-1.10533
-1.34119
-1.44539
-1.36645
-1.06896
-0.25861
-0.52641
-0.88797
-0.5008
-0.02824
-0.57832
-0.17988
0.24431
0.16833
-0.02087
0.13636
0.11769
0.28623
0.75582
0.47028
0.3912
1.98002
2.45994
4.95515
5.67883
6.3832
5.18581
4.91589
3.06425
2.02576
1.41912
1.87034
1.92034
1.27839
2.07562
2.81763
2.39161
1.80613
1.68284
1.01439
0.43152
0.02189
-0.19679
-0.50237
-0.79021
-1.08288
-1.27134
-1.66732
-1.25169
-1.42623
-1.46973
-1.40383
-1.40362
1.51503
1.51764
-1.23168
-0.98455
-0.64632
-1.15397
-0.88253
-0.38551
-0.31449
-0.27808
0.64691
0.48039
0.39154
0.42825
-0.97292
-2.40009
1.42217
1.59092
9.04712
10.65473
12.86545
9.16691
8.8943
1.72057
0.74233
-0.02631
0.19302
0.58097
0.50453
1.4433
1.41534
1.20347
0.92939
0.66918
0.29407
0.13509
-0.13441
-0.34519
-0.57142
-0.72952
-1.033
-1.24653
-2.31622
-0.7825
-1.27113
-1.14076
-0.98904
-0.7203
0.75201
0.51116
-0.02243
0.76562
1.70499
0.56882
1.56922
2.40356
1.76927
1.21687
1.329
0.5426
0.3204
0.66618
-0.31836
-1.01818
1.13687
1.23041
5.46119
6.67906
8.15752
6.47209
6.11795
2.30639
1.66152
0.94558
0.8509
1.31445
0.93476
1.52438
1.43438
1.20183
0.8701
0.77874
0.16389
0.03911
-0.27078
-0.57986
-0.91244
-1.10217
-1.32748
-1.35629
-1.90977
-1.1004
-1.31576
-1.29023
-1.23949
-1.06896
-0.12653
-0.32021
-0.70711
-0.2067
0.35903
-0.32922
0.22087
0.73781
0.51026
0.30187
0.46338
0.2462
0.22082
0.65904
0.31663
0.11841
1.76696
2.21634
5.1691
6.04255
6.909
5.61679
5.14953
2.47993
1.82742
1.36177
1.40042
1.88591
1.6076
2.08755
2.08811
1.80383
1.36932
1.332
0.79146
0.43
0.03245
-0.4567
-0.87392
-1.09362
-1.26769
-1.35267
-1.7467
-1.24193
-1.43803
-1.47282
-1.43503
-1.28104
-0.64215
-0.9133
-1.21309
-0.90269
-0.50507
-0.92892
-0.56196
-0.15919
-0.13536
-0.06306
0.20674
0.29236
0.50624
0.65971
0.37454
0.13957
0.32927
-2.86451
-6.41119
6.36279
10.1178
19.39193
19.79472
3.13437
2.64313
0.18953
0.77564
-0.58538
-1.23283
1.26985
1.70771
1.5544
1.57047
1.04419
0.67026
0.49286
0.21884
-0.01747
-0.29082
-0.40109
-0.70812
-0.87388
-0.97825
-1.44467
-1.69357
-3.91607
0.2866
-1.52531
1.0467
0.00364
-1.51359
1.74911
2.15741
-1.1132
0.15213
2.54648
1.75262
1.60215
2.05815
0.54611
-0.00881
0.4124
-0.98941
-1.6771
1.39115
1.19723
6.50229
7.87388
9.68033
7.65413
7.72336
2.39345
1.56061
0.39477
0.61197
1.24171
0.82856
1.29563
1.51761
1.23083
1.17433
1.00911
0.18514
0.144
0.05218
-0.29141
-0.55235
-0.86101
-1.23159
-1.34674
-2.17105
-0.96654
-1.24197
-1.23798
-1.18465
-0.7203
0.50038
0.03877
-0.47307
0.24023
0.91657
-0.00197
0.7391
1.38539
0.99263
0.55369
0.75672
0.27917
0.15364
0.50877
-0.18328
-0.7203
1.17838
1.48072
5.17205
6.32398
7.74017
6.2731
5.79535
2.47048
1.78254
1.23028
1.13902
1.35351
1.06389
1.81015
1.98541
1.62042
1.06006
1.11782
0.59023
0.39409
0.15575
-0.28217
-0.8027
-1.05144
-1.33734
-1.34697
-1.75107
-1.10533
-1.34119
-1.44539
-1.36645
-1.06896
-0.25861
-0.52641
-0.88797
-0.5008
-0.02824
-0.57832
-0.17988
0.24431
0.16833
-0.02087
0.13636
0.11769
0.28623
0.75582
0.47028
0.3912
1.98002
2.45994
4.95515
5.67883
6.3832
5.18581
4.91589
3.06425
2.02576
1.41912
1.87034
1.92034
1.27839
2.07562
2.81763
2.39161
1.80613
1.68284
1.01439
0.43152
0.02189
-0.19679
-0.50237
-0.79021
-1.08288
-1.27134
-1.66732
-1.25169
-1.42623
-1.46973
-1.40383
-1.40362
1.51503
1.51764
-1.23168
-0.98455
-0.64632
-1.15397
-0.88253
-0.38551
-0.31449
-0.27808
0.64691
0.48039
0.39154
0.42825
-0.97292
-2.40009
1.42217
1.59092
9.04712
10.65473
12.86545
9.16691
8.8943
1.72057
0.74233
-0.02631
0.19302
0.58097
0.50453
1.4433
1.41534
1.20347
0.92939
0.66918
0.29407
0.13509
-0.13441
-0.34519
-0.57142
-0.72952
-1.033
-1.24653
-2.31622
-0.7825
-1.27113
-1.14076
-0.98904
-0.73262
1.51503
1.51764
-0.02557
0.76767
1.71202
0.58003
1.58324
2.41896
1.78457
1.23145
0.64691
0.48039
0.39154
0.42825
-0.97292
-2.40009
1.42217
1.59092
9.04712
10.65473
12.86545
9.16691
8.8943
1.72057
0.74233
-0.02631
0.19302
0.58097
0.50453
1.4433
1.41534
1.20347
0.92939
0.66918
0.29407
0.13509
-0.13441
-0.34519
-0.57142
-0.72952
-1.033
-1.24653
-2.31622
-0.7825
-1.27113
-1.14076
-0.98904
-0.73262
1.51503
1.51764
-0.02557
0.76767
1.71202
0.58003
1.58324
2.41896
1.78457
1.23145
0.64691
0.48039
0.39154
0.42825
-0.97292
-2.40009
1.42217
1.59092
9.04712
10.65473
12.86545
9.16691
8.8943
1.72057
0.74233
-0.02631
0.19302
0.58097
0.50453
1.4433
1.41534
1.20347
0.92939
0.66918
0.29407
0.13509
-0.13441
-0.34519
-0.57142
-0.72952
-1.033
-1.24653
-2.31622
-0.7825
-1.27113
-1.14076
-0.98904
2.2871
-0.03694
-0.17963
0.74299
-0.41226
-0.40768
-0.40367
-0.4008
-0.39735
-0.3962
-0.39908
-0.65774
0.73399
0.58548
0.16368
0.11545
0.54309
-6.27209
-6.55012
19.27582
0.95984
37.82407
1.76546
4.50335
0.78292
-0.4038
1.95508
-3.12581
0.66017
1.87953
1.5359
1.57292
1.56803
0.52036
0.82017
0.16557
0.2722
-0.30706
-0.27459
-0.52757
-0.88866
-0.85908
-1.09738
-1.77831
-1.56831
-6.19775
6.86013
-3.47901
0.19265
-3.0384
-2.05015
6.75929
-0.81777
-1.18111
1.72021
3.61727
0.15359
4.22731
3.04176
-1.39026
-0.55612
-0.57653
-0.3327
2.25366
0.92145
0.10355
0.83077
1.71751
2.46459
6.06635
4.35537
4.67026
3.46324
0.39257
3.93303
2.9094
1.47876
1.54918
3.2028
0.6364
4.23537
0.79713
0.33329
1.32549
1.08096
0.0083
0.4104
-1.34077
-0.64937
-1.06413
-1.05845
-0.29204
-0.52613
-0.79196
-0.58674
-0.70685
-0.12811
-1.30866
-0.48112
-0.32119
-0.70384
-0.22353
-0.47755
0.16287
-0.04934
-0.15388
0.82294
0.45635
0.89171
1.09269
1.72561
1.6614
3.32652
4.48442
5.46353
6.25555
7.78846
5.61198
5.69526
3.90483
3.91626
4.44092
3.7829
2.37883
4.11868
5.51908
7.17527
3.47545
3.79891
5.15636
3.68123
4.07227
3.94735
1.94448
1.0419
0.84796
-0.18023
0.92582
0.38737
0.48904
-0.34443
-0.76226
0.22739
-0.54702
-0.13023
-0.48948
-0.36422
-0.98759
-0.44715
-0.26256
-1.14907
-0.44133
0.09738
-0.63209
0.4232
1.35177
2.81185
2.79244
3.1397
4.53194
5.80506
6.08773
4.02784
5.36248
3.11848
4.50346
5.61457
13.18457
-2.10976
9.9086
5.00181
3.5067
-1.69968
9.86971
10.85752
6.85366
7.44875
5.31259
4.09688
0.71205
2.97782
4.25763
4.03259
2.67943
1.6781
0.75345
0.85711
0.22477
0.79225
-0.02892
1.145
0.28375
-0.88078
0.42567
0.69804
-0.05928
0.41915
-2.11597
-0.35811
0.31663
0.49125
-0.18577
0.69544
2.53153
3.56428
13.24211
25.52496
9.91446
14.48409
18.05917
12.36623
4.14013
4.39817
5.18044
6.67601
11.07987
4.65094
7.42659
8.39862
6.23629
6.47822
10.25381
-6.64495
5.83664
5.98974
4.75512
2.75249
3.44909
4.31142
3.65957
2.8258
2.33877
1.97618
1.52921
1.26407
-0.09339
0.60763
0.18608
1.1548
1.29094
0.19262
0.10623
-0.64655
-0.80715
0.74783
0.62194
0.43285
0.59581
0.77874
0.9275
1.03638
3.1004
2.18891
-1.263
0.4248
5.05726
7.09148
7.61576
8.24637
9.4977
7.88156
8.69777
7.83725
11.2903
8.76586
6.68267
6.84092
7.0209
6.2217
14.88259
14.30706
5.71736
4.70191
7.67315
4.334
5.9098
7.51855
5.01144
5.95909
5.28899
3.76995
1.20783
0.65778
-0.09521
0.61336
0.60426
0.77265
0.74751
0.58896
0.61505
0.78808
0.88655
-1.16787
1.01614
-0.04838
1.00009
-0.24895
0.38953
1.35158
1.87926
0.60984
2.86726
-12.8814
3.04302
4.64449
4.35489
6.71702
7.0504
8.03183
14.06817
7.03054
20.57304
9.14323
7.04213
8.8641
9.74073
16.08148
-1.62143
12.7508
2.82345
7.19055
3.83847
5.12802
5.70885
6.19667
8.30966
6.09321
3.20321
2.36876
2.32964
-0.18825
0.51961
0.57454
-1.85799
-1.71562
0.01293
-0.29107
-1.57344
-3.50511
0.85919
0.99544
0.55528
0.68285
1.385
2.11763
1.55166
2.93973
0.90246
-2.34095
4.92492
5.09146
7.48625
7.72596
3.48319
8.10688
6.43304
8.36726
5.36515
8.11905
6.16543
12.1801
5.16516
10.81475
12.47816
10.28409
17.16599
9.74681
7.7762
9.75515
1.80185
9.06681
6.04625
2.85949
6.74515
6.15972
7.06617
5.29846
2.08943
0.77016
0.50341
0.48183
-2.56565
-1.54483
0.38405
0.42848
0.55655
0.70362
0.60433
0.95012
1.0707
0.34246
0.52765
-5.08444
-2.20414
0.0709
2.84675
-0.31362
-0.72462
0.23967
1.67934
3.52358
4.22449
4.54292
5.10947
6.23652
8.1713
10.04826
20.03627
8.20619
9.38823
15.11458
9.02068
6.20304
18.2477
0.59565
16.25648
10.59333
7.00105
7.31006
7.76501
5.10434
4.14242
5.21222
4.67914
2.74135
-1.71313
0.40796
0.51777
0.50644
-1.48315
-1.70406
0.44285
0.29243
0.17263
0.41545
0.35812
0.40997
0.25872
0.25466
-0.43538
-0.88497
-0.6859
0.41317
5.23377
20.80234
2.05319
2.24641
2.19821
1.896
1.7898
-2.73965
6.59766
7.48086
7.60225
13.1723
19.54416
12.11086
11.012
10.10249
11.86465
2.54494
9.93808
18.80136
11.30454
14.68412
13.71935
10.31982
11.9191
7.17576
3.29652
5.95347
2.61666
3.03392
-8.09997
-11.14577
2.478
14.3833
2.0767
0.44895
1.17696
0.61157
4.67098
10.87406
16.08477
6.94837
4.95444
1.19305
-7.54285
2.72779
2.20036
0.91035
2.80404
4.23681
4.74872
5.37885
7.18839
10.61114
8.97508
8.26058
11.3341
8.47716
6.5959
7.18239
8.70034
9.93654
7.53904
8.89102
10.29515
9.9572
11.10448
10.07378
9.36825
8.02747
8.59266
5.26834
4.41915
4.66927
7.31985
5.36829
1.49068
-2.14142
0.83193
0.04347
-3.8734
-1.37315
-0.83112
0.68452
-0.61177
-3.1893
-0.69232
0.0887
-0.35685
-1.02294
-0.4891
-0.53191
-1.67789
-1.55919
-1.51885
-1.9117
-2.3104
3.07852
5.35466
7.15527
8.76847
7.24193
9.09756
11.05272
13.12681
12.70498
11.94441
12.94868
13.50529
12.02083
18.50934
11.0696
13.53261
15.51337
10.36165
11.6119
15.5546
10.9925
11.04102
9.26702
13.2866
10.33045
9.80048
4.27817
6.1333
3.13126
3.37308
2.36564
0.1826
0.28444
-0.00228
-0.00152
-0.03443
-0.29794
-0.59918
-0.84376
-0.94693
-1.72123
-1.61981
-1.72505
-1.70593
-0.59973
-0.98037
-0.40763
1.91004
3.89798
2.903
6.15816
6.70696
7.99932
9.35257
11.54777
11.12746
12.99921
17.55926
13.55177
5.16358
10.55971
14.64107
11.8832
20.92143
8.08938
11.34332
-3.28036
11.7911
11.28846
5.61597
11.49113
11.66437
6.78193
9.50194
7.39417
7.14264
3.32159
1.37072
0.40598
-0.38581
-4.22752
-2.54235
-4.91752
0.48876
-2.23451
-1.65089
-1.48963
-0.39177
-0.54143
-0.59842
-0.98464
-1.49989
-1.58394
-1.47048
-1.40309
-0.38324
-2.39672
3.2656
7.2091
10.33582
9.933
10.59082
11.77987
9.78972
9.99416
17.62829
15.20389
9.67762
13.58343
12.90759
10.6869
10.53837
16.20035
10.30784
11.93564
10.76193
13.03991
11.25867
12.35994
12.59603
9.59506
7.231
4.76303
3.55024
3.30499
2.90841
1.94066
0.08062
0.20292
-0.00955
-0.02169
0.01313
-0.03549
-0.10183
-0.3885
-0.54311
-0.55288
-0.25286
-0.41757
-1.39585
-1.23586
-1.22341
-1.12814
0.08898
19.00552
2.62361
8.6114
9.199
6.41101
14.2714
11.69537
14.84475
15.15698
14.65445
16.30725
23.04404
16.10523
14.49561
16.87612
17.46127
16.10308
22.13939
33.95729
15.8019
16.78675
17.61261
15.05614
15.23736
15.91217
12.3565
9.45999
9.22391
5.6371
2.53213
0.17814
-1.19337
-0.69534
-2.06873
-0.08418
-0.61863
-0.11104
-0.55456
-0.10149
-0.59622
-1.15577
-2.09085
-1.60216
-0.71627
0.37998
0.05936
-0.44925
1.60707
4.50998
8.26355
8.43645
10.12546
13.39035
13.2824
7.80979
9.87857
16.76756
13.87635
11.87326
11.36913
14.1176
15.03991
15.07261
13.76315
14.96008
14.37567
14.49531
15.37792
14.59687
14.17699
8.80017
12.25383
14.63261
10.83078
9.22059
8.62317
3.96531
2.16348
1.62086
0.86963
0.08792
-0.28071
-0.21331
0.38136
1.07096
0.00639
-0.09705
-0.07211
-0.3028
0.50537
0.0756
-1.00923
-1.02349
-0.98632
-1.02668
-0.01727
3.85105
7.00489
10.23068
5.8089
13.25067
13.3551
14.23741
12.71339
18.2716
17.43266
11.22034
15.08302
12.19103
15.74565
16.92451
16.8633
13.91122
18.6999
12.8755
17.64405
12.39128
22.50873
9.81755
15.16772
15.76264
16.78767
16.27662
10.53592
7.18493
3.66833
1.70486
0.41542
-0.03637
-0.34911
-0.19256
-0.55341
-0.50537
-0.43362
-0.63275
-0.90572
-0.93532
-0.9352
-0.97674
-1.01352
-0.40461
-1.45358
-1.37492
-0.41506
2.68013
5.18474
7.08937
6.96555
10.75566
15.44625
19.90816
15.75614
16.18213
16.2261
19.88729
16.87442
17.60556
17.50486
19.96449
21.15019
20.80507
16.93096
19.73101
23.88667
17.79271
16.67935
12.64632
14.08031
13.17006
12.00305
8.0555
8.89273
5.56917
1.89254
1.52355
-0.8303
-0.08876
-2.04588
-1.25498
-0.7397
-2.28149
-1.78543
-0.99083
-2.22641
-2.14475
-0.17805
0.30228
-3.37067
0.05643
-3.00845
-0.44954
1.40626
4.24875
6.86032
8.82301
9.2758
11.60126
8.08879
8.26695
12.53088
15.00815
17.32368
13.23074
18.31637
19.58055
24.09296
19.88187
23.62325
18.38251
25.23883
19.61103
17.03739
15.1407
15.74558
14.92837
9.98645
3.4804
2.78101
2.45665
1.41794
3.15798
0.77585
1.70324
-1.07959
1.99452
0.85604
-0.29939
-7.00036
3.0018
3.56983
-0.51664
1.25752
-1.95722
8.36156
4.89135
3.65322
0.6131
-3.28082
-5.82
-7.88162
-11.73954
-8.64867
1.24962
-4.28701
-20.49106
-1.89894
-3.24007
13.84983
17.36429
14.48569
18.81845
16.84091
18.04614
21.4801
13.86119
15.75416
16.174
18.61159
17.0537
12.74862
15.9627
38.62838
16.4229
12.70011
47.07759
11.05447
10.56852
7.20923
5.14006
1.79189
0.12065
0.19421
-1.15889
0.1832
-0.58254
-0.94172
0.03966
-0.11962
-0.13594
-0.25646
-0.48664
-0.15004
0.01672
-0.5343
0.0534
-0.39068
0.1773
1.15827
2.3998
3.12788
5.47175
6.91099
6.93663
11.22272
16.29072
18.71385
13.48923
17.75114
14.826
14.03621
16.31358
16.30146
19.11768
14.89986
11.0189
16.47241
17.61058
15.31309
8.52878
9.54742
2.22661
4.71364
3.02144
-0.27185
-0.19884
-0.5706
-1.59059
-0.33113
-0.43981
-0.3768
-0.44316
-0.46364
-0.4658
-0.47207
-0.45803
-0.42505
-0.35281
-0.41489
-0.35701
-0.34023
-0.29076
-0.31653
-0.25579
-0.14476
-0.21936
-0.16253
-1.36086
-1.62393
-1.20072
-0.55443
5.3696
3.15328
6.46216
6.14742
11.93734
12.52823
14.9793
12.26845
7.75842
15.39845
16.70862
17.55658
11.23741
16.11911
9.00651
16.64389
13.90272
14.6705
8.44712
11.99766
16.11961
15.88927
8.28967
9.17461
0.07718
-0.39712
0.03101
-0.05731
-0.16366
-0.27368
-0.34246
-0.28861
-0.2924
-0.28516
-0.20575
-0.22789
-0.32378
-0.42004
-0.47351
-0.32484
-0.1997
-0.20198
-0.15511
2.14894
5.51072
10.92105
15.84576
13.68228
16.59313
16.65313
17.72659
15.80278
18.4363
17.12745
19.10912
17.59044
17.10613
17.6505
17.67958
21.67317
18.89917
17.49453
20.04746
17.78699
13.90747
12.54347
12.55248
5.3344
5.50261
5.13356
6.36694
3.33306
2.53497
1.74159
-0.42185
0.10071
0.46824
0.27739
0.15286
0.03739
-0.07391
-0.0987
-0.14894
-0.21877
-0.23808
-0.24671
-0.23404
-0.23628
-0.24917
-0.24289
-0.26232
-0.39239
-0.32226
-0.41095
-0.7367
-0.72214
-1.01305
-1.63424
-1.35872
-0.08097
1.96289
0.91289
6.02397
8.99845
11.86264
13.52588
16.17587
16.19663
15.06284
16.85403
16.80655
6.54258
10.60266
19.01918
11.19004
13.92661
13.73364
11.57846
5.07402
3.13522
0.94474
2.05088
1.95912
2.0202
-5.15412
-6.3388
-2.68552
-0.65034
0.38835
0.20489
0.06689
-0.07403
-0.13265
-0.14796
-0.15459
-0.1677
-0.1347
-0.12673
-0.13116
-0.31672
-0.43936
-1.39371
-1.36581
2.11255
5.22301
2.79362
2.80665
14.29834
15.1299
15.62314
18.35842
18.51976
22.75146
19.19502
19.9392
23.1858
18.13352
15.13494
24.37735
15.57075
13.36426
14.13825
15.33269
13.86928
13.93349
9.52174
5.09802
3.6079
3.12787
2.67691
2.7378
0.51002
0.57068
0.45547
1.33866
1.14823
-1.02061
-0.56668
-0.60768
-0.05649
-0.09267
0.41663
0.45175
0.45595
0.47147
0.45347
0.21206
-0.02596
-0.2021
-1.15781
-1.52067
-1.87967
1.34222
15.24307
0.44146
11.53828
6.5457
12.63658
18.03611
-1.1595
6.72292
6.74374
2.99944
-0.82482
6.54118
12.94801
19.567
19.41184
19.40198
18.01883
21.33048
19.59619
15.30404
13.70429
12.70178
6.15773
4.40862
2.69487
1.55372
1.11267
0.4374
-0.83612
-1.39071
0.02589
1.07714
0.55169
0.28716
1.301
2.32131
1.61544
1.08666
0.14923
-0.70202
-1.2075
-1.67575
-1.41309
1.19927
2.7112
0.39957
1.99811
6.32318
10.43855
14.31764
15.93896
16.8956
17.39343
16.84249
19.39645
17.92188
15.11642
16.34274
17.82084
18.27114
15.21722
12.53388
5.64479
13.65969
7.03558
4.03264
2.75051
1.39402
-1.51058
-1.08548
-0.95007
-1.11228
0.09208
-0.04185
-0.06822
0.0558
0.00781
0.08514
0.28356
0.22623
0.14523
-0.06578
-0.0659
-0.07326
-0.05956
0.01057
0.09791
-0.40642
-0.31624
0.22632
-0.02112
-0.02124
-1.55845
-1.89217
-5.58341
-4.17977
-8.52117
-8.43769
-4.23643
-4.21795
-2.64145
9.17188
10.15892
12.66589
14.03712
11.91775
23.09789
15.94328
15.98236
15.28452
22.05134
10.82587
19.61046
17.49736
17.98846
14.51389
9.12442
1.64316
1.19897
-0.21708
-0.42637
0.06623
0.05961
0.02799
-0.09521
-0.21158
-0.15538
-0.20469
-0.25225
-0.25236
-0.29654
-0.45781
-0.49295
-0.20788
-0.20798
-0.20784
-0.21085
-0.28938
1.38269
5.37027
10.67153
12.21672
12.05329
14.01053
15.08593
16.7382
17.07181
14.57089
16.67722
14.43673
12.34413
20.40704
16.02957
17.12181
13.55759
16.02732
15.88124
13.09102
16.04128
20.03881
15.3228
16.01468
16.45809
15.96435
8.33868
9.11981
6.58629
3.42001
-0.445
0.0847
0.19292
0.11885
-0.06343
-0.13463
-0.25347
-0.32806
-0.50897
-0.23202
-0.2281
-0.33725
-0.49451
-0.83147
-0.82376
-0.33493
-0.30789
-0.30599
0.8638
4.87625
7.34277
13.14914
16.93536
15.45681
16.33062
16.50605
14.10535
14.91011
19.4725
14.51981
15.36323
21.6266
14.94915
14.87016
15.6884
10.8371
10.8349
16.91183
17.09814
7.40571
8.43116
16.50453
16.53504
11.25363
7.9198
9.49436
3.33851
1.40978
-0.83548
0.2155
0.03595
-0.04205
-0.23409
-0.27545
-0.32945
-0.45285
-0.2799
-0.42357
-0.89466
-1.02388
-1.09644
-0.98615
-1.28045
-0.13746
-0.68309
-1.22567
0.39808
0.98966
4.11525
4.92371
4.64752
5.47399
5.90606
13.25649
17.17309
15.84399
15.72402
15.52725
17.37742
18.06845
18.65104
10.94524
11.8658
15.06429
15.42102
18.49697
17.63183
10.95656
3.82468
-0.19232
3.13214
6.05523
11.01167
2.67015
0.32947
2.28058
-1.12326
-0.58428
0.34936
0.12056
-0.16169
-0.33501
-0.41705
-0.36039
-0.37304
-0.3627
-0.29346
-0.37128
-0.38926
-0.35515
-0.47972
-1.08464
-1.16326
-1.15375
0.99891
5.85547
8.31604
17.8829
15.37662
16.43006
17.71397
18.30575
20.97393
24.2175
14.9255
17.72858
18.74347
23.14101
15.44601
22.99916
15.13678
17.6273
13.32796
21.87716
16.51187
19.36418
10.36159
9.9212
14.54937
12.49598
10.76225
11.41308
7.0557
6.01157
3.48869
2.60474
0.27681
0.06012
-0.28418
-0.38507
-0.45989
-0.38094
-0.13518
-0.46432
-0.86917
-0.76223
-0.84705
-0.95797
-0.73481
-1.13572
-0.67792
-0.56613
-0.62972
5.42988
8.64902
17.43082
15.29811
18.36474
19.1023
19.10886
23.24582
24.53809
16.64021
23.91157
22.46116
16.24156
21.85508
24.71203
24.77106
24.88208
24.99634
20.53214
47.32393
18.2082
27.62399
24.8842
11.43308
12.06933
11.96538
16.13028
8.41996
4.45134
0.91925
1.06868
0.26551
-0.29825
0.10524
0.09268
0.29675
-1.07187
0.21731
-0.05345
-0.15105
-0.07739
-0.45025
-0.70557
-1.0332
-1.16838
-1.08979
-0.31907
-2.43965
3.22454
0.46957
3.08908
16.50308
17.50252
12.95452
19.057
21.89072
19.54519
13.99411
24.0017
24.64203
19.14181
24.85006
24.93542
10.52456
25.08629
29.28431
49.27555
44.93293
17.49396
16.39882
16.55794
9.50294
6.22693
4.30555
4.52499
2.03437
0.79866
-0.8177
0.47406
-0.36362
-0.22624
0.16858
0.29417
0.11402
0.05676
-0.03145
-0.44493
-0.36157
0.12831
0.16797
0.01985
0.11194
-0.69492
-1.00862
-1.16949
-1.2788
0.18944
3.59057
10.41249
12.04045
15.44691
16.98831
19.97061
20.74442
21.66326
40.22987
43.60852
28.91116
20.01955
16.73481
28.96067
22.10067
27.8441
23.00443
26.3106
23.12846
25.18591
21.62824
9.71354
22.83278
25.08629
19.68214
11.84641
8.18222
5.04269
2.22786
0.34414
0.12839
-0.17872
0.37291
0.35667
0.41036
0.40014
0.0109
-0.14282
-0.06624
0.11675
0.06518
-0.08487
-0.14746
-0.24294
-0.16039
-0.2667
-0.15582
-0.5146
-0.21416
0.84613
15.11741
15.34858
12.81453
16.68059
18.41278
17.31762
17.42303
16.54202
17.06378
21.98323
21.69052
16.87639
28.12868
18.04459
19.87204
18.54666
23.95775
24.0095
15.10125
12.92312
11.03415
12.526
5.62119
4.97479
9.15651
5.0802
2.76268
0.96342
0.04509
0.43646
-0.0528
0.14752
0.0456
0.22332
0.07925
-0.01953
-0.07117
-0.07487
-0.20949
-0.25722
-0.36803
-0.21086
-0.11637
-0.03218
-0.05371
-0.09595
-1.19363
-0.95277
-0.20745
-1.27176
6.74161
12.19694
15.96183
15.2741
15.07232
19.34999
16.20012
25.73624
23.6161
24.98435
18.93539
23.303
26.19714
24.89528
32.5919
28.85535
25.94299
24.80136
9.73387
5.11508
4.99792
3.6562
4.58688
2.61136
0.22344
0.29392
-0.31461
-0.28118
1.43047
-0.7158
-0.33766
0.22128
0.42049
0.32957
0.60444
0.48383
0.49478
0.42495
0.13531
-0.15262
-0.15272
-0.57518
-0.19965
-1.15208
-0.04497
5.67387
11.0321
16.32416
16.9423
17.83512
21.53988
23.0943
18.82821
27.21892
24.69259
24.74557
20.47553
21.07887
24.15769
30.23482
37.54237
39.86259
22.29987
38.02151
27.13386
15.5291
17.11227
11.51723
15.98561
11.48081
15.34581
4.62543
2.23272
0.05024
6.61071
2.34755
0.9887
0.68971
0.56755
0.63057
0.69757
0.66168
0.45387
0.42678
0.55431
0.56259
0.46957
0.449
0.40294
0.3478
0.30375
-0.28855
3.37588
3.97516
12.81514
17.02726
15.15244
24.99616
22.64405
23.8015
24.5322
35.61043
29.48577
24.40131
21.61207
37.55405
24.60667
38.40139
38.0341
27.40645
34.46908
22.00756
33.42897
17.41937
24.27395
12.96991
35.41585
20.7174
5.34495
11.47302
2.69662
3.22609
1.59446
1.38619
0.80258
0.57983
0.47699
0.43186
0.43643
-0.56403
-0.17924
-0.06242
-0.08069
-0.37243
-0.62057
-0.00476
0.2301
0.07172
-0.13336
-3.41493
-0.63542
2.92497
4.33728
4.38475
4.20695
20.42777
11.85281
19.03469
20.38634
25.78975
32.58047
38.87217
28.15235
29.55904
39.34851
37.89812
27.20684
27.39158
23.62015
19.30792
23.26411
25.55029
27.32981
22.22092
25.57716
16.84409
20.4826
16.05068
-1.081
0.78146
0.68825
-0.49381
0.24935
0.10306
-0.04654
-0.42257
-0.41063
-0.41337
-0.39196
-0.42133
-0.66156
-0.59867
-0.48866
-0.42741
-0.47815
-0.43814
14.81336
5.18168
6.46105
22.54058
11.2376
16.54534
17.38443
23.38606
46.98856
46.4994
47.41777
40.55067
39.84731
39.66078
47.85916
42.48217
38.89934
50.5751
36.21814
31.03099
39.47772
33.43089
31.67896
25.91713
27.52013
25.9094
19.25816
18.22789
4.48408
34.75542
3.16821
-0.96174
-1.01236
0.70422
0.5263
0.38884
0.27742
0.21603
0.18543
0.20941
0.19814
0.1196
0.05453
0.14768
0.25275
0.3839
0.41387
0.4094
0.54035
0.59981
2.60309
2.22962
3.69554
12.99726
18.50863
21.62705
29.24725
32.50996
36.78041
22.49713
24.95469
18.57041
17.09916
17.15674
19.51205
19.35193
23.39702
19.51634
26.11536
29.91361
21.49214
23.98719
17.72491
22.22647
23.1869
22.66323
34.70736
5.94659
-0.75708
-1.16271
-1.02928
-1.01869
-1.04647
-1.08342
-0.81072
-0.80858
-0.83287
-0.43117
0.51423
0.42528
0.20954
0.24894
0.28629
0.24649
0.20027
0.17609
0.18252
0.25353
3.51934
11.38743
19.13106
21.46984
19.22125
22.94774
26.8715
29.85838
40.51136
25.3497
25.14817
25.11123
29.1117
39.32543
27.41074
40.58032
47.57975
47.74641
27.35644
21.95393
25.86905
27.84664
28.88991
26.27964
20.17498
16.93223
2.84177
1.99186
-0.61381
0.59682
0.56222
0.40019
0.30395
0.13019
0.13233
-0.02087
-0.03006
0.10761
0.06318
0.12792
0.22614
0.39245
0.49751
0.43231
0.89872
0.94891
-1.98366
4.31556
6.4275
14.22746
21.63437
24.6078
19.86388
38.27066
49.54873
47.2444
34.11723
27.69331
26.71305
21.5145
26.99408
29.72751
32.24895
40.03831
35.1675
28.22939
27.92776
28.72433
29.66133
29.45411
19.89924
21.40922
20.66056
7.76275
7.76991
2.8279
-0.72635
-1.0813
-1.22045
-1.23748
-1.09539
-1.09554
-1.0507
-1.13958
-0.91579
-0.63073
13.13473
12.20052
-0.66713
5.40103
8.20441
8.19977
8.20639
7.26742
6.47879
6.08994
3.43453
10.32598
16.25896
8.39786
21.22371
18.44493
25.78904
44.02744
44.41945
43.44483
51.83039
54.27732
64.21867
58.58336
53.87152
56.74794
54.06388
52.02379
48.88918
42.59778
47.17139
36.30807
32.13714
28.25788
20.57231
16.13683
9.84637
4.86424
0.1966
-0.38407
-0.89471
-0.98019
-1.44672
-1.25113
-1.26254
-1.21149
1.25867
4.71291
4.28802
3.76061
3.57499
3.58097
3.43789
3.93677
3.97038
1.86909
1.22147
1.66946
6.34975
7.06276
29.99525
19.57214
41.7317
25.06701
19.65654
23.11716
29.93293
32.84539
39.81461
39.91307
44.35182
51.33472
53.58031
59.76296
52.2296
49.94003
47.34788
43.56902
44.26133
41.37297
24.90182
29.25772
13.64042
13.60974
12.36354
4.29626
-0.41405
-0.19643
-1.02389
-1.22172
-1.4003
-1.0968
-1.28748
-1.55193
0.59188
2.91677
2.41095
2.10251
1.73143
1.65846
1.60515
1.56905
1.63823
1.56527
1.56736
4.49932
4.26362
18.63027
28.62498
28.48295
33.45816
37.45247
43.55392
42.86081
47.98546
52.36826
40.6847
52.55591
62.28954
52.02901
49.60228
49.83012
55.23448
52.81334
52.82771
52.42436
39.87184
34.50869
32.4772
27.81343
23.32685
16.49465
11.08455
4.25066
-0.30334
-0.97999
-1.43478
-1.26055
-1.43611
-1.06081
-1.17456
-1.40283
-0.69502
1.18346
0.86892
0.75884
0.75448
0.71279
0.55739
0.4058
0.27203
0.13793
0.17747
2.71836
12.86082
14.92525
22.28818
26.35554
39.77644
33.77748
46.9963
46.65249
49.83766
43.41839
50.11824
49.82418
33.39733
52.84854
51.66793
52.5221
39.88866
36.00706
49.26022
31.90363
28.74332
28.58408
15.24853
15.94671
23.79483
19.07459
12.45673
5.22829
2.80151
2.4692
-1.38536
-1.93957
-1.11763
-1.30667
-1.41093
-1.03575
-1.17539
-1.00559
-0.88512
-0.47027
-0.51006
0.6327
-0.76459
-0.92573
-0.75357
0.47847
0.43003
1.84355
10.25899
18.87665
19.56465
21.29533
29.31389
16.07599
25.3313
17.13176
14.8542
8.94175
24.80061
38.98576
45.11969
29.31746
37.15407
29.75599
28.28747
33.04175
34.8154
17.21725
9.99005
8.85693
13.50612
20.33813
7.55949
2.68229
0.30188
-0.20637
-0.26742
-1.06249
-1.18043
-1.28555
-1.38515
-1.45824
-0.86959
-0.8086
-1.29902
-1.19496
-1.22513
-1.29078
-1.19267
-1.02999
-1.04117
-1.0916
-0.88367
-0.76044
-0.76509
-0.76749
-0.64107
1.84158
-0.56674
2.21452
12.73507
13.58816
13.60851
3.65049
2.03417
3.87331
4.29926
15.03011
21.48656
22.6576
39.56997
45.77973
39.9405
16.1255
44.57996
15.95596
8.9242
34.67121
21.38625
4.31945
-1.15034
1.95927
9.45899
3.8821
-0.76254
-0.31474
0.65493
0.34889
0.29931
0.25537
0.1942
0.03923
-0.05613
0.08566
1.91106
1.47025
0.58879
0.25769
-0.49163
-0.70219
-0.47827
-0.12726
0.47705
2.32595
5.72924
10.71322
14.70059
18.18581
20.95639
24.27311
26.25205
30.72269
33.65436
37.67516
40.19306
41.42066
38.55032
36.42201
34.31756
34.75753
32.7672
29.52129
42.81501
34.16182
26.85301
29.55345
27.21733
24.28077
24.0975
8.29167
3.11753
-1.22843
0.39611
-0.04015
0.67316
0.9113
-0.93634
-1.51724
-1.98487
-0.90834
-0.96707
10.39937
11.7335
10.75322
9.71799
7.81362
6.70779
6.71517
6.72255
5.802
4.95618
3.07735
4.62268
6.3492
25.09481
26.93827
39.25433
47.77339
47.49556
43.56049
26.72629
32.0925
40.44537
30.65054
34.2805
39.41687
38.47804
51.12957
16.67915
44.49656
46.06993
40.58607
38.74487
30.06407
24.04953
25.44749
22.28448
12.70767
11.24531
1.55291
-1.46547
-1.23013
5.88049
5.69024
5.44134
5.36254
5.35184
5.2508
4.58564
3.96199
3.68968
3.35912
3.31048
3.23135
2.97621
2.86231
2.73525
2.49047
2.49247
2.54054
6.4587
24.4382
30.77025
28.482
27.38691
25.93171
28.05928
22.83554
25.93724
26.08052
52.44484
39.62764
39.69577
26.45273
23.97096
26.03901
32.79095
22.94014
28.81358
28.55289
51.80203
19.20141
19.70566
18.81278
41.03665
32.80299
3.4924
6.70458
1.18617
0.21559
3.20499
3.31883
2.93374
2.75443
2.60798
2.55788
2.52962
2.50576
2.28119
2.08188
1.78859
1.71778
1.6687
1.68771
1.66846
1.54572
1.41947
1.72839
7.05118
16.74308
27.30663
25.92094
27.49576
32.94035
39.13746
39.29635
28.64672
47.09351
48.32592
29.63461
41.35116
45.01309
51.7071
48.97244
19.18002
27.44814
39.90645
17.30618
24.53155
31.05511
15.80773
23.54939
23.59527
19.16665
5.33308
3.95829
1.76575
1.23005
1.14001
0.78576
0.86546
0.92188
1.02032
1.17391
1.10419
1.05327
0.89713
1.41794
-1.2323
-1.25487
-0.58798
-0.63071
-0.7048
-0.82052
-0.88229
0.95442
13.52627
20.43701
8.24366
24.6202
18.1627
23.10064
46.96078
36.00567
52.76482
37.16544
24.24669
26.37546
30.10106
39.8019
33.14777
39.18152
22.88375
6.93145
27.32552
42.59043
41.47714
37.31793
3.97771
6.95186
19.05851
20.29146
17.01406
3.12615
-1.1977
-0.86883
0.57353
0.46718
0.42514
0.37147
0.14358
0.01374
0.01618
-0.08358
-0.06479
0.00053
0.02587
0.01088
0.01076
0.017
-0.01067
0.07423
0.17715
0.3305
0.9667
2.12501
3.63364
8.69939
13.49309
21.63848
19.41618
27.93477
38.15016
39.88116
38.41019
42.79655
33.99231
38.72442
37.48687
32.09667
31.32807
41.736
37.99673
30.45566
22.59383
30.42691
32.49632
20.38651
19.35816
8.31537
4.60957
-0.30325
-1.47482
-1.07275
-1.16341
0.40906
0.61078
-0.56013
-0.56027
0.42519
0.37912
0.3834
0.38989
0.38491
0.24098
0.19106
0.14998
0.05784
-0.04394
-0.12299
0.05591
1.15874
4.2795
13.82363
21.9482
26.89076
29.4982
26.84148
40.17056
32.02056
41.7486
43.65163
30.49066
30.22376
52.00249
64.67907
64.77635
36.09755
46.58257
41.45127
31.8869
30.83068
36.13736
28.36513
27.82684
9.13706
3.59592
3.6748
4.02678
-0.70992
-1.45674
-1.50802
-1.35422
-1.21465
-0.74127
0.57665
0.61278
0.61485
0.38141
-1.15251
-1.1485
-1.15055
-1.03349
-0.94188
-0.55472
0.3749
0.27579
0.21242
0.17777
0.23152
0.26613
3.74382
3.31908
3.44711
3.43627
11.61225
3.42532
19.18318
26.89364
26.31605
26.64612
29.70097
32.98737
29.2877
30.17286
44.37372
34.92747
29.14643
8.43696
5.13598
21.5926
20.13939
16.02913
15.24507
11.78871
12.19625
3.68039
0.40373
0.1933
0.14607
0.05601
0.00924
-0.03309
-0.05634
-0.07534
14.29287
8.08647
15.34472
8.65347
6.49278
-0.74313
1.25464
-0.09435
-0.07972
0.24169
-0.50421
2.03258
3.84365
3.17114
5.71221
10.08421
17.26329
18.64964
19.6109
16.31404
21.40281
29.19059
61.03013
31.72442
52.07007
43.72151
29.88595
26.9553
19.60825
26.72836
66.49378
30.23468
24.40351
17.93083
20.01494
27.75985
11.47942
14.5727
0.24958
0.17893
0.17286
0.03344
-0.03182
-0.13882
-0.12794
-0.15795
-0.09911
-0.12163
-2.36353
-2.05634
0.57454
-1.71925
1.15871
1.05194
-1.96131
0.65999
-0.072
-3.04728
0.14706
0.64102
0.55077
1.88614
5.50026
10.21026
23.82028
21.09689
20.44189
18.64193
27.20514
26.7173
22.34123
32.24208
29.14907
30.01617
29.89614
24.36318
25.06615
36.26728
42.0661
44.37859
50.38403
31.28424
33.30811
26.02637
22.14861
11.79146
2.64991
-0.45965
-0.97734
-2.98971
-1.30485
-0.48114
0.18384
-0.37249
0.1403
-0.00526
0.02708
0.03973
-2.34874
-2.56763
-5.24827
0.00884
0.07175
0.24001
0.06408
-1.41243
-0.59817
-0.17429
0.53297
3.82912
7.87323
17.8147
25.5222
26.07254
28.91421
36.8703
38.75008
40.63599
50.18714
50.0729
52.18831
52.60299
55.29565
38.76325
36.18912
36.96014
22.53412
12.89439
18.19705
10.45867
6.97504
5.30787
6.48513
8.47239
2.18694
-0.17148
-0.90526
-2.78466
1.7528
-3.79032
0.37212
0.359
0.42753
-1.26737
-0.18842
-2.31362
-2.28472
-0.8229
-0.68567
-1.16546
-1.4064
-0.83027
0.31142
-1.27714
-1.48791
-0.61009
1.02774
0.85585
7.01159
16.33428
22.47063
20.15911
21.24527
24.0918
28.65876
45.28701
35.40638
36.00224
49.38953
55.85755
37.66244
58.46677
57.76399
48.43682
38.11692
39.6834
37.1782
27.21444
31.66375
26.14453
23.5067
16.6332
12.20713
7.02912
-0.95629
-1.17987
0.5133
0.46525
0.51489
-2.45302
-0.8731
-0.70229
0.68499
0.64051
0.6718
0.63226
0.64663
1.34572
1.67482
2.11423
-0.58801
-0.87021
-0.88429
-1.35622
0.00507
3.16909
6.15986
8.62345
13.66991
27.07512
36.98914
46.49606
48.23781
48.05835
51.41158
48.28768
52.09242
47.32404
47.05267
38.07676
26.72757
31.81245
34.05143
29.60596
32.21513
19.33241
42.59772
34.273
27.66261
14.0238
3.51643
1.65008
-0.32527
-0.69316
-0.92675
-0.94211
-0.88438
-0.8826
-0.99012
-1.12665
-0.83686
-0.3028
0.67404
0.62459
0.69822
0.75761
0.72922
0.72617
0.88298
1.05734
1.08121
0.66268
0.97142
3.2602
7.97384
22.1841
32.1194
21.49941
27.58602
34.53261
41.84909
46.35004
46.47594
51.36157
49.89624
55.88848
47.93152
47.09916
53.99938
51.71973
49.588
48.58152
48.77307
37.90977
37.64883
30.93438
27.72805
17.88092
11.88735
5.33626
0.41432
-0.37512
-0.58908
-0.58271
-0.43817
0.9538
0.84837
0.83052
0.95049
0.92571
0.91444
0.91353
0.93335
0.91754
0.98623
0.95294
0.98187
0.97716
0.98311
0.976
1.14815
3.60074
5.12793
8.91187
14.47136
11.19759
21.67093
38.46675
41.64644
45.44157
49.70697
53.23871
51.66123
53.33694
58.68648
27.46627
56.34179
47.33351
29.6456
37.76607
42.26912
39.24026
25.55108
20.05113
22.11403
13.54646
11.98341
5.98236
3.17019
1.89795
-0.15305
-0.39233
-0.18274
-0.18084
0.62521
0.08688
1.02255
-1.87267
-1.14694
0.49955
0.38
0.37482
0.36498
0.14374
0.20865
0.15413
0.15513
0.08521
0.19058
8.1162
7.62524
12.10789
19.58255
28.17698
30.02357
38.98302
39.77417
46.74245
51.13112
57.08146
52.12144
54.70273
64.22239
69.23671
65.82119
43.06112
43.39866
49.73158
43.84038
39.41479
26.09385
25.85387
22.14797
16.34653
11.41974
3.71754
1.88743
0.80254
0.37536
0.25258
0.01614
0.16949
0.33835
0.35506
0.27594
0.20924
0.14234
0.09716
0.07731
-0.07146
-0.06516
-0.33938
-0.78722
-0.69088
-0.75303
-0.56937
0.10984
6.79807
8.00653
11.69912
17.35503
28.80109
36.69155
47.6916
56.99118
44.48209
51.64485
59.54279
58.91396
53.28858
49.16355
59.21245
54.25776
63.64518
57.50269
52.2224
40.18035
42.3084
28.77621
18.639
15.02649
18.26831
11.86805
5.91954
0.51268
-0.03732
0.01873
-1.13281
-1.48382
0.05288
-0.0786
0.41174
0.4858
0.48585
0.33257
0.2254
0.23542
0.24622
0.27029
0.33102
0.40873
0.42116
0.48213
0.45652
0.44723
0.61156
5.81689
14.32009
19.56599
22.95585
26.94488
35.86582
37.42152
31.09421
52.84385
50.5441
46.74869
58.48087
48.96627
54.50237
53.02424
37.27242
33.48039
34.18647
32.94778
29.04839
23.33449
18.21239
15.77126
13.82172
9.80147
4.30638
2.31024
0.96013
0.68805
0.58746
-1.55002
-0.47965
-0.22044
2.85613
-1.88994
0.32023
0.17632
0.04295
0.17718
0.28251
0.38518
0.33437
1.04638
-0.17854
-4.24218
0.1299
0.04513
0.09946
3.90214
9.76538
6.48844
6.59113
6.3536
6.00862
7.61869
22.22871
52.92192
41.70103
23.19123
44.30774
42.27356
42.41476
39.72012
36.25047
44.97061
35.75052
42.70183
21.04878
30.26162
17.39285
1.21192
13.92365
10.13622
2.81823
-0.61181
1.38212
0.1085
0.01294
-0.07968
-0.17508
-0.45998
-0.47659
-0.44377
-0.50396
-0.46125
-0.53425
-0.49475
-0.48522
-0.49569
-0.49283
-0.47998
-0.40471
-1.50571
-0.49808
-0.53508
8.8303
4.44311
10.82857
11.67812
10.41827
14.80737
23.18773
26.44849
40.75343
38.30945
34.36784
24.49584
45.66245
62.70267
38.79409
29.5155
33.01786
22.48754
14.2777
11.76442
25.0249
26.21445
20.22261
16.31368
10.94684
6.28631
0.34245
0.18691
-0.25748
-0.38572
-0.41958
-0.48367
0.0838
1.04627
3.40251
-4.17717
-1.57227
-0.71096
-0.68137
2.8513
-0.8285
-1.09839
-1.84582
-1.07044
-1.13139
-1.14567
-1.70416
-1.81969
4.93418
10.79445
16.06969
21.81092
33.65359
34.68087
43.35874
44.82377
52.26431
42.9657
49.86647
48.69446
34.51349
31.34868
29.18563
33.86077
27.18332
42.16285
41.12619
34.75085
30.80188
39.92991
32.11914
15.99475
13.22824
8.40905
2.88891
2.84608
-0.15626
-0.41552
-1.13968
-1.77897
0.74282
0.76463
1.0891
1.21668
1.2035
1.13224
1.27382
1.28221
1.20122
1.19035
1.05405
-0.97263
-1.65088
-1.52192
-1.5722
-1.63353
1.42902
5.4671
4.3227
19.84487
23.15065
25.99605
26.94474
35.41485
47.16863
43.90311
49.42605
54.00689
47.00502
55.08699
34.11998
43.10405
38.24391
39.78522
39.79129
38.78016
30.89305
29.67593
25.35105
26.08173
13.50592
5.65616
7.55785
0.55164
-0.06486
-0.16356
-0.12824
-0.32682
-0.52104
-0.72859
-0.88497
-1.23995
-0.96384
-0.96844
0.08083
0.05713
0.02726
0.05014
0.0513
-0.22326
-0.26939
0.0828
-1.69233
-1.59385
0.67449
8.24177
8.35457
7.68451
7.72012
13.57494
4.50378
11.45959
17.38562
0.29572
25.08996
39.55046
29.15003
37.06515
44.43172
47.25067
20.00672
12.45004
20.20533
22.09978
23.55594
24.29114
32.51027
17.83489
7.82215
1.13746
-0.2434
-0.54344
-1.04314
-1.02545
-1.08955
-1.09851
-1.11347
-1.12518
-1.03105
-0.23103
-0.36842
-0.5326
-0.84728
-0.7402
-0.68354
-0.53044
-0.48439
-0.79615
-0.94747
-1.2945
-1.62469
-1.13464
-1.65646
8.23824
6.79355
9.19912
17.41201
18.57856
44.65723
40.69825
44.08978
52.72972
44.10566
54.18283
54.09415
43.42453
53.00997
45.48357
40.29597
19.82994
20.25993
22.18446
29.58305
36.63371
32.19053
23.92846
4.56648
0.8521
0.38538
0.18959
-0.05233
-0.77899
-0.81021
-0.71023
-0.75526
-0.71095
-0.63121
-0.62004
-0.64511
-0.71321
-0.65765
-0.52375
-0.56482
-0.61549
-0.68534
-0.9357
-1.12174
-0.85895
-1.17875
-1.24462
10.05528
7.44031
8.03216
7.98898
10.36303
10.50837
11.1791
11.56773
19.79743
30.10903
32.92796
43.78754
34.39216
52.02054
45.04974
35.71968
39.83425
36.63258
39.41776
27.45363
24.43018
19.9327
18.15479
11.90689
8.89405
6.12111
3.08831
0.26354
-0.02958
-0.24173
-0.39951
-0.31371
-0.57438
-0.6178
-0.84833
-0.97935
-1.18284
-1.43733
-1.53764
-1.48745
-1.44629
-1.42975
-1.53037
-1.49268
-1.52827
-1.39755
-1.43064
-1.42331
2.22718
4.26117
5.87087
6.03013
10.58387
18.00996
15.45062
18.73527
18.22111
17.27724
20.41193
17.32662
17.33886
17.38039
21.26931
19.12254
20.48139
21.2119
22.52888
12.08778
11.12216
11.16304
15.14476
12.35279
9.39032
5.47037
0.36991
0.27235
0.19129
0.14768
0.11797
0.00578
0.01172
0.04367
0.0728
0.17897
-0.0509
-0.07258
-0.02826
-0.03715
-0.17446
-0.21437
-0.19609
-0.24534
-0.26762
-0.26431
-0.15186
-0.21018
-0.1293
7.40261
10.19467
14.3017
27.43601
21.33303
10.91039
16.41118
28.11755
31.28802
35.75555
32.48204
32.4589
35.63459
37.7474
44.51942
45.25026
38.64249
38.7395
36.85455
21.19385
17.02144
16.6011
19.76511
18.03513
9.26797
1.53451
0.93211
0.64289
0.21661
0.04266
-0.39792
-0.66804
-0.66286
-0.81065
-1.1065
-1.3497
-1.35626
-1.35834
-1.38243
-1.40163
-1.39122
-1.46802
-1.66083
-1.40226
-1.26067
-1.19497
-0.63702
-0.59584
9.20942
9.53986
12.80439
16.68915
13.30827
20.49612
17.72198
17.69169
21.15446
27.95957
32.48311
33.54098
36.83561
37.7283
35.81678
39.86862
43.4342
40.80156
43.34203
31.93702
29.84914
24.79542
20.72569
16.50583
5.52034
1.98346
0.99485
0.45461
0.20501
-0.1156
0.02682
0.09138
-0.4609
-0.80365
-0.82029
-1.20217
-1.27317
-1.35789
-1.37141
-1.44565
-1.50076
-1.52462
-1.58863
-1.49149
-1.49671
-1.4207
-1.32837
-0.83011
8.63617
8.34414
16.09091
29.17617
15.44175
24.96754
22.63876
29.77242
30.33142
25.05828
36.42902
24.2012
26.94422
27.12236
25.07697
26.40094
43.65754
25.38009
28.03832
11.32417
11.9503
9.04881
10.7023
5.04034
14.25558
1.68779
1.64106
1.40707
1.64824
1.29057
0.88134
1.1493
0.76759
0.79165
0.2713
2.14332
-0.49939
0.72063
0.82078
-1.0424
0.04372
-0.86312
0.66242
-1.1725
0.70289
0.55717
0.768
-0.15673
5.70957
5.39899
7.137
16.55106
19.72591
25.1242
25.06736
33.11463
17.3867
25.14017
28.16456
25.80995
22.66666
15.09007
25.08622
19.82241
17.63425
17.76087
22.29364
32.85043
30.50373
23.80157
21.09654
13.44075
5.70987
2.19772
-0.27386
1.16782
0.45837
0.31143
1.24141
3.07786
-1.96785
3.21004
0.25492
-0.68972
-2.93074
1.13596
0.43896
1.86728
1.71661
-0.47256
-2.50041
-0.44475
-0.52509
-0.74452
-0.75993
-16.88876
2.68238
7.59664
14.94599
20.26798
26.18377
28.0894
36.41798
30.22431
41.80912
31.74521
45.03743
50.25445
49.57992
44.50032
40.05603
29.57112
29.54817
33.6263
32.53686
22.3956
25.88114
15.26504
20.81205
9.0994
4.9956
3.04789
-2.19299
0.12392
-0.96148
0.69411
-5.27417
-4.01729
-3.74463
0.62637
1.42677
0.22697
-0.39527
-1.20755
-1.62617
-0.42723
-1.45705
-1.19703
-1.66458
-2.07975
-2.15171
-2.22295
-2.25668
14.98505
1.86514
4.68486
9.98139
17.84031
23.63513
32.30992
34.01546
34.21894
32.77572
22.41215
31.37975
27.81514
46.30771
48.80716
51.97124
31.99138
29.56097
30.537
35.89448
20.71868
21.0867
19.09293
13.27807
8.66763
9.41976
0.65615
0.13993
-0.23676
-0.28536
-0.28675
-1.72118
-1.15317
-1.25412
-1.53691
-1.80066
-1.82762
-1.80774
-1.8103
-2.09107
-2.16455
-2.23986
-2.30156
-2.40076
-2.39547
-2.33677
-2.46051
-2.44891
-1.78499
12.42142
17.00066
4.35084
10.63459
19.34039
25.01847
30.38608
33.43332
30.6253
41.78229
40.0648
37.7831
38.55867
31.10802
39.43255
47.52274
43.25495
35.05022
36.03632
28.95671
24.56002
20.275
15.95712
8.11407
4.91055
3.00394
2.34788
-5.67858
-8.0218
-3.36644
0.66569
1.44574
0.81206
1.42745
-7.26552
-7.10882
-6.9408
-6.97956
-7.33034
-7.18855
-7.39509
-7.44245
-7.47778
-8.00224
-8.18854
-8.37841
-8.22701
-8.33002
-19.39819
7.25119
12.90424
11.74077
15.77484
21.94974
25.7391
23.33329
28.6657
28.0841
27.75532
28.02143
35.73166
36.85357
51.04172
38.07695
31.6502
35.23658
30.88958
18.13879
15.97104
11.21811
9.20912
4.21147
1.54057
1.09212
0.90406
0.49664
0.17199
-5.64691
-7.66026
-7.18866
-7.31689
-7.12843
-7.48591
-7.56969
-9.89917
-3.29118
-3.92991
-2.12945
-0.30414
-0.28878
-0.27344
-1.48276
-0.8703
-6.36826
-6.43216
-12.1111
8.48309
8.55065
12.62382
16.35103
25.54765
28.98604
32.59335
33.31889
25.58369
23.94782
23.12195
26.73976
33.30117
33.61951
30.54529
38.30621
33.36162
24.86343
24.6194
28.52648
12.91676
20.08295
10.94352
4.19204
3.55191
0.43985
0.89971
0.73578
-1.71874
-7.9022
-7.51628
-7.77783
-9.99256
-8.70128
-3.01707
-3.76289
-2.24047
-0.02285
-0.62189
-0.36574
-0.42126
-0.45393
-0.40431
-0.6685
-0.65871
-0.33037
0.28356
-2.14076
-9.91573
6.1444
8.09334
9.65375
8.7567
20.68402
29.66434
35.65747
25.61967
33.81316
49.41265
38.61028
34.83373
28.87352
31.16212
43.66714
35.45645
38.15001
28.21841
21.23818
17.56808
16.26775
6.17892
2.05452
1.9708
1.50467
0.47754
-0.24014
2.42637
0.05099
0.39423
2.47581
-0.43578
-0.17765
-0.21018
-1.45336
-1.23645
-1.17929
-1.17311
-1.12085
-1.13955
-4.43219
-4.41715
-4.25487
-4.20619
-5.90715
-5.69529
-5.65638
-4.99748
6.43511
12.65291
11.41565
24.42258
25.99178
24.67266
23.60519
19.62405
23.16594
32.99892
33.30618
16.18435
26.0733
31.02475
33.69811
31.13087
27.48954
29.94992
26.76765
15.71213
9.46031
5.74742
3.02492
1.29709
0.79852
0.64052
0.57926
0.55303
0.48267
-0.53641
-3.5437
-3.26744
-3.46715
0.12835
-0.64123
-0.30699
0.52097
0.9634
0.73441
-0.72585
0.57281
-1.9494
0.68948
-1.54292
3.72976
6.98529
1.94265
1.64734
4.97494
7.59906
11.19252
13.26656
19.04113
28.01451
25.83452
30.38066
44.03675
36.81334
18.06844
27.39233
31.44002
25.10292
30.62654
32.62386
17.90389
15.33634
20.52149
15.08404
11.2397
9.88434
36.96374
3.86217
1.90992
1.42115
2.55628
1.25658
-0.15444
1.05251
1.86644
-5.72412
-6.64881
-7.37849
-7.4575
-2.85469
2.21975
1.58189
1.78249
1.47661
-0.15872
-1.0369
-3.45966
-3.48244
-3.56419
-3.6299
-3.61048
-6.801
17.62355
11.95852
16.26096
22.41226
24.5302
29.95767
26.82079
35.77118
34.94592
33.39209
36.63995
35.44016
39.39329
19.86415
14.36399
38.10572
31.25895
21.10864
24.40093
15.0163
14.13036
9.54987
6.74593
5.42656
2.42615
2.19216
-1.28513
-1.54091
-2.22686
-6.00324
-3.10688
3.35918
2.90114
2.24833
2.57258
2.54696
2.56285
2.18022
2.1995
2.55575
2.68402
2.322
2.71613
3.41051
4.22084
-0.1103
3.95423
4.84555
4.07303
5.67845
7.66907
10.99276
14.12753
19.77127
12.38501
13.05658
-25.61619
56.55306
15.63288
20.42655
43.64682
21.82258
16.34743
10.32697
13.23733
38.82958
27.40627
0.72325
-6.73464
-91.35407
17.1665
-275.10605
-49.4815
-56.26484
10.31028
9.40757
13.29408
3.19498
2.62912
3.80141
1.88683
3.607
4.04913
5.14395
0.33083
3.64272
4.45377
3.57496
3.14176
2.47868
2.24123
2.38584
2.27911
2.30469
3.04331
10.1532
5.61894
16.95549
13.95918
19.89788
25.00781
29.70579
30.61104
29.14561
37.98226
34.39361
33.13342
33.38541
32.03759
28.82383
27.23813
32.81991
34.97361
25.93513
28.32187
23.0967
15.44204
13.85818
8.15537
4.88821
0.7909
-0.23847
-1.21741
-3.4698
-6.6955
-1.90367
0.14513
3.88142
2.7586
3.04013
2.63951
2.44911
1.49695
2.41224
2.36787
2.39508
2.35506
2.29024
2.28003
2.25138
2.19575
2.32305
2.48132
9.87366
4.64092
5.0309
18.87529
17.31766
26.62553
25.89413
35.65676
35.30122
34.47281
33.61667
43.59126
40.51315
40.61129
42.56959
38.258
36.33359
32.35149
34.42706
29.28366
23.10408
18.60725
14.3492
8.30415
7.16424
4.18184
4.1325
4.26353
4.89451
4.16939
1.75531
4.02846
4.60425
3.31288
4.54563
5.16324
3.808
1.75351
2.86066
2.19028
2.86943
4.15114
-0.63321
1.17871
5.22576
4.40607
-0.47318
-0.69129
-3.12441
9.49389
12.4782
17.76984
29.24035
29.31254
32.98414
38.03227
36.49575
40.98698
42.95737
39.85991
48.5847
33.82494
37.32114
46.68351
40.12498
36.8493
32.06692
28.46936
19.71146
17.26999
14.15261
12.14854
9.17832
4.33605
4.08252
5.25246
3.21233
4.41662
5.30896
2.48177
4.38683
3.88586
3.85314
0.58621
4.27372
3.58693
3.23069
-0.72049
-0.82079
-0.86974
7.00296
-0.8351
-0.85225
-0.84116
4.21625
3.48073
5.59743
9.81602
13.38234
18.28226
24.28916
26.91209
34.09622
31.12982
33.49602
38.92364
41.61159
40.30132
41.73641
41.81909
37.99744
38.93258
37.99651
35.62705
31.05455
26.75248
23.64378
18.38084
12.88511
8.43509
3.54477
4.27804
-0.34014
2.59863
0.43779
2.37527
0.29501
1.92286
2.94003
-0.03668
1.53411
2.31777
0.30622
1.26804
2.72949
3.51535
2.94846
2.88471
1.9139
2.2858
2.51777
2.7988
0.97522
2.05592
2.95888
6.81852
8.1172
7.88768
8.02207
12.12097
18.11572
20.54943
31.31366
40.7636
28.00451
28.01905
28.80515
30.92021
30.98678
27.69797
24.11143
22.86465
18.9132
15.19973
11.41855
6.65908
3.81372
2.02439
1.94555
0.16694
1.12762
0.75741
1.33118
1.06125
0.5934
0.58492
2.13826
1.25893
1.18894
1.49621
1.09608
-0.05962
1.58209
1.41272
0.59392
0.65137
1.25899
0.38719
0.98477
1.40145
1.46454
1.04109
0.8004
2.71867
5.31241
8.06776
8.47607
10.24582
13.34542
14.37606
14.39426
18.87237
19.45387
18.57295
16.10187
17.24701
21.01299
14.66873
19.74543
18.76105
10.09469
15.02112
12.33176
15.49527
10.13532
6.14409
2.54273
0.27277
-0.5339
0.83045
3.0804
-0.91778
0.11572
-1.09125
-1.4852
-6.32059
-4.75723
-4.66136
-5.45669
-6.2675
-5.68155
-1.91154
-2.64155
0.27127
0.16656
-0.05033
0.07444
-0.2298
0.09544
0.29314
-11.25525
-0.60386
2.92791
10.45762
15.03213
18.47451
23.08077
27.20571
30.05853
15.63826
22.14287
23.18031
27.40041
24.54463
33.5151
29.2688
20.51153
20.89675
15.60888
19.59733
13.44243
9.30347
7.10567
3.47957
-1.04317
-0.35098
0.4073
0.59526
0.47414
0.06631
0.39536
0.36204
0.38681
0.23989
0.21361
0.24331
0.20669
0.0304
0.11473
0.24501
0.0373
0.08289
0.11331
0.08308
0.22631
0.19671
0.20221
0.40669
2.03908
0.94855
7.91065
9.4013
12.56025
15.57774
18.66572
22.65624
29.09926
22.23038
27.40307
24.29446
22.77516
23.32743
22.11424
19.95728
17.64023
14.98033
16.56087
12.28126
8.66411
4.08254
1.95246
-0.32151
0.64338
0.4366
-1.13336
-1.74966
-1.3654
-0.3489
-0.42913
-2.13105
0.07258
0.82617
0.10268
0.09388
0.1021
0.09485
0.02127
-0.02407
-0.00818
-0.04664
-0.10556
0.03277
0.09123
0.30728
0.25792
0.27012
2.09184
6.99296
7.50062
7.05605
10.9214
14.31424
16.6346
17.58074
20.20168
20.18308
20.86405
21.9514
22.158
22.27013
22.48822
22.4368
20.9303
17.45543
17.74994
16.39578
11.97247
7.13425
2.83565
0.45644
0.30954
0.2592
0.20345
0.2025
0.17872
0.16578
0.07768
-0.07229
0.10152
0.10378
0.19212
0.32415
0.2969
0.32508
0.31783
0.32142
0.33119
0.21641
0.17072
0.211
0.28737
0.34196
0.34348
0.33075
1.26404
5.70886
13.69771
16.07477
16.34523
19.60134
19.80726
21.13097
19.70006
23.35827
23.96606
23.67282
25.04731
24.5336
18.86063
23.51265
26.03112
22.8942
19.90665
20.59681
15.97038
11.64695
7.31642
3.42893
0.55654
0.36801
0.09094
0.06674
0.06453
0.15363
0.21666
0.31751
0.30989
0.23109
0.19162
0.25453
0.22664
0.13663
0.15805
0.10631
0.11514
0.09406
0.02224
0.01359
0.01128
-0.02508
0.07894
0.07274
0.12985
2.4784
6.52865
9.22625
13.05844
11.88144
15.32622
15.97533
24.97519
16.80849
24.26427
20.38195
20.36003
18.29522
20.32619
23.95608
4.93121
6.30986
5.75935
4.11411
4.09986
0.51389
0.48421
0.32219
0.24238
0.13183
0.09512
0.09406
0.03726
-0.02906
-0.06098
-0.08035
-0.08495
-0.00504
-0.09023
0.01429
0.06555
0.18379
0.1515
0.2998
0.2796
0.26921
0.25647
0.22692
0.21653
0.21229
0.24781
0.26389
0.2885
2.02188
3.90976
8.03532
11.12559
15.49653
21.02445
22.84072
29.03442
29.86833
24.39029
18.56252
23.0113
27.16986
21.40759
21.60398
16.49863
13.91097
11.50196
18.73421
6.24273
6.11995
2.89215
0.64838
0.03475
0.04788
0.14966
0.13234
0.11129
0.18702
0.05935
0.12219
0.10573
0.11682
0.22172
0.08131
0.03286
0.11717
0.21901
0.10315
0.14618
0.1677
0.14281
0.14717
-5.60783
1.65334
0.05335
0.03673
3.15205
5.00471
9.05238
10.76933
14.70124
19.14112
17.97642
18.41299
16.78862
16.43298
20.99173
18.82274
21.02758
23.48593
17.66204
16.9179
18.7469
16.951
1.95988
8.77907
8.59354
7.12594
3.78674
1.51304
1.55844
-0.69647
0.19681
-0.23838
-0.01358
-0.0265
0.28247
0.52895
-1.3509
0.28804
1.64705
-0.45196
1.06776
-0.32714
0.85258
0.23975
0.752
-0.58757
0.26787
-0.31928
0.05361
-1.17168
0.11276
1.45389
1.01692
4.32098
7.05278
9.71989
12.03102
16.95419
19.60896
18.22825
25.20976
20.98151
22.89331
17.5429
24.3062
25.94625
24.77401
19.16988
19.2718
17.65548
18.38023
18.35712
10.63527
7.08533
4.04638
0.29476
0.24525
1.36874
-1.13455
1.97182
0.00517
-0.05043
-0.198
-0.24847
-3.38855
-0.39743
-0.37151
-0.75219
-0.30369
-0.527
-0.27896
0.05128
0.19656
-1.03129
-0.27237
-0.03168
0.18871
-0.22861
0.52404
-0.66667
1.20862
-1.22528
6.31331
8.29004
11.3723
15.40566
16.91909
17.1709
20.98993
17.21729
17.98588
17.97036
11.88729
18.37703
19.51731
18.10755
18.77987
15.86001
13.46639
10.42703
6.06588
8.71749
4.34243
0.00117
1.82793
-0.18025
-0.03435
-0.04618
-0.10169
-0.18765
-0.23173
-0.35791
-0.44762
-0.4619
-0.38691
-0.45286
-0.4272
-0.39977
-0.52588
-0.43997
-0.52771
-0.40438
-0.53253
-0.45409
-0.40996
-0.28069
-1.07739
-1.09235
-0.97345
0.866
3.6228
5.68381
8.89747
10.79164
11.87753
14.87606
18.50414
20.81005
24.5698
24.61046
23.09617
22.47112
22.27591
18.85469
19.35789
12.97284
13.63934
7.52698
6.46393
3.28767
2.22308
2.29513
-0.479
0.28945
-0.11853
1.04216
1.22292
0.13247
1.22475
-0.73128
1.19416
0.92481
