-2.1412
-3.27988
-3.286
-2.62244
-3.21662
-3.77321
-2.73393
-3.406
-3.99184
-3.54514
-3.06601
-3.23278
-2.73476
-2.6281
-3.06484
-2.51586
-2.16822
-4.35851
-4.98756
-8.9913
-10.75893
-12.91365
-12.24782
-12.62956
-9.77913
-9.65909
-9.56044
-9.58696
-10.44897
-10.19637
-11.33006
-12.15435
-10.63021
-9.83248
-10.09644
-8.44329
-7.36306
-6.63868
-5.88593
-5.08874
-4.35541
-3.64537
-3.26792
-2.54514
-2.89716
-2.36312
-2.00495
-1.91941
-2.06151
-2.83709
-2.52451
-2.05446
-2.33059
-2.72448
-2.12507
-2.47154
-2.85682
-2.74919
-2.53547
-2.69454
-2.72214
-2.9688
-3.5713
-3.47591
-3.65168
-5.58748
-6.4692
-9.51557
-10.90594
-12.22388
-11.59815
-11.80905
-10.2389
-9.62905
-9.632
-10.66931
-10.85791
-10.25178
-11.19835
-11.72046
-10.63169
-9.54516
-8.94005
-7.80261
-6.70775
-5.85564
-5.22183
-4.57425
-3.92961
-3.32017
-2.85039
-2.19022
-2.37457
-1.98906
-1.80113
-1.75371
-1.84643
-4.67323
-4.61413
-1.76827
-1.92143
-2.18008
-1.60741
-1.81439
-2.25878
-2.29901
-2.32445
-3.26338
-3.13732
-3.12412
-3.30721
-2.11317
-0.95126
-5.12097
-5.65932
-13.57176
-15.62636
-18.23844
-14.98854
-15.28188
-8.5903
-8.13613
-7.72726
-8.36988
-8.83243
-8.74902
-9.5635
-9.30272
-8.52621
-7.82837
-7.1947
-6.44648
-5.94199
-5.33013
-4.78584
-4.25822
-3.80945
-3.23944
-2.75158
-1.40453
-2.70018
-2.01691
-2.01224
-2.05137
-2.38369
-3.72519
-3.40204
-2.78203
-3.48164
-4.33605
-3.13776
-4.08428
-4.87746
-4.2132
-3.64395
-3.7679
-3.02718
-2.88585
-3.3686
-2.57165
-2.1137
-4.53927
-4.9591
-9.60043
-11.28645
-13.23777
-12.0406
-12.14978
-8.65993
-8.37567
-7.98552
-8.20655
-8.68431
-8.24595
-8.68924
-8.3788
-7.7665
-7.18497
-6.83704
-5.92553
-5.48337
-4.87957
-4.28153
-3.67123
-3.18375
-2.66677
-2.36018
-1.53798
-2.12916
-1.73814
-1.67651
-1.66682
-2.06151
-2.94399
-2.68338
-2.17102
-2.56692
-3.04424
-2.27819
-2.7721
-3.24644
-2.98463
-2.76685
-2.94765
-2.79217
-2.87454
-3.49671
-3.38052
-3.45633
-5.50963
-6.43956
-9.9935
-11.56034
-13.132
-12.52637
-12.65485
-10.3997
-10.24386
-10.02266
-10.48291
-11.27495
-10.91693
-11.33415
-11.32263
-10.36205
-9.30324
-8.84397
-7.67784
-6.74307
-5.94851
-5.05844
-4.29012
-3.67618
-3.15208
-2.74614
-2.07353
-2.34507
-1.96014
-1.82539
-1.79388
-1.84643
-2.4247
-2.22999
-1.83544
-2.05889
-2.38494
-1.90587
-2.21678
-2.57144
-2.56278
-2.61817
-2.90272
-3.05093
-3.37357
-3.68457
-3.60292
-3.66399
-4.27326
-1.5312
1.49982
-11.79953
-16.02092
-25.74553
-26.74163
-10.50913
-10.49294
-8.49754
-9.62958
-8.27859
-7.58413
-9.94611
-10.1654
-9.41287
-8.97743
-7.98924
-7.1185
-6.47721
-5.8054
-5.23509
-4.65044
-4.22424
-3.61934
-3.17343
-2.8074
-2.11538
-1.67226
0.6373
-3.52046
-1.591
-4.09346
-2.99637
-1.37934
-4.54693
-4.87465
-1.54447
-2.75972
-5.12253
-4.30736
-4.14788
-4.62336
-3.16787
-2.70613
-3.27195
-2.05747
-1.61815
-4.97851
-5.11451
-10.81875
-12.62316
-14.8588
-13.30318
-13.8759
-8.94437
-8.51992
-7.68347
-8.23343
-8.88094
-8.37044
-8.64495
-8.64029
-7.91959
-7.55875
-7.10455
-5.97228
-5.60059
-5.1914
-4.54488
-4.00068
-3.39811
-2.74105
-2.34677
-1.26039
-2.25192
-1.80067
-1.70844
-1.68616
-2.1412
-3.27988
-3.286
-2.62244
-3.21662
-3.77321
-2.73393
-3.406
-3.99184
-3.54514
-3.06601
-3.23278
-2.73476
-2.6281
-3.06484
-2.51586
-2.16822
-4.35851
-4.98756
-8.9913
-10.75893
-12.91365
-12.24782
-12.62956
-9.77913
-9.65909
-9.56044
-9.58696
-10.44897
-10.19637
-11.33006
-12.15435
-10.63021
-9.83248
-10.09644
-8.44329
-7.36306
-6.63868
-5.88593
-5.08874
-4.35541
-3.64537
-3.26792
-2.54514
-2.89716
-2.36312
-2.00495
-1.91941
-2.06151
-2.83709
-2.52451
-2.05446
-2.33059
-2.72448
-2.12507
-2.47154
-2.85682
-2.74919
-2.53547
-2.69454
-2.72214
-2.9688
-3.5713
-3.47591
-3.65168
-5.58748
-6.4692
-9.51557
-10.90594
-12.22388
-11.59815
-11.80905
-10.2389
-9.62905
-9.632
-10.66931
-10.85791
-10.25178
-11.19835
-11.72046
-10.63169
-9.54516
-8.94005
-7.80261
-6.70775
-5.85564
-5.22183
-4.57425
-3.92961
-3.32017
-2.85039
-2.19022
-2.37457
-1.98906
-1.80113
-1.75371
-1.84643
-4.67323
-4.61413
-1.76827
-1.92143
-2.18008
-1.60741
-1.81439
-2.25878
-2.29901
-2.32445
-3.26338
-3.13732
-3.12412
-3.30721
-2.11317
-0.95126
-5.12097
-5.65932
-13.57176
-15.62636
-18.23844
-14.98854
-15.28188
-8.5903
-8.13613
-7.72726
-8.36988
-8.83243
-8.74902
-9.5635
-9.30272
-8.52621
-7.82837
-7.1947
-6.44648
-5.94199
-5.33013
-4.78584
-4.25822
-3.80945
-3.23944
-2.75158
-1.40453
-2.70018
-2.01691
-2.01224
-2.05137
-2.38369
-3.72519
-3.40204
-2.78203
-3.48164
-4.33605
-3.13776
-4.08428
-4.87746
-4.2132
-3.64395
-3.7679
-3.02718
-2.88585
-3.3686
-2.57165
-2.1137
-4.53927
-4.9591
-9.60043
-11.28645
-13.23777
-12.0406
-12.14978
-8.65993
-8.37567
-7.98552
-8.20655
-8.68431
-8.24595
-8.68924
-8.3788
-7.7665
-7.18497
-6.83704
-5.92553
-5.48337
-4.87957
-4.28153
-3.67123
-3.18375
-2.66677
-2.36018
-1.53798
-2.12916
-1.73814
-1.67651
-1.66682
-2.06151
-2.94399
-2.68338
-2.17102
-2.56692
-3.04424
-2.27819
-2.7721
-3.24644
-2.98463
-2.76685
-2.94765
-2.79217
-2.87454
-3.49671
-3.38052
-3.45633
-5.50963
-6.43956
-9.9935
-11.56034
-13.132
-12.52637
-12.65485
-10.3997
-10.24386
-10.02266
-10.48291
-11.27495
-10.91693
-11.33415
-11.32263
-10.36205
-9.30324
-8.84397
-7.67784
-6.74307
-5.94851
-5.05844
-4.29012
-3.67618
-3.15208
-2.74614
-2.07353
-2.34507
-1.96014
-1.82539
-1.79388
-1.84643
-2.4247
-2.22999
-1.83544
-2.05889
-2.38494
-1.90587
-2.21678
-2.57144
-2.56278
-2.61817
-2.90272
-3.05093
-3.37357
-3.68457
-3.60292
-3.66399
-4.27326
-1.5312
1.49982
-11.79953
-16.02092
-25.74553
-26.74163
-10.50913
-10.49294
-8.49754
-9.62958
-8.27859
-7.58413
-9.94611
-10.1654
-9.41287
-8.97743
-7.98924
-7.1185
-6.47721
-5.8054
-5.23509
-4.65044
-4.22424
-3.61934
-3.17343
-2.8074
-2.11538
-1.67226
0.6373
-3.52046
-1.591
-4.09346
-2.99637
-1.37934
-4.54693
-4.87465
-1.54447
-2.75972
-5.12253
-4.30736
-4.14788
-4.62336
-3.16787
-2.70613
-3.27195
-2.05747
-1.61815
-4.97851
-5.11451
-10.81875
-12.62316
-14.8588
-13.30318
-13.8759
-8.94437
-8.51992
-7.68347
-8.23343
-8.88094
-8.37044
-8.64495
-8.64029
-7.91959
-7.55875
-7.10455
-5.97228
-5.60059
-5.1914
-4.54488
-4.00068
-3.39811
-2.74105
-2.34677
-1.26039
-2.25192
-1.80067
-1.70844
-1.68616
-2.1412
-3.27988
-3.286
-2.62244
-3.21662
-3.77321
-2.73393
-3.406
-3.99184
-3.54514
-3.06601
-3.23278
-2.73476
-2.6281
-3.06484
-2.51586
-2.16822
-4.35851
-4.98756
-8.9913
-10.75893
-12.91365
-12.24782
-12.62956
-9.77913
-9.65909
-9.56044
-9.58696
-10.44897
-10.19637
-11.33006
-12.15435
-10.63021
-9.83248
-10.09644
-8.44329
-7.36306
-6.63868
-5.88593
-5.08874
-4.35541
-3.64537
-3.26792
-2.54514
-2.89716
-2.36312
-2.00495
-1.91941
-2.06151
-2.83709
-2.52451
-2.05446
-2.33059
-2.72448
-2.12507
-2.47154
-2.85682
-2.74919
-2.53547
-2.69454
-2.72214
-2.9688
-3.5713
-3.47591
-3.65168
-5.58748
-6.4692
-9.51557
-10.90594
-12.22388
-11.59815
-11.80905
-10.2389
-9.62905
-9.632
-10.66931
-10.85791
-10.25178
-11.19835
-11.72046
-10.63169
-9.54516
-8.94005
-7.80261
-6.70775
-5.85564
-5.22183
-4.57425
-3.92961
-3.32017
-2.85039
-2.19022
-2.37457
-1.98906
-1.80113
-1.75371
-1.84643
-4.67323
-4.61413
-1.76827
-1.92143
-2.18008
-1.60741
-1.81439
-2.25878
-2.29901
-2.32445
-3.26338
-3.13732
-3.12412
-3.30721
-2.11317
-0.95126
-5.12097
-5.65932
-13.57176
-15.62636
-18.23844
-14.98854
-15.28188
-8.5903
-8.13613
-7.72726
-8.36988
-8.83243
-8.74902
-9.5635
-9.30272
-8.52621
-7.82837
-7.1947
-6.44648
-5.94199
-5.33013
-4.78584
-4.25822
-3.80945
-3.23944
-2.75158
-1.40453
-2.70018
-2.01691
-2.01224
-2.05137
-2.38369
-4.49852
-4.41632
-2.78203
-3.48164
-4.33605
-3.13776
-4.08428
-4.87746
-4.2132
-3.64395
-3.0709
-2.94784
-2.93918
-3.11574
-1.9089
-0.73126
-4.83327
-5.3341
-13.20243
-15.27445
-17.95377
-14.7406
-14.93278
-8.08493
-7.47167
-7.03952
-7.58655
-7.99431
-7.86495
-8.66524
-8.4148
-7.8165
-7.29197
-6.77604
-6.10653
-5.63537
-5.07957
-4.58453
-4.08123
-3.62375
-3.02777
-2.53618
-1.20098
-2.52416
-1.86914
-1.91776
-2.01682
-2.4908
-4.67499
-4.60671
-2.93178
-3.61419
-4.46424
-3.24919
-4.1921
-4.98244
-4.31163
-3.74785
-3.18165
-3.07484
-3.09408
-3.32087
-2.15728
-1.01762
-5.25963
-5.92156
-13.9855
-16.287
-19.2
-16.18504
-16.50685
-9.7477
-9.26253
-8.74266
-9.39158
-10.08828
-9.93359
-10.81615
-10.77596
-9.88338
-8.98591
-8.3093
-7.31651
-6.59107
-5.93184
-5.32377
-4.74212
-4.18018
-3.51741
-2.97414
-1.62086
-2.92307
-2.25014
-2.28372
-2.37165
-5.03569
-2.70656
-2.55819
-3.47569
-2.32457
-2.32457
-2.33676
-2.35248
-2.35573
-2.35573
-2.35248
-1.90075
-3.30706
-3.2575
-2.86419
-2.85097
-3.35049
3.65201
3.24625
-22.43112
-6.97805
-43.82923
-6.13978
-9.26811
-5.1716
-3.15515
-5.7168
-1.28763
-4.56284
-5.76703
-5.51443
-5.55582
-5.49343
-3.96292
-4.15746
-3.10467
-3.14338
-2.57214
-2.60852
-2.44783
-2.08647
-2.01981
-1.82232
-1.12319
-1.31526
3.361
-9.59279
0.78165
-2.87286
0.37871
-0.60383
-9.39355
-1.80208
-1.43225
-4.33159
-6.21581
-2.73787
-6.79526
-5.59168
-1.13512
-1.94831
-1.92296
-1.96174
-4.59153
-3.26025
-2.62781
-3.32651
-4.56899
-5.31497
-9.07076
-7.78446
-8.03631
-7.07558
-3.96087
-8.26967
-7.11202
-9.8205
-6.09217
-7.53101
-5.03192
-8.4587
-4.02664
-3.40195
-4.54265
-4.12005
-2.67319
-2.93837
-1.25098
-1.7158
-1.29527
-1.26227
-2.03197
-1.78273
-1.5095
-1.6901
-1.56499
-2.12437
-0.92747
-1.71267
-1.8058
-1.36499
-1.82499
-1.54499
-2.17499
-1.90671
-1.80671
-2.76671
-2.57078
-3.02559
-3.27488
-3.85086
-3.64738
-6.16149
-7.6431
-9.06955
-9.90249
-11.41752
-9.31291
-9.3611
-7.50969
-6.92335
-7.7989
-6.55567
-4.94415
-7.00037
-8.30601
-9.71958
-5.94881
-6.602
-7.9236
-6.10981
-6.61066
-6.2909
-4.07775
-3.18775
-2.88279
-1.37021
-2.60619
-1.9698
-2.72424
-1.73375
-1.20155
-2.039
-1.30459
-1.57209
-1.21109
-1.30755
-0.65923
-1.21274
-1.37742
-0.47055
-1.07559
-1.66426
-0.89027
-1.90407
-2.4662
-4.01086
-3.95086
-4.41511
-6.22016
-7.60422
-7.78422
-5.741
-6.94422
-5.53756
-7.04193
-8.72365
-17.14645
-3.4735
-13.14857
-8.19857
-7.84762
-4.13675
-11.92271
-13.46537
-9.49537
-10.46399
-7.5832
-6.12005
-2.6394
-4.04448
-5.91315
-5.07713
-4.5458
-3.87109
-3.11347
-2.64376
-1.84299
-2.37864
-1.50385
-2.57543
-1.60331
-0.39717
-1.70717
-1.95717
-1.18717
-1.67582
0.77451
-0.99138
-1.5757
-1.73177
-1.01717
-1.90717
-3.72582
-4.74717
-14.45503
-26.63214
-10.86717
-15.52564
-19.00607
-13.02801
-4.83073
-5.4047
-6.18229
-8.3308
-13.83605
-6.99537
-9.76626
-10.44912
-8.93681
-9.0789
-13.89928
4.59007
-7.53029
-8.12326
-6.33658
-4.12391
-5.01758
-5.68272
-5.04234
-4.15347
-3.75998
-3.39294
-2.73866
-2.34101
-0.9428
-1.66867
-1.25923
-2.27781
-2.09901
-1.14621
-1.09621
-0.36624
-0.27907
-2.00123
-1.85556
-1.56363
-1.71154
-1.86198
-2.03007
-2.14951
-3.92199
-3.15228
0.24063
-1.89481
-7.72655
-9.7485
-10.18561
-10.78045
-13.41807
-12.51657
-13.71159
-13.68964
-17.37289
-12.33892
-13.00148
-9.39545
-9.41483
-9.9115
-17.54007
-19.19608
-8.246
-7.55458
-10.14619
-6.91099
-8.28051
-10.74386
-8.1811
-8.87991
-7.17993
-5.26978
-2.74282
-2.07103
-0.64925
-1.49458
-1.5463
-1.81482
-1.92689
-1.7466
-1.71881
-1.83413
-1.75598
0.39919
-1.78345
-0.77515
-1.8154
-0.55169
-1.19051
-2.1801
-2.87798
-2.02651
-3.90478
11.99563
-3.88617
-5.52132
-5.13617
-8.6543
-9.13009
-10.4062
-17.36922
-11.23656
-23.81192
-14.0735
-9.71449
-13.7535
-13.19284
-20.43303
-1.69732
-17.07628
-7.85547
-10.9332
-5.50038
-5.94493
-6.52493
-8.65335
-10.42019
-7.82099
-4.72786
-3.808
-3.57815
-0.68295
-1.38262
-1.42815
0.91346
0.66292
-1.08782
-0.73601
0.54378
2.4682
-1.90491
-2.0684
-1.6561
-1.80208
-2.51326
-3.13281
-2.47286
-3.85867
-1.83634
1.69892
-5.48473
-5.82799
-9.18355
-9.2003
-5.71705
-10.76313
-8.98765
-10.99066
-7.85826
-10.79993
-12.5205
-16.79413
-10.22794
-16.23754
-18.09992
-14.71922
-21.55923
-12.32358
-10.30267
-12.47974
-4.87819
-11.56489
-8.1162
-5.12557
-8.39857
-8.38138
-9.23138
-6.84245
-3.11077
-1.59094
-1.25669
-1.2793
1.82901
0.63993
-1.37048
-1.41143
-1.57864
-1.72437
-1.65224
-1.96575
-2.11285
-1.37955
-1.56168
4.05841
1.18258
-1.06784
-3.6295
-0.44079
-0.05717
-0.99278
-2.57515
-4.3774
-5.08617
-5.32547
-5.96522
-7.71969
-14.37355
-12.66217
-22.7294
-12.46965
-14.65232
-18.97561
-11.37085
-8.72058
-21.14806
-6.2705
-19.75391
-13.4556
-10.6877
-10.16645
-10.19132
-6.98816
-5.69488
-6.83545
-6.24138
-3.87109
0.87274
-1.14646
-1.34623
-1.36244
0.60803
0.8323
-1.32119
-1.22967
-1.13396
-1.37506
-1.73369
-1.68113
-1.44286
-1.33506
-0.60617
-0.12945
-0.28919
-1.35269
-6.15097
-21.73437
-2.71244
-2.95817
-3.03787
-3.10436
-2.57381
1.81653
-8.20932
-8.83422
-9.42649
-15.25566
-21.7479
-14.70993
-13.4057
-13.21782
-15.79456
-7.73065
-14.17628
-24.16253
-15.01456
-18.34456
-17.5847
-12.6048
-14.35515
-8.95205
-4.53914
-7.02351
-3.62707
-3.75499
7.47937
10.47563
-3.17437
-15.07437
-2.87244
-1.27847
-2.01004
-1.44278
-5.47383
-11.82277
-17.06805
-7.95494
-5.93635
-2.13828
6.61312
-3.64176
-3.06413
-1.77093
-3.78133
-5.12542
-5.21689
-5.95458
-8.4278
-11.67422
-10.94345
-9.351
-12.28422
-9.1273
-7.14448
-8.201
-9.681
-10.881
-9.45484
-9.801
-12.03705
-11.90905
-13.0795
-10.771
-10.081
-8.781
-9.381
-6.63571
-5.81227
-6.14888
-7.9273
-6.83507
-3.39347
0.34891
-2.83545
-1.19851
2.63701
0.31035
-0.11677
-1.64106
-0.32167
2.18131
-0.30616
-1.10127
-0.72315
-0.08164
-0.68031
-0.72777
0.56725
0.45315
0.43958
0.83984
1.25486
-4.27334
-6.46458
-7.98995
-10.36355
-8.38436
-10.44076
-13.24978
-15.26566
-14.76566
-14.43349
-15.21815
-16.88929
-14.15701
-20.57191
-13.11701
-16.32587
-19.45145
-12.72057
-13.99856
-19.62252
-13.25057
-13.34454
-12.70858
-15.75128
-12.9306
-12.7136
-6.26161
-7.87711
-4.84659
-5.02127
-3.65808
-1.23754
-1.20377
-0.89564
-0.92347
-0.87758
-0.63063
-0.42342
-0.25245
-0.03415
0.74117
0.64318
0.77532
0.72655
-0.31928
0.09769
-0.44026
-2.23713
-4.13999
-3.50696
-6.4315
-6.85209
-9.18412
-11.51465
-14.23101
-13.58967
-16.35929
-20.81929
-17.05523
-8.28929
-15.76244
-20.07627
-15.4333
-25.48513
-10.40267
-13.96797
0.83918
-14.33967
-13.63121
-8.04192
-14.51807
-14.29776
-9.4535
-12.17838
-9.67414
-8.93303
-4.85487
-2.84147
-1.599
-0.73303
3.31693
1.68957
4.05418
-1.39596
1.33619
0.75527
0.58471
-0.60595
-0.46567
-0.2932
0.1392
0.68836
0.81346
0.67873
0.61189
-0.14134
2.18001
-3.62444
-7.81732
-10.95098
-11.19088
-11.7803
-14.01326
-12.11826
-12.21982
-20.72383
-17.29171
-11.62646
-15.68027
-15.05716
-12.41719
-12.24429
-18.17505
-12.15393
-13.87627
-12.98983
-15.29752
-12.84902
-14.84131
-14.97419
-11.07227
-8.60634
-6.01936
-4.52785
-4.52023
-3.63265
-2.52028
-0.83424
-0.98312
-0.77257
-0.74722
-0.78597
-0.7384
-0.71136
-0.49594
-0.29511
-0.29511
-0.60708
-0.46265
0.66936
0.5782
0.52784
0.41544
-0.48163
-19.04999
-2.98473
-9.21896
-9.43818
-7.24047
-15.68884
-13.62763
-16.97565
-18.10662
-18.57456
-18.31311
-27.92244
-21.2004
-19.76321
-22.36152
-22.6405
-21.1905
-26.94637
-37.59513
-20.27999
-21.38123
-22.15262
-18.66706
-18.81041
-18.02563
-14.53513
-11.3019
-10.64132
-6.59138
-3.27262
-0.45486
0.90983
0.278
1.52987
-0.49752
0.03046
-0.46812
-0.0184
-0.46388
0.04268
0.59761
1.54221
1.02959
0.12368
-1.03475
-0.7275
-0.25156
-2.17706
-5.06865
-8.45079
-8.96877
-10.46098
-14.14047
-14.45355
-8.27651
-10.99355
-18.51706
-15.04936
-13.07287
-12.4628
-15.61241
-16.22065
-16.26281
-15.25737
-16.36209
-16.60938
-15.6847
-17.20803
-16.40224
-15.55762
-10.06722
-13.46252
-15.96168
-11.99947
-10.22866
-9.8198
-4.82884
-3.01197
-1.98422
-1.25191
-0.53498
-0.17684
-0.30779
-0.93085
-1.66732
-0.61732
-0.51444
-0.57797
-0.26481
-1.02472
-0.55299
0.53185
0.55601
0.51718
0.53455
-0.1145
-3.71999
-6.98504
-10.31254
-5.95644
-12.86171
-13.01239
-13.85162
-12.74388
-19.83706
-18.12422
-12.43239
-16.95349
-13.23968
-16.66623
-18.17753
-17.14422
-15.58286
-19.6739
-14.0642
-18.8942
-12.52422
-24.17365
-10.93641
-16.64106
-17.14579
-17.86285
-17.51999
-11.6173
-7.86483
-4.52429
-1.76334
-0.58896
-0.39175
-0.05509
-0.28075
-0.0302
-0.15447
-0.26096
0.03235
0.24481
0.24481
0.23197
0.61409
0.59106
0.00816
1.0615
0.97228
0.52787
-2.76106
-5.03852
-7.2159
-6.97473
-10.87097
-16.05412
-19.88699
-17.25592
-17.01817
-17.47756
-21.22125
-17.10422
-18.85782
-18.44366
-21.01271
-22.26053
-20.77422
-18.31109
-20.78539
-24.58271
-19.10573
-17.82038
-13.5632
-15.41195
-14.73608
-11.991
-8.91002
-8.55448
-6.46655
-1.72902
-1.61384
0.67616
-0.17137
1.65821
0.77332
0.19561
1.70264
1.17188
0.35544
1.58457
1.52379
-0.44021
-0.96559
2.72397
-0.66963
2.42289
-0.12728
-1.80812
-4.65246
-7.18144
-9.10632
-9.45054
-11.8873
-7.89138
-8.27445
-13.53663
-15.9764
-17.63315
-13.18229
-18.49355
-21.29365
-26.33264
-20.78701
-25.61264
-19.71561
-27.19264
-20.94561
-19.39468
-16.44317
-17.30179
-16.09937
-11.30652
-4.37069
-3.53964
-3.46988
-2.43401
-4.18273
-0.90785
-1.81073
0.90209
-2.21946
-1.1102
0.01742
6.72545
-3.26892
-3.83371
0.2944
-1.4756
1.70527
-8.60723
-5.09749
-3.81471
-0.781
3.11254
5.66254
7.77348
11.95708
8.87616
-1.06864
4.42772
20.69066
2.17444
2.70068
-14.29355
-17.96572
-14.72758
-20.03763
-17.02758
-19.3116
-21.93048
-14.241
-16.14355
-16.59355
-18.66616
-17.41084
-13.44611
-16.49932
-38.55732
-15.99918
-13.25355
-47.65079
-11.04085
-10.60085
-6.94556
-4.86604
-1.73596
-0.25019
-0.30735
1.01265
-0.351
0.4165
0.74122
-0.27724
-0.1056
-0.11529
-0.03286
0.17504
-0.21026
-0.42256
0.11833
-0.40708
0.03308
-0.54592
-1.56027
-2.64839
-3.31972
-5.70697
-7.04037
-7.07037
-11.31283
-17.03807
-19.56965
-14.3008
-18.11616
-15.6045
-18.87814
-16.97481
-16.97429
-20.59966
-15.76157
-11.03706
-17.34809
-18.99717
-16.49644
-8.69824
-9.97913
-2.32535
-4.46503
-2.97382
0.29308
0.3677
0.59335
1.60498
0.09587
0.16939
0.07604
0.09939
0.08676
0.08676
0.08676
0.09939
0.09939
0.03854
0.09939
0.04045
0.04483
0.01477
0.06848
0.00624
-0.0199
0.09178
0.03758
1.38415
1.68982
1.26481
0.5333
-5.41095
-3.28886
-6.55252
-6.2867
-11.91368
-11.65258
-14.44133
-12.14253
-7.70897
-15.80675
-17.2053
-18.89126
-11.46218
-16.81253
-9.0205
-17.90538
-18.78672
-15.59435
-8.44361
-12.69403
-16.9892
-16.77433
-8.84612
-9.53912
-0.19049
0.38757
-0.17941
-0.1446
-0.08447
0.0145
0.04483
0.0145
0.01451
-0.01172
-0.07796
-0.02823
0.02031
0.08873
0.08086
-0.06172
-0.21179
-0.2143
-0.26489
-2.38814
-5.51345
-10.75873
-15.95496
-13.39151
-16.92683
-17.90538
-19.02433
-16.00118
-20.06366
-18.40046
-20.68565
-19.3565
-18.09361
-19.13041
-18.75978
-23.17335
-20.30849
-18.62223
-21.32626
-19.19804
-14.86864
-13.18569
-13.21439
-5.77143
-6.07168
-5.52816
-6.90161
-3.47967
-2.64735
-1.78776
0.40645
-0.12604
-0.52111
-0.35294
-0.22813
-0.16408
-0.0805
-0.06235
-0.41247
-0.33234
-0.27153
-0.20326
-0.1427
-0.09271
-0.046
-0.00574
0.06286
0.24375
0.21724
0.33382
0.90272
0.98862
1.35345
2.00956
1.77131
0.45183
-1.96484
-0.56419
-5.81458
-9.28295
-12.43642
-14.38048
-17.18273
-17.15046
-20.46313
-19.83123
-17.93152
-6.95593
-11.91963
-20.3082
-12.38572
-14.69222
-14.71758
-12.15359
-5.35502
-3.0139
-0.70691
-1.91857
-1.806
-1.9157
5.30087
6.4992
2.6347
0.62345
-0.57559
-0.44329
-0.14112
-0.06737
-0.05267
-0.05599
-0.05866
-0.05791
-0.09835
-0.10893
-0.10273
0.07362
0.1595
1.38496
1.38496
-2.22304
-5.45174
-2.81394
-2.81394
-14.71444
-19.81835
-16.65922
-19.3279
-19.70792
-24.50865
-20.28716
-20.96021
-25.02057
-19.30559
-19.66363
-27.22283
-16.72245
-15.50325
-16.67652
-17.82419
-15.79568
-16.10476
-10.97306
-6.32595
-4.55866
-3.73255
-3.37089
-3.34405
-0.97672
-0.96251
-0.85249
-1.68044
-1.53877
0.67356
0.25413
0.3455
-0.14288
-0.05131
-0.56106
-0.60527
-0.61831
-0.63628
-0.61831
-0.38373
-0.17267
0.10406
1.34019
1.71014
2.07279
-1.13921
-15.64721
-0.22462
-11.72229
-6.39455
-12.85562
-18.27817
0.96869
-6.49776
-6.49776
-3.1078
0.46541
-6.17782
-12.80729
-21.28834
-23.791
-22.94221
-21.12865
-24.08441
-22.02505
-17.45113
-15.58413
-14.30812
-7.51736
-5.53659
-3.60944
-2.24872
-1.5851
-0.7099
0.73652
1.41476
0.10863
-1.08869
-0.44186
-0.10489
-1.04894
-1.99021
-1.20177
-0.59947
0.40401
1.30197
1.83023
2.2949
1.98553
-0.70261
-2.29704
-0.10003
-1.84004
-6.3464
-10.67584
-14.8421
-16.84672
-18.23512
-19.19377
-19.0971
-22.07278
-20.88893
-18.42667
-19.92252
-21.67756
-22.07631
-19.02695
-12.8086
-7.08787
-14.89573
-8.09588
-4.75667
-3.45454
-2.24449
0.52021
0.3364
0.30657
0.42104
-0.27534
-0.10159
-0.08974
-0.21702
-0.19223
-0.28587
-0.51272
-0.40902
-0.2871
-0.0914
-0.09177
-0.07116
-0.12137
-0.21476
-0.22479
0.32329
0.23041
-0.34329
-0.09241
-0.09208
1.38407
1.79994
5.58582
4.33949
8.16762
8.52771
4.22924
4.22924
2.75315
-9.92527
-10.83265
-13.89712
-14.84655
-12.77323
-25.33568
-19.00156
-19.46442
-18.62962
-23.20115
-12.26489
-21.22534
-18.55812
-19.42406
-15.24503
-9.85797
-1.95845
-1.52173
-0.08756
0.13014
-0.19819
-0.24052
-0.18071
-0.14518
-0.07278
-0.12367
-0.06379
-0.05468
-0.05468
-0.0014
0.09939
0.06502
-0.2257
-0.2257
-0.23651
-0.22868
-0.16317
-1.83237
-5.31308
-10.53746
-12.21632
-12.17294
-13.85764
-15.9648
-17.39641
-17.58874
-14.27647
-17.62428
-16.49727
-12.36099
-21.92456
-16.89057
-18.54521
-19.01152
-17.11135
-16.64972
-14.79772
-16.83188
-21.51484
-16.48135
-16.91714
-17.60487
-16.76063
-8.51518
-9.0705
-6.48876
-3.37214
0.30423
-0.22526
-0.34013
-0.32096
-0.18275
-0.14133
-0.06483
0.01451
0.08676
-0.22399
-0.22399
-0.07214
0.14633
0.50435
0.50435
-0.05576
-0.14895
-0.14666
-1.29347
-5.12125
-7.29504
-12.85942
-16.94848
-15.97736
-16.93722
-17.87665
-14.63999
-14.99133
-21.13905
-15.81175
-16.81473
-23.22692
-18.2492
-17.21646
-18.59178
-14.77142
-11.49449
-17.35187
-18.2838
-7.94508
-9.06185
-17.62487
-17.57053
-11.93279
-8.57446
-10.19649
-3.84633
-1.71435
0.66042
-0.30408
-0.20114
-0.17604
-0.04695
-0.02198
0.02438
0.12238
-0.14051
0.04054
0.56849
0.70611
0.83325
0.6578
0.92662
-0.18793
0.37041
0.88262
-0.49778
-1.52857
-4.29225
-5.14028
-4.93647
-5.86975
-6.03733
-13.50138
-17.62958
-16.86049
-16.85853
-16.54708
-21.23623
-22.25472
-23.341
-11.62686
-12.55051
-16.11052
-16.50797
-20.07294
-18.80313
-11.64096
-4.14236
-0.12008
-3.47897
-6.48213
-11.68607
-3.22157
-0.69575
-2.49877
1.22126
0.63001
-0.37825
-0.18483
0.03889
0.00709
0.04006
0.00159
-0.02364
-0.0433
-0.09457
-0.05839
-0.18535
-0.32866
-0.16853
0.51323
0.5537
0.5537
-1.5491
-5.98205
-8.29446
-18.04146
-16.19626
-16.91259
-18.4494
-19.59862
-22.50065
-26.78782
-18.22856
-21.34913
-19.79387
-24.50865
-18.57898
-24.51457
-18.33195
-22.11637
-14.79945
-25.87433
-17.87445
-21.51774
-11.871
-12.06785
-16.80502
-14.26876
-12.80613
-13.45213
-8.01042
-6.91547
-3.89573
-3.21634
-0.52668
-0.26998
-0.11439
-0.10746
-0.08886
-0.28979
-0.59411
-0.20373
0.24437
0.13937
0.16161
0.29843
0.07247
0.51202
0.06296
-0.06538
0.75025
-5.26776
-8.51958
-18.09448
-15.99386
-18.84708
-20.33875
-20.48943
-25.41908
-27.88151
-19.75303
-27.65147
-26.73637
-20.04339
-26.01637
-28.59853
-28.59853
-29.04187
-28.59992
-24.24469
-51.81369
-22.19816
-30.12331
-26.48387
-13.01472
-13.79998
-13.51639
-17.72483
-9.64571
-4.89471
-1.39844
-0.96289
-0.47926
-0.0438
-0.2889
-0.30507
-0.49607
0.8124
-0.41543
-0.14285
-0.06261
-0.179
0.15391
0.39494
0.67805
0.79804
0.67167
-0.11256
2.14794
-3.52461
-0.58188
-3.09993
-17.35864
-18.92599
-14.45369
-20.57151
-24.53256
-22.8315
-17.40218
-27.56797
-28.29266
-23.08387
-29.00888
-29.04187
-11.0971
-28.805
-34.17997
-53.20185
-48.44113
-20.5071
-19.46006
-17.91018
-10.42092
-7.17655
-5.11608
-5.29544
-2.75554
-1.41373
0.34321
-0.90231
-0.01673
0.00367
0.07306
-0.22291
-0.15988
-0.00259
-0.00933
0.38558
0.12523
-0.32756
-0.3441
-0.21449
-0.27439
0.62615
1.01271
1.20628
1.33716
0.08358
-3.24683
-10.42285
-12.15417
-15.69853
-17.25416
-20.57208
-21.60102
-23.01253
-43.30407
-46.1492
-30.22548
-21.30623
-17.37347
-30.29412
-23.3466
-29.08617
-25.23904
-27.75335
-27.05488
-28.9385
-24.99568
-10.41191
-24.6319
-27.0817
-21.46356
-13.07437
-9.16578
-5.11159
-2.30609
-0.30045
0.03336
0.27561
-0.34136
-0.3293
-0.33381
-0.35051
-0.13838
-0.06091
-0.13122
-0.31821
-0.30797
-0.18747
-0.13219
-0.07013
-0.12788
-0.00808
-0.04058
0.52217
0.23518
-0.90279
-16.09223
-16.00022
-12.84289
-17.40381
-20.06892
-18.58233
-19.2109
-20.92142
-21.31291
-24.02534
-23.03674
-21.17732
-31.72013
-22.69122
-22.81097
-20.2886
-25.24675
-25.33589
-16.7915
-14.32082
-11.69748
-13.60564
-6.00356
-5.22625
-9.81064
-5.37856
-2.91673
-0.87679
-0.11195
-0.6378
-0.22224
-0.37587
-0.22921
-0.42121
-0.31035
-0.23598
-0.19839
-0.23033
-0.14271
-0.0862
-0.01214
-0.13265
-0.18933
-0.21614
-0.14838
-0.06787
1.04564
0.82754
-0.02465
1.34056
-6.72503
-13.10576
-16.94412
-16.37778
-16.06169
-20.83411
-17.52528
-27.17875
-25.80234
-27.73561
-20.49657
-26.31725
-29.6375
-28.3328
-36.17421
-31.97277
-28.93306
-27.40775
-10.27204
-5.34921
-5.01945
-3.67575
-4.68399
-2.58983
0.02311
-0.11184
0.43779
0.4514
-1.4263
0.61648
0.21337
-0.59184
-0.7723
-0.64164
-0.88737
-0.73182
-0.73929
-0.67152
-0.3691
-0.06386
-0.02133
0.41403
0.06223
1.01835
-0.10276
-5.83317
-11.15059
-16.61758
-17.24946
-18.32455
-22.77879
-24.74558
-21.42917
-30.35745
-27.95185
-28.76608
-24.45487
-25.15273
-29.24376
-34.35744
-43.26102
-44.88462
-25.83323
-42.5211
-30.85625
-18.00973
-19.32072
-13.26328
-17.67262
-12.88433
-16.45691
-5.49924
-3.01631
-0.75071
-7.24938
-3.03806
-1.76964
-1.47346
-1.32429
-1.35144
-1.32592
-1.1895
-0.92944
-0.96004
-1.01101
-0.94381
-0.84812
-0.77579
-0.70538
-0.65117
-0.60314
0.06783
-3.53946
-4.15707
-13.12301
-17.26399
-15.50226
-25.71181
-23.85822
-25.17871
-26.278
-37.34612
-31.15145
-26.61843
-25.75375
-41.19298
-28.40161
-42.53821
-42.7896
-30.45331
-38.13825
-24.81996
-35.9241
-19.7061
-26.13069
-14.56518
-36.70773
-21.91932
-6.32053
-12.39452
-3.4798
-3.92559
-2.2069
-1.94865
-1.37188
-1.13203
-0.96015
-0.88268
-0.86583
0.14764
-0.22276
-0.27838
-0.22072
0.11595
0.40181
-0.13668
-0.34807
-0.2018
0.09177
3.44069
0.6113
-2.97177
-4.39776
-4.45195
-4.28765
-20.71502
-12.03846
-19.52929
-21.11683
-26.75835
-34.19786
-40.85407
-29.73913
-31.34187
-41.28176
-39.94145
-29.06284
-28.86819
-24.68178
-20.18619
-24.1432
-26.50045
-28.38356
-23.03605
-26.23705
-17.2657
-20.86462
-16.16644
1.08178
-0.92217
-0.98577
0.11623
-0.66129
-0.48943
-0.2876
0.10626
0.0941
0.16697
0.22013
0.24424
0.47179
0.44012
0.33375
0.30413
0.32964
0.34967
-14.86349
-5.05159
-6.12249
-22.13376
-10.9376
-16.25486
-17.26767
-23.43844
-47.66476
-47.66694
-49.00737
-41.8389
-41.03294
-41.05011
-49.62702
-44.22404
-40.54563
-52.54594
-38.08525
-32.63509
-41.21998
-35.175
-33.32654
-27.32392
-28.86195
-27.08355
-20.2215
-18.97339
-4.96675
-35.11353
-3.45495
0.74131
0.90518
-0.81282
-0.69948
-0.51084
-0.3864
-0.31806
-0.28281
-0.25929
-0.23203
-0.14342
-0.08959
-0.14305
-0.20864
-0.27487
-0.28104
-0.24356
-0.37184
-0.44723
-2.47004
-2.11109
-3.5939
-12.98754
-18.59764
-21.7441
-29.69583
-33.15979
-37.7725
-23.19378
-25.56444
-19.27318
-17.54853
-17.43217
-19.90727
-19.74705
-23.93745
-20.09277
-26.75068
-30.81437
-22.19129
-24.51163
-18.18749
-22.68947
-23.58005
-23.02573
-34.95427
-6.1448
0.60065
1.04345
0.93845
0.94365
0.99903
1.05019
0.78539
0.81048
0.86337
0.50798
-0.43133
-0.36387
-0.27104
-0.24366
-0.22418
-0.19314
-0.14689
-0.1239
-0.12008
-0.20434
-3.4957
-11.40989
-19.18426
-21.5905
-19.37002
-23.21984
-27.35023
-30.48558
-41.55898
-26.13296
-25.9175
-25.89408
-30.05745
-40.64462
-28.63195
-41.90004
-49.41145
-50.04235
-28.88575
-23.09577
-26.89989
-28.85394
-30.12556
-27.36111
-21.29937
-17.49018
-3.26113
-2.31965
0.35975
-0.84523
-0.75195
-0.599
-0.49623
-0.30233
-0.29349
-0.1239
-0.10275
-0.23921
-0.11754
-0.22076
-0.31489
-0.45133
-0.54128
-0.44341
-0.89726
-0.86872
2.01929
-4.34911
-6.42434
-14.23799
-21.69141
-24.80664
-20.06507
-38.80218
-50.38612
-48.52736
-35.3996
-28.76087
-27.72878
-22.30797
-27.92848
-30.8241
-33.47332
-41.43202
-36.67007
-29.56906
-29.20023
-30.08646
-30.95184
-30.71212
-21.02769
-22.34585
-21.51212
-8.40899
-8.21798
-3.19139
0.52673
0.96375
1.07782
1.12824
1.04123
1.0969
1.04486
1.14436
0.9172
0.62631
-13.18518
-12.25269
0.65712
-5.42597
-8.25141
-8.23908
-8.2186
-7.26427
-6.46999
-6.09721
-3.47784
-10.4357
-16.47852
-8.6314
-21.66883
-18.97291
-26.51091
-45.12578
-45.63758
-45.03308
-54.39561
-57.91565
-67.33679
-62.39456
-57.64316
-60.74269
-59.32598
-57.20267
-52.96285
-46.88138
-50.53964
-39.19647
-34.60334
-30.31559
-22.25266
-17.51929
-10.99843
-5.83386
-1.11304
-0.47317
0.07298
0.18962
0.62809
0.46672
0.51189
0.52024
-1.92182
-5.33844
-4.89403
-4.35099
-4.12881
-4.14977
-3.94484
-4.38048
-4.38048
-2.24167
-1.57799
-2.02991
-6.72097
-7.45667
-30.48488
-20.18547
-42.33579
-25.73657
-20.40589
-24.01434
-30.95287
-34.15562
-41.47232
-41.76163
-46.55782
-54.31693
-57.0952
-63.65663
-57.10418
-54.88976
-51.397
-47.25676
-47.46669
-44.11139
-27.12219
-31.29616
-15.44805
-15.16598
-13.71128
-5.47161
-0.61227
-0.72317
0.18396
0.41288
0.59685
0.36314
0.53452
0.81499
-1.25714
-3.52947
-3.0115
-2.71219
-2.34343
-2.23564
-2.13365
-2.05323
-2.16826
-2.02937
-1.99037
-4.92423
-4.67362
-19.02376
-28.96093
-28.64348
-33.69502
-37.87212
-44.44112
-44.06534
-49.89423
-54.50837
-42.86886
-55.44522
-65.3728
-55.55964
-53.07882
-53.30227
-60.34605
-58.05179
-57.26514
-57.18865
-43.59663
-37.42767
-34.89853
-29.87884
-25.0393
-17.89014
-12.1071
-5.09441
-0.63349
0.02108
0.5704
0.30168
0.5574
0.2604
0.50174
0.67674
0.01605
-1.90472
-1.59026
-1.42592
-1.37125
-1.22921
-1.02966
-0.9337
-0.79065
-0.63512
-0.64183
-3.2296
-13.37898
-15.39694
-22.69986
-26.65716
-40.44011
-34.26995
-47.98907
-48.19833
-51.95593
-45.32795
-52.77345
-53.32003
-36.06461
-56.23761
-54.9086
-55.96881
-43.169
-38.84344
-52.57414
-34.68081
-31.11646
-30.63128
-16.88512
-17.50548
-25.42667
-20.56721
-13.82395
-6.44734
-4.00251
-3.49869
0.254
0.76803
0.00723
0.18396
0.3625
0.00552
0.17651
0.07092
-0.03463
-0.36908
-0.31504
-1.44333
-0.01326
0.22269
0.14606
-1.11351
-1.07899
-2.49023
-10.90992
-19.48538
-20.20849
-22.06605
-30.2165
-17.03922
-26.32468
-18.2186
-15.98026
-9.97412
-25.90659
-40.64987
-47.16416
-31.11551
-39.21067
-31.80283
-30.2607
-35.07094
-37.11108
-19.34372
-11.66278
-10.28089
-14.89976
-21.94794
-9.02493
-3.92163
-1.38708
-0.79721
-0.61836
0.25068
0.3726
0.48792
0.58701
0.66059
0.09423
0.06677
0.55304
0.45889
0.50868
0.62306
0.57864
0.45956
0.47965
0.54336
0.35483
0.24007
0.25784
0.27999
0.19742
-2.25468
0.14012
-2.63001
-13.17549
-14.0547
-14.08605
-4.09657
-2.42996
-4.16908
-4.4978
-15.25395
-21.81852
-23.06689
-40.21265
-46.7196
-40.95857
-16.86712
-45.54015
-16.75615
-9.62879
-35.4072
-22.2864
-5.13489
0.46036
-2.56882
-10.12128
-4.54867
0.12802
-0.29088
-1.22118
-0.90575
-0.85819
-0.77285
-0.6705
-0.56721
-0.25307
-0.43072
-2.39682
-1.83221
-0.90851
-0.54564
0.23
0.46097
0.25344
-0.07413
-0.63829
-2.43206
-5.77187
-10.67548
-14.58197
-18.014
-20.7735
-24.10384
-26.09493
-30.29989
-33.11125
-37.27768
-40.13794
-41.46762
-38.67747
-36.61289
-34.54227
-34.9003
-33.08424
-29.82113
-43.2851
-34.56964
-27.13213
-29.74121
-27.34916
-24.25684
-23.93712
-8.01102
-2.88452
1.41288
-0.46185
-0.22427
-1.04985
-1.25805
0.61364
1.21587
1.72534
0.64784
0.73008
-10.62403
-11.94534
-10.90473
-9.8338
-7.90921
-6.80205
-6.77718
-6.74324
-5.8042
-4.95497
-3.01887
-4.39493
-5.93413
-24.53935
-26.18979
-38.38612
-46.92324
-46.82261
-43.03296
-26.33502
-31.72179
-40.21762
-30.49394
-34.13587
-39.36237
-38.55353
-51.30626
-17.44711
-45.58373
-46.86679
-41.22675
-39.13037
-30.25223
-24.08151
-25.38788
-21.99319
-12.4206
-11.02291
-1.34394
1.61116
1.26352
-5.95462
-5.79243
-5.66565
-5.60713
-5.55688
-5.43501
-4.74537
-4.13972
-3.8395
-3.46364
-3.35029
-3.21878
-2.92163
-2.79686
-2.65049
-2.381
-2.37735
-2.41528
-6.33466
-24.31495
-30.65229
-28.32923
-27.29967
-25.84063
-28.0463
-22.91199
-26.12
-26.25655
-52.75291
-39.9065
-39.97612
-26.68288
-24.13224
-26.22359
-33.17288
-23.17719
-29.08188
-28.83067
-52.18221
-19.38757
-19.81043
-18.8503
-41.10741
-33.00087
-3.67918
-6.86089
-1.32246
-0.33265
-3.31898
-3.44801
-3.07081
-2.90519
-2.75834
-2.71049
-2.66695
-2.62764
-2.3736
-2.14555
-1.82199
-1.75701
-1.69275
-1.68149
-1.66651
-1.53108
-1.38792
-1.68705
-7.02238
-16.6282
-27.11731
-25.67147
-27.2748
-32.75843
-39.07284
-39.30296
-28.63718
-47.09787
-48.58594
-29.89987
-41.56833
-45.49334
-52.35579
-49.60093
-19.50573
-27.72696
-40.14196
-17.47327
-24.70422
-31.12946
-15.8582
-23.89033
-23.92187
-19.32911
-5.45095
-4.0872
-1.9518
-1.44206
-1.35421
-1.04161
-1.05609
-1.0962
-1.18738
-1.31986
-1.23278
-1.15068
-0.98938
-1.51254
1.14928
1.15974
0.4981
0.57853
0.64093
0.7582
0.84701
-0.96913
-13.41515
-20.18628
-7.94432
-24.29976
-17.81747
-22.71519
-46.62768
-35.67076
-52.56273
-37.12001
-24.0803
-26.19454
-29.98597
-39.75668
-33.35391
-39.29572
-22.85188
-6.83383
-27.30567
-42.62146
-41.57077
-37.45063
-3.95345
-6.92919
-19.32844
-20.37897
-17.08186
-3.15593
1.18791
0.82065
-0.64197
-0.53831
-0.48248
-0.33431
-0.17692
-0.01408
0.01867
0.11199
0.09731
0.06413
0.06783
0.10098
0.11565
0.11932
0.14488
0.10832
0.06783
-0.04193
-0.66043
-1.78054
-3.24372
-8.3224
-13.11986
-21.2601
-19.02271
-27.59431
-37.87606
-39.7198
-38.31043
-42.89703
-34.06377
-38.98043
-37.7421
-32.25036
-31.56141
-42.1665
-38.3757
-30.70002
-22.70683
-30.41439
-32.45743
-20.25373
-19.06105
-7.9631
-4.31273
0.40999
1.33552
0.91178
1.01207
-0.63385
-0.84334
0.43312
0.47036
-0.55328
-0.5105
-0.50641
-0.49414
-0.45071
-0.33806
-0.30643
-0.24756
-0.13538
-0.02534
0.04091
-0.16224
-1.24993
-4.31068
-13.74441
-21.6756
-26.47592
-28.88921
-26.22552
-39.63297
-31.52333
-41.42947
-43.46045
-30.55518
-30.29839
-52.22176
-65.37859
-65.79587
-36.84318
-47.34037
-42.30249
-32.49377
-31.26981
-36.63514
-28.80294
-28.24017
-9.44912
-4.31993
-4.4754
-4.747
0.09833
0.94398
1.06583
0.86137
0.68715
0.22179
-1.06008
-1.06844
-1.02111
-0.75674
0.99054
1.05506
0.99479
0.85965
0.75871
0.36222
-0.60992
-0.5314
-0.45411
-0.40182
-0.43881
-0.45531
-3.9338
-3.49013
-3.61794
-3.59828
-11.83398
-3.61007
-19.38376
-27.16896
-26.58112
-26.95706
-30.00892
-33.35587
-29.63716
-30.54383
-44.75153
-35.30594
-29.52985
-8.68415
-5.27144
-21.71114
-20.21383
-16.06381
-15.27755
-11.88782
-12.47986
-3.94959
-0.64274
-0.41786
-0.35758
-0.27496
-0.20864
-0.15457
-0.11244
-0.0782
-14.41501
-8.17745
-15.40504
-8.66901
-6.49759
0.73869
-1.24643
0.10986
0.11357
-0.1953
0.55841
-1.9653
-3.76272
-3.08877
-5.63877
-10.0204
-17.22713
-18.60475
-19.54846
-16.23856
-21.34706
-29.19931
-61.1979
-31.89547
-52.28539
-44.03891
-30.1919
-27.27804
-19.86411
-27.2865
-66.87225
-30.63569
-24.86644
-18.30988
-20.34406
-28.05718
-11.75638
-14.90574
-0.53649
-0.4082
-0.38993
-0.20558
-0.13534
-0.02919
-0.05238
-0.00284
0.02386
0.07467
2.32234
2.04756
-0.54272
1.76902
-1.08882
-0.99457
2.02486
-0.56893
0.12985
3.14337
-0.03787
-0.57074
-0.48081
-1.79446
-5.38797
-10.05732
-23.59338
-20.86324
-20.24766
-18.42
-26.95325
-26.48447
-22.14706
-32.06518
-29.0481
-29.94677
-29.83171
-24.30137
-24.98573
-36.22406
-42.1319
-44.65305
-50.5801
-31.33991
-33.21935
-25.85166
-21.81804
-11.42291
-2.37042
0.56466
1.04409
3.04857
1.30985
0.4104
-0.24986
0.36361
-0.16282
-0.018
-0.06678
-0.07743
2.32254
2.55229
5.28647
0.02329
-0.04322
-0.20424
-0.01558
1.51854
0.73352
0.30729
-0.40516
-3.68529
-7.75024
-17.72637
-25.40572
-25.97234
-28.85331
-36.848
-38.81424
-40.76271
-50.38142
-50.41697
-52.44425
-52.88804
-55.65585
-39.20644
-36.57002
-37.37569
-22.94716
-13.24522
-18.473
-10.68081
-7.15443
-5.43474
-6.57217
-8.57821
-2.2908
0.12226
0.89399
2.75333
-1.7819
3.77835
-0.35124
-0.32319
-0.32349
1.44817
0.37213
2.47035
2.45706
1.01911
0.88672
1.43161
1.69891
1.16188
-0.01072
1.57325
1.76307
0.92291
-0.68802
-0.50157
-6.56641
-15.81457
-21.89918
-19.57577
-20.63254
-23.53162
-28.16355
-44.88635
-35.10637
-35.70244
-49.14376
-55.55222
-37.45682
-58.47197
-57.76152
-48.80462
-38.58649
-39.81109
-37.14375
-27.01082
-31.26722
-25.59286
-22.78826
-15.80433
-11.28937
-6.11443
1.79136
1.44413
-0.56485
-0.50448
-0.36389
2.78262
1.18584
0.97552
-0.45397
-0.42118
-0.41915
-0.34777
-0.39347
-1.16482
-1.52554
-1.97022
0.70426
1.01171
1.0656
1.53392
0.16783
-2.75872
-5.65133
-8.10803
-13.12237
-26.55672
-36.43728
-45.82336
-47.66558
-47.53135
-51.1114
-48.14992
-51.99649
-47.52077
-47.16697
-38.34932
-26.63607
-31.59188
-33.92561
-29.41005
-32.0382
-19.04035
-42.34269
-33.93132
-27.22868
-13.57232
-3.10798
-1.23428
0.72186
1.04762
1.22787
1.2199
1.17386
1.22807
1.31622
1.44479
1.17846
0.51402
-0.61665
-0.59782
-0.69497
-0.70282
-0.70805
-0.68324
-0.81398
-1.03883
-1.00274
-0.50634
-0.82795
-3.08309
-7.7303
-21.85632
-31.64711
-21.0161
-27.18721
-34.01074
-41.49934
-46.02036
-46.41735
-51.5433
-50.40099
-56.4092
-48.75682
-47.75634
-54.91483
-53.14413
-50.78919
-49.5228
-49.63653
-38.4009
-37.86726
-30.88385
-27.51222
-17.48464
-11.40165
-4.7954
0.07498
0.78096
0.96195
1.02806
0.60899
-1.0255
-0.97752
-0.93896
-1.07796
-1.04185
-0.96672
-0.95503
-0.99009
-0.94584
-0.95539
-0.87516
-0.88966
-0.83031
-0.78045
-0.75956
-0.89708
-3.37655
-4.89795
-8.63847
-14.29347
-10.86773
-21.29706
-38.24019
-41.08817
-44.86543
-49.44749
-53.27898
-51.8985
-53.65313
-59.10585
-27.83683
-56.45899
-48.27272
-30.32729
-38.03633
-42.35439
-39.37945
-25.67291
-20.11492
-22.05942
-13.28878
-11.83901
-5.82245
-3.07058
-1.8554
0.13735
0.37356
0.20577
0.18966
-0.61284
-0.07024
-1.00948
1.91684
1.13827
-0.50193
-0.30771
-0.17859
-0.14661
-0.07464
-0.08909
0.01678
0.06219
0.13768
-0.01505
-7.92259
-7.26915
-11.5635
-18.87535
-27.44304
-29.24403
-38.26863
-39.29936
-46.3394
-51.01711
-57.19528
-52.60751
-55.38032
-64.8969
-70.24931
-67.08599
-44.64072
-45.13811
-51.1678
-45.08001
-40.15614
-26.53781
-26.09716
-22.08215
-16.11684
-11.01741
-3.27192
-1.53321
-0.53227
-0.12669
-0.04529
0.2161
-0.02387
-0.3877
-0.49466
-0.47124
-0.35852
-0.34923
-0.23394
-0.25206
-0.05334
0.03578
0.30494
0.76922
0.77785
0.82445
0.61135
-0.03488
-6.59912
-7.5666
-11.00944
-16.46022
-27.70418
-35.59194
-46.56522
-55.91984
-43.4017
-50.6408
-59.21219
-58.57975
-53.20999
-49.41767
-59.71366
-54.90086
-64.97255
-59.71426
-53.73689
-41.57358
-43.32625
-29.6139
-19.36691
-15.69291
-18.83788
-12.32804
-6.27781
-0.83199
-0.31554
-0.34101
0.80628
1.13107
-0.43499
-0.26148
-0.65678
-0.69956
-0.76687
-0.64737
-0.54126
-0.54451
-0.50918
-0.49185
-0.51635
-0.52891
-0.49575
-0.46524
-0.34319
-0.24815
-0.45885
-5.72466
-14.19331
-19.41096
-22.79162
-26.80865
-35.68111
-37.45774
-31.2051
-53.17982
-51.40384
-47.78833
-59.75136
-50.47517
-55.90023
-54.47436
-38.35149
-34.42796
-35.14188
-33.90283
-29.95117
-24.08038
-18.71119
-16.0997
-13.92903
-9.68456
-4.17697
-2.1073
-0.79516
-0.49452
-0.4369
1.75595
0.60978
0.32101
-2.81032
1.90387
-0.30838
-0.18388
0.01471
-0.1273
-0.21973
-0.31039
-0.29123
-0.96762
0.22897
4.31392
-0.05817
0.01276
-0.08086
-3.89126
-9.74454
-6.46261
-6.55578
-6.3175
-5.95743
-7.60933
-22.36721
-53.04366
-41.92451
-23.37449
-44.80865
-43.00907
-43.21338
-40.42686
-37.07253
-45.94946
-36.52929
-43.42753
-21.71503
-30.61362
-17.79947
-1.61233
-14.18694
-10.41244
-3.08977
0.34289
-1.62678
-0.34282
-0.23916
-0.18092
-0.04329
0.15408
0.16936
0.26039
0.35057
0.3508
0.42362
0.45374
0.4778
0.50774
0.48421
0.48443
0.4389
1.55932
0.55622
0.60354
-8.78797
-4.41782
-10.83142
-11.66885
-10.39136
-14.8355
-23.36603
-26.65517
-41.0979
-38.69613
-34.60871
-24.74199
-45.9015
-64.56271
-40.23877
-30.19674
-33.58078
-22.96282
-14.64897
-12.07301
-25.31603
-26.68481
-20.61682
-16.52298
-11.15497
-6.39219
-0.38722
-0.26158
0.101
0.20129
0.34236
0.41903
-0.05203
-0.96196
-3.45868
4.06556
1.50562
0.72911
0.682
-2.8343
0.87187
1.13295
1.89661
1.14383
1.20085
1.22014
1.79041
1.92493
-4.84468
-10.56892
-15.65885
-21.30847
-33.15791
-34.46401
-43.3085
-45.05297
-52.67717
-43.76997
-50.92644
-49.69205
-35.55696
-32.38647
-29.9748
-34.4963
-28.06225
-43.18364
-42.60843
-35.90203
-31.46094
-40.52676
-32.67023
-16.20695
-13.20801
-8.24423
-2.64741
-2.63108
0.30254
0.41278
1.02245
1.54812
-0.97021
-0.89746
-1.25489
-1.37265
-1.23149
-1.17599
-1.28247
-1.30408
-1.18747
-1.08373
-0.96004
1.05277
1.67457
1.54866
1.64032
1.68485
-1.28522
-5.20945
-3.8705
-19.07228
-22.3402
-25.24636
-26.2862
-34.7817
-46.84091
-44.123
-50.31572
-54.71631
-48.18137
-56.30605
-35.38034
-43.9168
-39.41773
-41.39655
-41.72739
-40.03377
-31.76971
-30.24443
-25.68202
-26.19085
-13.44353
-5.61897
-7.56385
-0.62218
0.02654
0.06734
0.30036
0.39
0.54759
0.62822
0.72615
1.0464
0.7839
0.81631
-0.27882
-0.23682
-0.21145
-0.1971
-0.14461
0.14526
0.18127
-0.11275
1.69437
1.72484
-0.54847
-8.09368
-8.13409
-7.44888
-7.48221
-13.36098
-4.29134
-11.25385
-17.18462
-0.09103
-24.87464
-39.60355
-29.30706
-37.17431
-44.67712
-47.61974
-20.26361
-12.33857
-20.06075
-21.97794
-23.38428
-24.17034
-32.38438
-17.66896
-7.58166
-0.81695
0.45646
0.46563
0.79387
0.88725
1.02339
1.01353
1.04036
1.08445
1.02749
0.29121
0.45676
0.60311
0.94014
0.85217
0.85381
0.76267
0.73853
1.06826
1.12942
1.51092
1.82147
1.43609
1.97684
-7.91671
-6.46969
-8.78756
-16.73447
-17.87479
-43.87309
-39.77575
-43.34271
-52.46496
-44.04742
-54.38087
-54.7869
-43.95358
-53.52699
-46.05041
-40.7979
-19.93404
-20.29505
-22.13318
-29.48614
-36.51716
-31.8551
-23.35239
-3.98712
-0.59146
-0.32575
-0.29343
-0.06532
0.73524
0.6502
0.53334
0.57799
0.54081
0.48161
0.52703
0.56631
0.67133
0.666
0.5762
0.69926
0.83724
0.95653
1.19271
1.4376
1.17958
1.47649
1.50394
-9.83931
-7.1745
-7.6594
-7.67631
-10.11665
-10.30909
-10.94025
-11.24807
-19.45668
-29.82101
-32.67333
-43.63305
-34.21389
-52.12579
-45.34614
-35.9856
-40.08247
-37.03962
-39.74914
-27.55149
-24.34924
-19.69633
-17.77603
-11.45975
-8.46736
-5.7834
-2.82036
0.0379
0.34661
0.487
0.64606
0.6551
0.91113
0.88244
1.09388
1.23598
1.47741
1.60791
1.6339
1.71384
1.72733
1.76605
1.81957
1.81152
1.87103
1.84948
1.92865
1.94689
-1.76766
-3.85661
-5.4455
-5.53858
-10.04571
-17.38187
-14.89554
-18.24817
-17.7865
-16.87783
-20.03461
-16.99086
-17.01969
-17.03911
-21.01776
-18.85908
-20.25017
-20.98218
-22.17439
-11.565
-10.54595
-10.53211
-14.53746
-11.71891
-8.73256
-4.76547
0.36029
0.49101
0.57548
0.59674
0.60632
0.68807
0.67134
0.62388
0.60458
0.48184
0.67358
0.68008
0.62272
0.64944
0.77961
0.78064
0.75278
0.82543
0.81814
0.85236
0.75945
0.79579
0.73406
-6.81552
-9.69664
-13.75879
-26.81789
-20.9005
-10.59043
-16.10699
-27.83228
-31.02281
-35.59625
-32.28073
-32.27008
-35.54844
-37.67521
-44.48466
-45.37672
-38.98521
-38.91208
-36.88323
-21.00018
-16.78386
-16.2807
-19.31602
-17.40903
-8.61765
-1.0381
-0.55064
-0.26532
0.06354
0.04883
0.40301
0.65806
0.67696
0.82478
1.14364
1.35147
1.36094
1.46082
1.56463
1.55917
1.54186
1.64369
1.74914
1.64993
1.54235
1.51149
1.01014
1.0459
-8.70561
-8.84623
-12.04804
-16.02014
-12.71309
-19.99862
-17.29157
-17.35585
-20.9407
-27.61147
-32.30194
-33.25254
-36.95449
-37.95354
-36.00377
-40.28876
-44.29347
-41.46375
-43.72893
-31.98772
-29.70107
-24.42222
-20.32675
-16.03456
-5.06581
-1.59195
-0.8263
-0.43418
-0.17968
0.10985
-0.05488
-0.10353
0.34802
0.71943
0.73297
1.05795
1.14271
1.22402
1.26513
1.37679
1.44975
1.52199
1.59353
1.64374
1.63693
1.66627
1.71086
1.56867
-7.91408
-7.66363
-15.34014
-28.36102
-14.60103
-24.20258
-21.99842
-29.23914
-29.96615
-24.68709
-36.15692
-23.94427
-26.65764
-26.85655
-24.68437
-25.96518
-43.75777
-25.31383
-27.88937
-11.00837
-11.51145
-8.64078
-10.28176
-4.60539
-13.76822
-1.27711
-1.30039
-1.07028
-1.25508
-0.9426
-0.62441
-0.89842
-0.57263
-0.72171
-0.23283
-2.13059
0.53623
-0.65386
-0.75999
1.10314
0.0239
0.95242
-0.60484
1.253
-0.59832
-0.41584
-0.5526
0.41385
-5.4382
-5.12518
-6.90652
-16.44129
-19.64025
-25.04218
-25.08911
-33.16023
-17.44161
-25.16126
-28.22965
-25.99704
-22.90546
-15.24866
-25.1761
-19.76125
-17.63329
-17.72704
-22.36129
-33.02348
-30.61959
-23.82749
-21.04556
-13.33474
-5.60596
-2.11861
0.32121
-1.17023
-0.4718
-0.29668
-1.19324
-3.02276
1.80402
-3.68476
-0.73732
0.25462
2.56582
-1.41322
-0.67929
-2.09576
-1.93713
0.28971
2.3488
0.32912
0.37884
0.58532
0.64921
16.88209
-2.53426
-7.28814
-14.53075
-19.80441
-25.73416
-27.72593
-36.1937
-30.09868
-41.70137
-31.71742
-45.17242
-50.49752
-49.96738
-44.75383
-40.3396
-29.77859
-29.90752
-34.08147
-32.92042
-22.6173
-25.97064
-15.2332
-20.61487
-8.77786
-4.76861
-2.82655
2.35512
0.10991
1.15045
-0.5776
5.29133
4.07567
3.84387
-0.39752
-1.14696
-0.0602
0.52002
1.33845
1.79017
0.61543
1.66668
1.27191
1.6197
1.95007
2.04927
2.13805
2.18136
-15.03217
-1.70391
-4.2244
-9.25088
-16.88739
-22.67682
-31.37174
-33.13664
-33.47843
-32.19036
-21.85167
-30.71833
-27.14623
-45.76249
-48.81971
-52.1966
-32.08669
-29.57598
-30.50128
-35.88852
-20.4946
-20.73137
-18.43125
-12.58393
-7.82369
-8.58283
-0.06296
0.06701
0.19372
0.13459
0.19746
1.56652
0.92393
1.04801
1.36527
1.60482
1.71234
1.71841
1.81328
2.08677
2.17435
2.2479
2.32451
2.39994
2.4782
2.5473
2.59205
2.5925
1.90386
-12.21363
-16.68988
-3.92271
-10.12174
-18.5825
-23.65617
-28.94843
-32.11079
-29.45631
-40.72789
-39.30361
-37.02561
-37.75351
-30.30005
-38.69451
-47.1994
-43.25044
-35.4446
-36.01632
-28.64896
-24.01367
-19.62458
-15.26041
-7.39427
-4.2628
-2.53944
-2.03111
5.96527
8.38344
3.81755
-0.09608
-0.89325
-0.29759
-0.97124
7.68186
7.50557
7.36027
7.39124
7.76988
7.65286
7.8224
7.90087
8.03379
8.60624
8.81157
9.01142
8.84096
8.9756
20.05741
-6.58872
-12.17083
-11.05095
-15.12262
-21.34586
-25.18075
-22.79854
-28.22367
-27.7323
-27.45492
-27.7949
-35.67703
-36.93591
-51.40411
-38.61791
-31.93615
-35.7506
-31.20057
-18.25107
-15.95195
-11.13817
-9.08165
-4.06318
-1.41488
-0.95065
-0.8213
-0.45341
-0.13998
5.53721
7.46233
7.06498
7.32488
7.24007
7.62791
7.65751
9.84162
3.14311
3.81943
2.04677
0.07897
0.11579
0.21564
1.34508
0.68693
6.18721
6.24352
11.93857
-8.53293
-8.42267
-12.32396
-15.74313
-24.66336
-28.07508
-31.77346
-32.71812
-25.16891
-23.46176
-22.71114
-26.4255
-33.0419
-33.75914
-30.45839
-38.59119
-33.83092
-25.00436
-24.51841
-28.52135
-12.81469
-19.89232
-10.65232
-4.02152
-3.45345
-0.38917
-0.6687
-0.44031
1.85764
7.843
7.28826
7.47797
9.65645
8.34304
2.6498
3.39865
1.92474
-0.29471
0.28284
0.06495
0.13126
0.17323
0.15343
0.48672
0.48897
0.20133
-0.36012
2.08697
9.9092
-6.10978
-7.97232
-9.34481
-8.38453
-20.3781
-29.40065
-35.41573
-25.44762
-33.6047
-49.54245
-38.79145
-35.03944
-28.91537
-31.1806
-43.63837
-35.81805
-38.55169
-28.49807
-21.50397
-17.66822
-16.22494
-6.09344
-1.91621
-1.77446
-1.33858
-0.32186
0.42818
-2.28833
0.05302
-0.30608
-2.40269
0.44046
0.11774
0.10921
1.31748
1.11697
1.12319
1.13702
1.08981
1.09819
4.39463
4.37281
4.19771
4.05362
5.69992
5.5251
5.52498
4.87107
-6.56222
-12.78271
-11.54108
-24.52409
-26.17934
-24.91417
-23.85457
-19.77056
-23.27012
-33.19212
-33.82519
-16.77649
-26.65702
-31.43886
-34.02465
-31.4082
-27.79944
-30.23454
-27.14632
-15.918
-9.49836
-5.70052
-2.91716
-1.23225
-0.80697
-0.68303
-0.58709
-0.57524
-0.53226
0.48243
3.52494
3.26947
3.538
-0.04536
0.72944
0.37768
-0.49575
-1.10173
-1.02508
0.45176
-0.74635
1.73183
-1.0123
1.17986
-4.13259
-7.39488
-2.30479
-1.96016
-5.28649
-7.9335
-11.50077
-13.55453
-19.29847
-28.33042
-26.10779
-30.77608
-44.68161
-37.56639
-18.8454
-27.81118
-31.75638
-25.44726
-30.89311
-33.09565
-18.36879
-15.54391
-20.71503
-15.27324
-11.3668
-10.19874
-37.46292
-4.53794
-2.5239
-1.89784
-3.0207
-1.73188
-0.26729
-1.43238
-2.27372
5.34147
6.25494
7.03028
7.16086
2.53794
-2.52917
-2.00772
-2.19271
-1.83082
-0.23461
0.658
3.04586
3.08487
3.15786
3.23779
3.25674
6.50795
-17.87512
-12.16448
-16.38403
-22.45447
-24.48513
-29.72576
-26.11764
-35.34892
-34.98209
-33.37568
-36.70034
-35.59917
-39.58057
-20.15456
-14.61159
-38.64629
-31.9882
-21.54815
-24.5999
-15.21739
-14.52525
-9.56728
-6.64798
-5.25809
-2.26018
-2.00016
1.53674
1.75609
2.34875
5.89546
2.88343
-3.61138
-3.09062
-2.38957
-2.7504
-2.72127
-2.59493
-2.23954
-2.15381
-2.44828
-2.4222
-2.00483
-2.43422
-2.84299
-3.63748
0.80752
-3.24198
-4.12253
-3.38284
-4.90742
-6.69766
-9.91558
-13.10819
-18.83101
-11.45719
-12.16173
26.34864
-55.92396
-15.06802
-19.94098
-43.2487
-21.52322
-16.06886
-10.02932
-12.93108
-38.52193
-27.08284
-0.47625
6.90072
91.49623
-16.98421
275.32022
49.67433
56.47272
-10.07735
-9.21814
-13.14698
-2.99741
-2.39419
-3.56162
-1.7091
-3.3789
-3.83561
-4.96961
-0.23677
-3.58125
-4.2694
-3.40883
-3.03567
-2.35431
-2.24883
-2.44256
-2.07464
-1.97995
-2.71465
-9.90654
-4.89045
-15.68994
-12.58088
-18.358
-23.37335
-28.14433
-29.03983
-27.71948
-36.73247
-33.18926
-32.21227
-32.79488
-31.28967
-28.16355
-26.58057
-32.37792
-34.75079
-25.56513
-27.60996
-22.3089
-14.64477
-12.7656
-7.50342
-4.2068
-0.38162
0.48406
1.17356
3.33193
6.45164
1.68826
-0.37423
-4.0654
-2.96515
-3.24093
-2.82735
-2.67991
-1.53073
-2.53891
-2.57907
-2.62105
-2.50946
-2.44229
-2.44633
-2.3809
-2.29925
-2.3864
-2.5858
-9.90272
-4.30198
-4.17639
-17.88705
-15.85166
-24.82039
-23.88013
-33.49034
-33.30191
-32.43228
-31.74664
-42.18299
-39.63501
-39.67992
-41.62099
-37.5912
-35.67964
-31.66322
-33.59396
-28.32769
-22.01855
-17.50436
-13.32464
-7.38072
-6.41557
-3.57955
-3.66785
-3.77808
-4.47326
-3.75147
-1.25666
-3.55685
-4.20106
-2.8882
-4.10241
-4.69663
-3.35375
-1.31288
-2.36904
-1.69724
-2.45861
-3.92481
0.75815
-1.01857
-5.08713
-4.39244
0.50225
0.73174
3.21122
-9.3648
-12.40833
-17.59363
-28.75982
-28.81063
-32.54507
-37.53155
-36.12705
-40.88869
-43.10939
-40.1453
-49.13702
-34.53658
-38.04549
-47.49612
-41.06668
-37.68784
-32.72227
-28.92638
-19.9458
-17.15936
-14.17606
-12.10212
-9.26371
-4.62536
-4.27275
-5.5937
-3.591
-4.63293
-5.70591
-2.92262
-4.79978
-4.32722
-4.31077
-1.01971
-4.6062
-3.82295
-3.36886
0.67814
0.85081
0.94236
-6.87063
1.0524
1.1608
1.22897
-3.82008
-3.13921
-5.32105
-9.43834
-12.8083
-17.51457
-23.56376
-26.44488
-33.91845
-31.05053
-33.44643
-38.84087
-41.64996
-40.71821
-42.11167
-42.1293
-38.4347
-39.61328
-38.58061
-36.2422
-31.41509
-26.72212
-23.36276
-17.88531
-12.31635
-7.85802
-3.19738
-4.13292
0.37379
-2.56383
-0.49888
-2.45154
-0.41869
-2.06263
-3.13699
-0.3093
-1.92036
-2.78631
-0.79523
-1.70236
-3.11281
-3.83029
-3.27513
-3.13947
-2.09956
-2.43935
-2.66726
-2.92076
-1.05154
-2.04562
-2.94058
-6.82594
-8.19847
-7.96662
-8.09804
-12.15572
-18.14439
-20.63829
-31.55803
-41.13542
-28.78899
-28.63006
-29.50651
-31.61119
-31.66967
-28.48413
-24.9248
-23.65975
-19.61266
-15.75761
-11.83784
-6.9819
-4.07403
-2.22843
-2.14437
-0.32299
-1.22561
-0.84566
-1.41886
-1.13888
-0.63969
-0.60281
-2.1123
-1.20998
-1.14192
-1.45962
-1.07649
0.14428
-1.39483
-1.23296
-0.42161
-0.50143
-1.08577
-0.24114
-0.86145
-1.26208
-1.37281
-0.9837
-0.74472
-2.69563
-5.29137
-8.04712
-8.44834
-10.23479
-13.35672
-14.38968
-14.42807
-18.92585
-19.58122
-18.69052
-16.23907
-17.33906
-21.09678
-14.70019
-19.79383
-18.79955
-10.08947
-15.03387
-12.35376
-15.44847
-10.00019
-5.98699
-2.37429
-0.18397
0.60498
-0.76104
-3.02703
0.96676
-0.0195
1.20868
1.64013
6.43824
4.82275
4.77044
5.56751
6.49734
6.03592
2.26148
2.90135
-0.18463
-0.15513
-0.06488
-0.20078
0.09903
-0.23854
-0.46587
11.05968
0.56542
-2.56601
-9.62259
-14.22312
-17.7007
-22.39191
-26.55953
-29.61665
-15.33047
-21.83831
-23.00292
-27.3181
-24.51931
-33.5148
-29.37895
-20.72304
-21.09407
-15.80059
-19.6832
-13.42513
-9.2723
-6.99851
-3.34865
1.1229
0.41702
-0.39965
-0.62335
-0.49629
-0.30287
-0.69682
-0.68934
-0.69899
-0.49737
-0.48151
-0.47448
-0.40856
-0.20668
-0.25332
-0.35362
-0.13923
-0.1589
-0.15629
-0.13141
-0.26019
-0.24887
-0.2652
-0.40256
-1.8928
-0.86175
-7.76852
-9.17713
-12.30119
-15.37453
-18.53263
-22.596
-29.13557
-22.33662
-27.60361
-24.54739
-23.1074
-23.57745
-22.40327
-20.14241
-17.84323
-15.16323
-16.77676
-12.49371
-8.86062
-4.26095
-2.11118
0.19802
-0.72679
-0.53457
0.98601
1.61239
1.28375
0.26384
0.30859
1.99366
-0.21625
-0.95698
-0.22034
-0.15658
-0.20765
-0.26434
-0.23115
-0.21776
-0.2163
-0.17402
-0.10884
-0.25403
-0.34427
-0.58289
-0.50709
-0.48858
-2.25712
-6.95898
-7.40597
-7.03797
-10.99385
-14.37132
-16.69033
-17.70081
-20.40022
-20.46121
-21.21568
-22.38282
-22.64063
-22.80243
-23.09854
-23.08507
-21.53985
-18.0205
-18.28887
-16.89194
-12.40203
-7.49656
-3.17219
-0.76886
-0.61235
-0.55299
-0.48074
-0.46094
-0.43439
-0.41368
-0.35518
-0.22772
-0.40837
-0.40017
-0.43839
-0.5698
-0.50272
-0.41523
-0.34838
-0.2947
-0.27675
-0.30539
-0.38306
-0.39175
-0.24071
-0.16771
-0.17743
-0.15104
-1.10319
-5.52949
-13.41401
-15.70738
-16.05733
-19.36055
-19.67567
-21.14562
-19.79284
-23.53346
-24.30308
-24.02541
-25.59254
-25.20729
-19.43934
-24.1019
-26.91045
-23.83272
-20.71574
-21.32031
-16.65726
-12.21618
-7.79333
-3.79968
-0.87507
-0.74573
-0.73402
-0.53435
-0.54204
-0.60675
-0.6083
-0.62893
-0.62905
-0.61192
-0.60301
-0.61419
-0.60394
-0.56173
-0.56512
-0.55106
-0.53147
-0.52266
-0.44795
-0.4338
-0.41008
-0.38512
-0.48848
-0.50929
-0.57373
-2.94771
-7.01196
-9.72334
-13.54732
-12.41051
-15.90957
-16.64181
-25.70487
-17.57149
-25.10062
-21.36284
-21.42087
-19.32494
-21.29532
-24.97754
-5.92232
-7.18445
-6.55039
-4.83947
-4.81225
-1.20871
-1.14095
-0.96052
-0.9208
-0.84699
-0.74159
-0.66418
-0.59811
-0.52322
-0.52542
-0.47799
-0.48331
-0.58017
-0.3912
-0.49587
-0.60865
-0.77293
-0.7189
-0.88617
-0.86603
-0.83963
-0.79421
-0.76777
-0.75829
-0.75253
-0.69495
-0.59233
-0.69998
-2.51957
-4.39168
-8.45144
-11.48902
-15.82392
-21.39563
-23.28724
-29.4678
-30.39449
-25.01109
-19.09222
-23.54998
-27.77662
-22.06539
-22.28109
-17.0971
-14.55375
-12.04543
-19.2448
-6.66359
-6.52843
-3.29517
-1.03098
-0.50186
-0.57948
-0.79208
-0.72917
-0.70138
-0.747
-0.702
-0.78813
-0.69277
-0.63891
-0.68712
-0.23722
0.05532
-0.08079
-0.39399
-0.18374
-0.24295
-0.31339
-0.26383
-0.25036
5.52516
-1.68165
-0.07296
-0.05577
-3.1507
-4.99286
-8.9943
-10.77818
-14.76445
-19.18976
-18.01191
-18.61084
-17.05203
-16.76972
-21.3613
-19.24521
-21.62796
-24.11299
-18.39419
-17.54253
-19.35269
-17.82199
-2.77086
-9.70302
-9.22836
-7.58818
-4.15556
-1.89025
-1.92877
0.33594
-0.56885
-0.16102
-0.36829
-0.35414
-0.62004
-0.8109
1.14261
-0.4841
-2.18653
-0.1073
-1.61256
-0.21705
-1.42783
-0.82662
-1.34976
-0.05427
-0.9132
-0.38086
-0.80112
0.40751
-0.89249
-2.22249
-1.72129
-4.92452
-7.78242
-10.41411
-13.0257
-17.76602
-20.73011
-19.34244
-26.26974
-22.1767
-24.04074
-18.51171
-25.29635
-26.86365
-25.58149
-20.21217
-20.08306
-18.39955
-19.20737
-19.1243
-11.59751
-8.01497
-5.01416
-0.85931
-0.85166
-2.02314
0.45731
-2.67296
-0.74457
-0.7125
-0.62351
-0.60337
2.53265
-0.50809
-0.54316
-0.12207
-0.59835
-0.39827
-0.64931
-0.99034
-1.16387
0.01304
-0.74549
-0.98279
-1.21709
-0.81121
-1.58894
-0.41505
-2.2523
0.0883
-7.34734
-9.16069
-12.38512
-16.47159
-18.19747
-18.48847
-22.45339
-18.39624
-19.28753
-19.11941
-12.92969
-19.63745
-20.54848
-19.00118
-19.90564
-16.85503
-14.4382
-11.27244
-7.1233
-9.67817
-5.40869
-0.64066
-2.47323
-0.50455
-0.70372
-0.78615
-0.74998
-0.68813
-0.64878
-0.55551
-0.64326
-0.87268
-0.96282
-0.87268
-0.79359
-0.83559
-0.86151
-0.90543
-0.6619
-0.71631
-0.59871
-0.7796
-0.96491
-0.50597
0.19374
0.15182
0.08044
-1.48267
-4.26443
-7.82097
-11.09141
-11.72667
-12.86529
-16.22554
-20.00594
-22.15244
-25.8063
-25.89517
-24.11882
-23.43882
-23.21798
-19.67726
-20.21878
-13.96376
-14.65783
-8.74616
-7.49679
-4.09092
-2.94653
-2.80105
-0.05112
-0.84448
-0.45716
-1.63557
-1.82403
-0.72557
-1.80636
0.15768
-1.82563
-1.58921
