89.3
88.5
86.2
86.9
85.2
85.6
86.4
88.7
89.3
89.9
90.6
92.7
93
93
92.4
92.3
91.7
88.3
86.1
81
75.9
72.3
73.6
74.5
73.6
72.6
77.6
85.7
86.7
84.5
81.3
82.2
79.6
81.6
76.2
76.9
78.1
80.2
83.2
82.4
83.9
85.7
85.4
85.7
85.8
86
87.1
88.1
87.7
87.9
87.6
87.3
88
88.2
87.5
87.7
87.5
87.4
87.7
85.8
83.6
82.1
80.8
80.6
79.2
78.8
77.2
76.2
76.2
72.9
73.5
72.5
72.3
76.4
75.8
82.5
72.9
71.8
72.8
73.4
74.7
76.5
77.3
79
79.1
80
81
81.4
83.8
88
89.6
89.1
89.5
90.8
91.9
91.7
91.9
90.8
91.6
92.3
92.2
92.3
92.5
92
92.1
92.3
92.9
92.3
91.5
90.5
84.7
83.4
83.5
81.2
88.3
85.5
84
87.6
83.8
88
89.3
89.2
90.3
89.3
86.3
90
90.3
89.9
91.1
90.4
91.3
91
90.2
88.2
89.6
90.7
90.4
90.7
91.5
92.5
93.4
92.3
93
93
93.9
93.6
93.4
94.3
94.3
93.8
93.8
94.1
93.4
93.5
93.2
92.9
92.6
92.4
91
90.2
86.1
84.1
82.6
80.6
77
77.8
74.4
74
72.2
73
72.7
71.2
73.1
75.4
78.4
74.3
74.9
76.9
77.9
79.3
80.9
76.9
80.2
85.9
87.7
88.8
90.2
90.7
90.6
91.1
91
92
91.9
91.5
92.6
92.7
93.5
91.8
92.7
93
91.9
92
91.7
89.8
89.3
88.7
88.5
88.6
88
83.8
83.3
84.3
82.2
82.7
82.4
83.5
86.6
89
87.8
87.4
81.4
76.7
73.8
76.1
76.2
75.6
77.8
78.4
78.4
80
81.5
86.2
86.6
88.7
87.6
86.2
87.1
88.5
87.8
88.8
88.7
88.2
87
87
87.9
87.9
88.3
87.7
89.2
88.5
88.7
86.4
85.3
84.1
83.9
82.4
79.6
77.6
77.8
77.3
75.2
77.4
82
80.5
74.9
76.8
77.1
73.4
69.8
73.5
71.4
74.1
73.7
72.1
68.5
68.2
69.9
71.7
75.2
77.2
81.8
83.3
87.5
88.3
88.6
90.9
90.7
92.4
91.9
91.6
92.2
92.5
91.8
93
93
92.8
91.2
91.8
91.2
90.6
88.8
87.1
84.2
82.3
81.2
78.7
76
74.7
75
72.6
74.4
73.9
81.1
89.7
87.1
85.3
86
80.3
85.8
89
88.4
87.2
85.9
88
90.3
88.9
88.7
88.3
86.1
88.3
87.4
91
92.6
93.2
92.7
91.7
92.8
93.5
93.1
93
94.3
92.5
92.8
93.4
93.3
92.3
92.3
90.8
87.6
85.9
84.3
81.5
79
77.1
76.8
75.9
74.9
74.8
71.8
72.1
72.6
72
68
69
69.6
67.8
68.8
68.4
70.1
71.4
69.6
70.1
70.6
72.2
77.3
82.9
88.1
90.1
90.3
92.1
92.5
93.2
91.6
93.2
91.8
92.4
92.9
92.3
92.7
93.3
93.5
93.8
93.5
92.7
91.6
91.5
89.5
86.5
83.2
79.4
77.7
71.7
71
68.5
68.2
67.9
67.9
66.1
65.9
64.6
64.4
63.6
61.8
62.4
60.8
60.8
60.6
59.8
59.7
60.5
61.1
66.9
71.5
74.7
76.6
79.9
78.9
80.9
83.3
85.7
89
88.3
89.3
90.4
91.2
90.5
92.1
91.9
91.6
92.4
91.9
91.4
91.7
89.4
86.1
82
78.6
76.1
74.2
70.7
68.8
68.3
66.9
64.9
64.6
63.1
62.4
61.5
60.5
59.4
59.7
59.9
60.9
62.3
66.3
62.4
67.7
70.6
73.8
76.2
77.7
80
82.4
82.8
83
82.8
83.2
83.7
84.9
83.7
86.3
87
88.1
87.5
88
88.6
87.5
87
87
88.9
85.8
86.4
86.6
85.7
83.2
80.5
78.4
78.5
77.5
76.4
76
77.5
77.4
80.1
79.5
75.7
75.9
85
84.8
83
83
82.5
84.2
81.2
78.4
80.8
81.5
80.5
76.7
76.3
77.5
80.7
82.5
84
85.5
83.6
85.5
86.3
88
88.8
89
91.8
86.9
88.8
90.2
90.6
90
90
90.3
89.3
89.9
89.4
87.6
85.8
85.7
84.3
81.8
78.6
74.9
74.6
74.9
73.8
75.3
73.7
72
73.5
76.1
76.7
76.3
77.3
73.7
77.7
76
75.9
76
78.9
80.6
87.9
89.8
88.2
88.7
90.4
91.3
91.2
92
92.3
92.7
92.2
92.6
92.1
92.2
91.8
92.5
91.9
92
91.3
90.1
88.9
87.5
86.8
86.5
84.7
82.8
80.4
80.1
81.2
83.3
83.2
83.9
84.5
86.6
89.1
89.5
90.8
91.1
91.9
91.6
91.3
92
93
92.6
92.1
92.4
92.8
92.6
92.4
92.2
93.1
92.8
93.1
92.6
93.5
92.4
93.4
92.9
92.2
92
93.6
93.1
92
93.2
94
93
93.2
92.6
92.6
92.3
92.2
92.1
92.8
92.1
91.9
91.3
90.9
91.8
91.1
90.8
91.2
88.5
89.1
87
88.3
86.7
85.7
85.7
86.9
84.6
85.3
87.2
87.7
88.5
89.8
88.2
89.6
90.4
90.2
90
90.1
90.7
91.5
91.7
90.6
91
91.8
92.2
91.5
92.6
91.7
91.5
92.6
92.4
93.6
92.1
92.7
92.7
91.9
92.2
92.3
93.1
91.2
92.5
92.9
91.9
93.1
92
91.4
91.5
90.6
89.6
89.3
88.1
90.5
90.2
90.9
91.2
88.7
88.4
88.1
89.4
89.6
89.5
89.4
89.5
90
91.5
90.7
91
91.7
90.9
91.4
90.8
90.9
91.4
92.2
91.1
91.8
92.1
92
92.2
91.4
91.5
88.7
85.2
84.4
84.8
84.7
83.6
82.7
81.9
82.1
79.8
79.9
79.8
79
77.2
80.6
78.9
81.1
83.1
82.1
83.8
86.7
87
85.4
81
78.6
79.5
80.8
82.7
85
85.2
86.8
86.5
88.3
87.5
90.6
91.3
90.6
90.4
90.7
91.6
91.8
92.2
92
90.4
91.2
91.8
90.1
88.7
87.4
88.6
88.8
89.3
89.1
88.8
84.7
83
81.6
80.5
80.8
83.9
87.3
84.4
84.9
87.3
90.3
90.6
91
91.8
91.4
89.7
89.1
86.1
79.5
74.2
74
77.7
83
84
85.2
85
87.3
87.2
88.1
88.4
88.9
89.5
90.8
89.6
88.2
88.9
87.8
89.1
87.9
87.7
87.9
87.5
84.9
84.5
81.8
81.1
81
80.2
79.7
79.1
80
86.4
89.1
88.6
86.4
83.1
89.1
86.8
82
75.5
73.9
73
71.2
71.3
69.2
71.8
73.6
73.4
77.3
84.3
88.3
88.4
89.2
89.8
91.3
91.2
91.7
90.8
92.7
92.6
92.7
92.5
92.4
92.6
91.4
92.7
92.2
93.5
90.8
92
90.7
87.7
84.2
83.5
82.4
78.5
77.4
73.7
74.7
75.2
77.1
75.7
74.7
76.3
73.2
72.7
70.3
70.1
69.9
70.9
71.8
71.1
71.4
76.6
76
78.1
80.3
85
87.6
91.2
91.2
91.2
91.3
91.3
92.4
92.6
92
92.3
93.1
92.8
92.4
92.8
92.1
93
93
93.1
92.8
92
92.2
90.6
90.6
89.4
89.5
87.3
83.3
82
79.5
76.8
74.4
72.8
74
74.9
73.1
74.6
75.2
75.4
76.1
74.4
74.9
76.6
76.4
79.3
82.3
81.4
81.9
82.2
82
83.2
84.2
85.2
86.4
88.7
92.1
91.7
90.7
90.7
89.1
91.1
91.6
92.4
91.2
92
93
93
93.1
93
93
93.1
92.8
92.3
90.9
92.1
89.5
86.5
85.7
82.3
81.2
81
78.4
75.8
74.9
73.3
71
72.1
69.9
69.8
72.6
79.7
79.3
78.4
81.2
81.4
83.8
84.8
86.2
85.8
86.1
89.2
89
89
89.5
88.8
90
90
90.7
91.5
90.8
90.5
90.5
91
92
91.8
91.1
92
92.1
91.8
92.2
89.9
86.7
82.9
81.5
80.8
77.8
77.2
76.8
76.6
79.4
77.7
81.4
82.1
80.3
80.6
83.3
84.7
81.3
79.9
83
81.8
82.2
83.2
82.6
82.3
82
84.1
85
84.7
85.8
86.3
87.7
88.7
88.8
88.8
88.7
89.4
89
87.1
87.9
90.8
91
90.7
89.9
87.9
87.1
86.8
85.6
83.2
79.7
79.5
78.1
76.4
72.6
71.4
69.5
68.3
69.3
69.8
71
70.7
70.8
71.2
72.7
72.1
73
75.2
78.8
83.7
83.6
83.2
82.5
82.3
84.3
84
84.2
85.6
84.9
86.6
87
88.5
89.4
89.8
88.7
88.4
89.4
88.2
88.5
88.5
89.6
89.8
90.3
91.6
90.2
92.3
92
92.2
91.5
92.4
90.2
90.2
90
87.1
83.9
81.9
81.8
81.6
80.9
80.4
81.2
80.4
80.6
82.3
83.7
83.8
85.6
83.4
85
83.9
84.5
84.2
85.2
87.6
86.7
88.6
88.6
88.6
88.3
90.4
90.7
90.6
91.3
91.8
92
92.2
92.2
92.3
93
92.3
91.5
90.6
89.9
87.7
83.8
78
76.6
76.4
76.1
76
76.2
75.6
75.1
75.1
74.3
74.1
77.2
77.7
77.8
76.9
74.4
74.9
74.1
73.8
74.6
75.5
77.1
75
75.9
77.8
79.5
83.4
86.4
88.7
90.9
92.3
91.7
91.3
90.6
91.3
91
90.7
90.7
90.1
90.6
90.1
89.4
88.9
88.5
91
90.5
88.8
86.1
83.9
84.5
83.8
81.9
77.3
73.5
72.3
69.9
70.8
70.2
68.1
67.5
67.3
65.9
66.8
63.9
64.2
65
66.1
66.5
65.5
68.7
71.2
70.1
74.7
76.5
80.7
81.3
83
82.3
80.9
82.3
80.7
82.5
83.1
86.5
88.6
89.1
89.2
91.1
92.3
91.6
92
90.9
90.2
87.6
83.8
80.7
77.9
77.8
74
75.1
72
71
71.7
68.8
68.2
67.3
66.4
66.7
65.1
64.9
70
73.5
67.6
66.1
71.6
72.7
74.4
78.7
80
72.6
70.2
76.5
84.5
83.6
86.4
80.1
83.1
88.2
88.8
90.2
90.1
90.6
90.9
92.3
92.2
91.3
91.2
91
91.4
90.7
92.1
91.2
89.1
88.6
89
88.6
87.3
84.9
83.1
79.3
73.9
71.7
71.7
69.5
68.3
70.2
67.7
69.6
64.8
62.7
65.3
63.1
62.4
61.7
67.6
68.1
69
75.5
77.1
78.2
81.8
84.1
81.9
82.7
83.3
87.3
90.3
90.5
90.6
91
90.6
91
88.6
89.9
90.1
89.5
90.5
88.8
90.9
90.7
90.9
90.8
88.6
85
85.1
82
80.5
80
76.5
73.3
74.2
70.4
71.1
69.7
67
65.5
65.5
65.4
63.8
63.6
65.9
68
69.5
72.4
74.4
76.7
79.8
87.8
90.1
90.7
90.6
92.1
91.2
92
92.4
91.2
91
88.2
89.1
89.5
91.6
93
90.6
91.7
92.4
91.6
92.5
89.9
88.8
87.1
84.8
80.9
81.9
80.9
80.4
81.1
81.1
79.5
78.6
78.2
77.8
77.9
77.2
75.9
76.1
75
75.6
75.9
77.7
79.5
79.3
80.1
79.7
82.1
84.3
84.8
85
83.6
85.1
86.9
85.4
86.7
89.1
86.8
89.7
88
90
90.7
92.8
92.3
93.2
92.8
92.3
91.1
91.1
88.6
84.6
80.5
80.6
79.2
77.5
74.1
73.5
73.9
72.7
72
70.7
70.8
70.4
70.2
66.6
67.4
67.7
68
66.5
68
70.4
68.4
67.4
67.2
68.9
73.7
75.9
77
79.4
82.9
86.2
89
88.6
88.6
88.6
90.9
92
92.4
91.6
92.6
92.8
92.9
93.2
92.6
92.8
90.8
90.7
88.5
85.3
81.5
78.1
76.4
74.9
72.5
72.5
71.5
68.3
68.8
68.6
66.3
67.5
66.2
65.5
69.2
68.6
66.7
66.8
63.6
64
63.4
66.4
65.4
67.5
69.8
73
77.2
78.6
79.5
84.5
85.5
86.8
86.8
88.7
89.2
90.2
92
92.3
92.3
91.7
92.5
92.9
93
92.9
91.8
90.8
89.6
88
83.9
80.8
79.5
78.1
75.5
73.9
71.6
72.9
74.5
72.1
72.9
73.7
74.3
75.2
74.2
74.4
73.9
75.2
73.9
74.8
71.4
70.1
73.9
75.8
78.1
78.9
78.3
80.1
87.9
88.2
90.6
90.4
90.9
91
93
92
91.1
92.7
92.3
93.2
92.6
93
92.6
93.2
91.8
90.9
90.2
89.1
85.5
81.6
78.4
76.7
74.5
72.4
70.7
70.5
70.5
68.7
67
65.9
63.7
64.8
64.3
63.9
63.6
62.5
62.3
60.4
60.8
62
61.2
62.6
61.5
65.1
71.2
77.2
81.2
83.2
85.5
86.7
87.2
89.5
89.9
88.4
89.3
88.6
90.1
88.2
87.4
90.1
91
91.1
89.7
86.8
83.6
80.5
81
77.1
75.7
78.4
77.2
74.7
70.7
75.2
74.9
74.8
71.7
69.4
69.4
69.2
70.2
68.5
69.8
69.5
69.7
72.1
70
68.5
70
68.3
72.2
74.9
77.2
78.9
79.3
83.2
81.3
83.2
84.3
85.8
86.2
85.4
86.2
88
88.2
89.2
88.1
89.9
89.2
89.2
89
86.6
81.7
81.6
84.1
80.6
78.3
76.6
74.2
72.9
74
73.7
71.3
71.5
72.7
72.5
72.1
71.4
69.6
70.3
72.2
73.1
67.7
68.5
67.8
68.8
65.8
66.6
68.3
72.4
73.9
79.8
84.6
88.4
86.9
86.2
87.2
87.5
86.2
88
90.3
89.7
90
90.6
91.5
92.1
93
91.6
90.1
88.7
89.8
86.3
87.3
84.3
80.3
76.4
74.2
73.8
72.5
70.5
71.5
71.1
70.7
69.7
68.8
68.9
69.3
69.1
68.5
67.6
67.3
69
70.2
68.5
69.9
72.4
73.1
74.8
78.4
82.8
84.6
87.2
85.3
89
90.4
91.5
91.9
91.2
91.4
92.4
92.2
91.9
92.5
91.5
92.4
92.3
92.1
91.2
90.2
90.4
87.5
85.9
84.3
84.2
80.6
78.5
80.7
78.9
78.3
76.1
73.2
73.1
71.9
69.8
69.5
69.4
72.2
73.1
72.5
72.8
73.1
74.9
78.1
80.8
83.8
84.8
83
83.4
87.4
87.4
88.7
90.7
91.9
92.6
92.2
92
91.9
92.1
92.9
93.1
93
92.8
92.1
92.2
91.7
92.5
93.7
93.5
93.7
92.6
92.1
91.1
88.1
84.7
77.6
75.1
73.5
73.9
73.5
74.9
74.7
75.2
76.8
75.4
75.2
75.8
87.3
91.1
89.2
87.9
83.3
79.8
76.8
78.8
80.4
81.6
82.2
83.1
83.6
85.9
85.8
86.9
86.8
87.2
88.2
88.2
90.2
89.7
91
90.8
92.4
91.4
89.2
91.5
89.8
88.3
87.6
87.6
87.6
84.8
80.4
77.6
78.4
78.7
77.6
74.4
75.5
72.8
72.9
74
74.2
69.9
72.7
74.6
76.1
76.1
76.6
77.3
80.4
85.8
91.8
92.8
94.1
93.7
93.3
93.9
93.6
94
93.9
93.9
93.2
93.3
94.2
94.5
93.4
93.3
92.8
92.8
91.2
93.2
93.7
93.6
93.7
93.3
92.7
93.4
92.5
92.9
92.4
92.7
91.3
90.6
89.1
90.1
90.1
86.6
84
81.6
80.7
78.7
84.1
78.8
75.2
82.1
81.9
78.7
73.3
76.7
76.9
76.3
81.1
83.8
88
89.8
90.7
91.9
91.8
90.4
91.4
89.3
88.6
88.4
87.5
87.6
86.6
86.1
88.1
87.4
86
86.4
84.5
82.4
81
77.3
76.2
74.3
72.9
71.8
73.9
73.9
73.4
72.7
73.9
72.6
73.1
71.5
70.5
71.4
72.1
72.2
73.9
74.7
76.6
79
78.8
78.5
80.2
81.3
82.8
83.7
85.4
84.4
85.6
85.9
85.6
86.9
88.2
89.3
91
91.1
91.2
91.3
92.7
91.3
92.8
93.5
92.3
92.9
92.3
92.8
92.3
92.1
93.9
93.8
92.2
92.9
93.7
90.9
91.8
90.7
87.8
87.1
87.6
88.1
80.4
78.1
80.4
80.5
75.7
72.8
76.7
77.7
75
79.1
83.8
85.2
89.1
90.8
90.8
91.2
91.1
91.8
91.2
90.6
92.1
92.1
91.3
91.1
91.1
91.5
91.8
90.7
90.7
91.3
91.7
91.8
91.1
90.5
90.3
89.9
89.6
89.1
89
84
79.2
80.2
77
77.8
76.1
73.4
73.9
73
72.6
69.5
73.1
73.2
72.8
72.1
73.1
72.5
74.9
75
77.9
82.3
82.5
83.8
84.7
87.5
89.5
88.7
85.6
88.5
87.7
85.6
88
86.5
86.8
88.3
88.3
89
88.9
90.1
89.6
91.8
89.3
91.6
92.9
92.9
93.4
90.7
92
91.2
89.2
87
88.4
87.6
86.9
85.7
86.9
86.2
86.1
85.2
79
76.7
75.8
74.4
72.4
73.7
77
77
80.4
81.2
83.4
85
86.9
87.1
87.8
88.7
89.7
90.2
90.8
91.9
90.9
90.1
90
90.8
88.8
89.5
88.4
88.2
88.2
87.9
88.5
88.8
91.2
92.2
92.6
91.9
92.2
92.1
97
96.6
95
91.6
88.5
84.2
84.3
83.5
82.8
83.7
86.5
85.2
82.7
82.8
82
86.8
89.9
92.3
92.5
91.6
92.9
92.7
93.2
93.2
92.7
92.8
92.2
92.9
92.3
92.8
92.5
92.4
92.8
93
92.3
92.6
92.3
92.9
92.7
93
93
93.3
91.5
91.9
91.6
92.6
91.8
91.4
92.5
91.8
92.1
90
87
86.9
83.8
78.5
77
77.1
76.9
76.7
78.7
79.4
79.7
78.8
78.8
82.2
82.3
81.7
84.1
84
85.6
87
88.2
90.1
90.8
90.3
91.8
90.9
92.7
92.3
92.8
92.1
93.1
92.9
92.7
92.5
93
91.7
90
89.7
86.8
86.7
84.2
82.5
82
77
77.6
77.9
74.1
75
75.8
80
75.5
72.1
80.7
79.2
74.1
74.3
70.8
72.8
75
75.5
77.4
78.1
79.8
79.9
81.8
87.1
86.1
85.2
85.9
87.8
89.5
90.1
91.4
91.2
90.8
92.3
93.9
93.4
92.4
92.7
91.9
92.5
92.7
91.2
89.8
88.5
84.5
84.8
82
80.9
79.1
77.2
75.7
77.3
73.9
72
72.8
71.9
73.1
74.1
73.9
83.6
85.8
78.9
77.6
79.3
71.9
75.6
75.7
77.1
76.6
80.7
83.7
84.7
90
89.5
91.3
91.4
91.4
92.1
92.8
92.5
92.8
93.5
93.4
93.9
93.4
93.2
93.1
93.2
92.6
92.2
92.8
93.1
92.1
92.9
92.6
91.6
91.1
90.4
87
86.2
84.2
81
79.9
78.7
81.6
82
80.8
79.9
76.8
78.7
83.1
85.7
86.7
86.6
86
84.9
88.1
88.7
89.3
90.6
91.2
91.1
92.5
92.7
91.6
91.7
92.4
91.5
92.5
92
92.3
92.8
93.1
92
93.2
92.4
92.2
91.3
90.6
86.9
83.8
81.1
78.9
77.3
77.2
75.4
74.8
72
73
72.7
70.8
70.6
71.5
69.4
69
68.2
68.3
71.4
68.8
72.2
73.3
71
69.4
71.6
71.9
74.6
82.8
85.7
89.4
89.8
90.8
91.6
92
92.7
92.8
92.7
93
92.4
93.3
92.9
93.2
93.4
93.5
93.5
93
91.8
91.2
90.6
87.7
85
82
81.2
78
76.7
73
73.2
71.1
68.7
69.9
66.8
67.6
65.6
65.9
65.5
64.9
62.6
62.9
65.6
71.6
68.1
71.1
69.6
69.5
73.6
86.2
86.1
89.1
90.1
89.8
90.1
90.9
90.1
91.7
92.3
90.7
91.9
92.8
91.7
92.9
92.7
92.4
92.7
92.5
91.2
91.1
91.4
87.4
80.7
75.9
72.8
71.8
71.5
70.3
71.5
70.5
70.1
68.9
68.7
68.1
67.2
67.1
66.2
66.8
67
64.9
68.4
71.9
76.4
77.6
80
83.1
84.6
84.5
85.5
86.4
89.3
88.7
90.2
90.6
90.6
91.5
91.6
91.8
91.7
91.6
92.3
91.9
91.6
91.8
92.2
91.5
91.3
91.8
91.1
89
89.4
88.1
85.8
84.2
84.8
81.5
77.1
78.9
80.1
80.6
80
77.6
75.8
74.5
72
71.9
68.5
67.8
72
73.7
71.2
70.1
71.4
71.8
75.9
78.7
84.2
85.6
85.3
86.6
85.8
85.6
84.9
85.7
87.6
86.7
86.9
86.6
86.5
88.2
89.5
89.7
87.6
88
87.7
86.8
87.4
86.3
80.4
81.9
80.7
79.5
78.4
78.7
77.1
76.4
75
75.7
72.2
72.2
71.4
68.8
70.3
70.9
70.5
71.7
72.2
74.1
74.7
75.1
76.6
76.9
76
78.2
81.8
84.9
86.6
88.8
87.8
85.9
86.4
87.8
87.5
89.1
87.7
90
89.5
90.6
88.8
90
89.6
89.5
88.9
90
89.7
89.6
89.2
88.6
85.5
84.1
80.8
79.1
77.6
76.1
76.9
75
71.6
70.9
70.3
68.7
68.7
68
67.3
65.6
66.4
65.8
72.1
72.8
74.5
74.6
75.6
80
80
81.6
83.4
85.8
87
88.7
89
90.1
91
91.2
92
91.6
92.1
92.3
91.2
92
92.5
92
92
92.2
91.3
89.6
86.7
80.2
76.7
73.3
72.3
70.7
69.9
69
67.6
69.2
67.8
66.1
68.2
66.7
65.4
68.2
63.7
63.9
64.5
69.1
69.8
67.9
68.4
69.1
70.7
74.7
75.2
80.3
85.1
88
88.3
89
90
90
90.6
91.7
90.7
91.3
91.8
91.6
91.5
91.4
91.7
91.3
91.5
91.5
90.1
88.2
86
83.5
80
75
76.7
76.5
76.7
76.4
77
72.3
68.8
72.3
69.1
68.6
69.2
69.3
72.2
73.1
67.2
71.7
72.5
74.3
75
77.7
77.7
77.9
79.7
81.4
84.7
87.3
89.5
89.7
90.4
91.2
92
92.9
92.7
92.8
92.4
92.6
92
92.2
92.6
92.2
92.3
92
91.2
89.3
88
86.7
85.4
85.4
82.8
79.9
79.5
76
75.4
75.3
73.8
74
71.9
74
75.3
75.7
76.9
77.1
75.6
73.2
73.8
75.4
76.4
79.8
77.7
83.7
89.5
90.4
90.5
90.7
90.8
92.7
92.4
92.6
92.2
92.7
92.9
93.4
93.3
93.6
93.5
93.3
92.6
93
91.8
90.9
89.7
89.6
88.5
86.2
80.7
75.3
73
71.8
70.4
72.1
71.9
72.2
71.7
71.7
72.7
70.8
72.2
71.5
70.9
72.4
71.8
69.6
71.3
71.3
72.7
72.6
75.7
78.3
81.6
80.5
82
85.3
87.2
86.9
88.4
89
89.1
89.6
90
91.3
90.8
90.9
90.3
91.5
89.4
89.1
89.5
89.3
88.6
88.1
87.7
87.2
87.1
85.3
83.4
81.7
81.6
82.3
81.5
83.3
84.2
83.2
82.6
83.1
82.8
86.5
85.2
83.2
86.1
85.6
79.4
78.1
78.5
79.1
80.2
82.2
84.6
85.1
86.2
86.2
87.2
88.3
88.8
88.3
88.2
88
86
88.6
89.1
86.6
86.8
87.1
88.9
88.3
88.8
88.7
88.3
87.4
86
84.8
83.3
82.3
80.1
77.7
79.9
80.3
80.8
79.2
78.4
78.3
78
76.6
74.4
74.1
76.2
75.8
74.6
73.6
73.9
72.9
75.4
76.6
79.6
80.1
81.8
81.8
84
85.5
87.5
87.6
87.7
88.4
89.5
88.2
89.7
90
89.5
91.1
90
91
91.7
91.5
91.2
89.5
88.6
86.5
84
80.6
77.3
79
76.5
77
78.9
79.5
80.4
81.2
81
80.2
79
77.1
78.8
78.3
78.4
76.8
75.9
76.3
76.2
76.8
78.9
79.2
81.4
82
85.5
88
89.4
90.2
90.5
90.2
91.3
91.8
91.2
91.7
91.5
90.4
90.3
90.7
91
91.1
91.4
91
91
89.7
89.6
89.7
88.7
87.7
87.6
86
84.9
81
79.1
76.9
74
72.9
71.4
71.8
71
69.8
69.9
69.8
68
67.4
68
68.2
70.2
69.6
72.2
73.3
75.3
79
84.4
86.9
86
87.7
89
89.9
90.5
91.6
91.3
91.8
91.9
91.7
91.3
91.5
91.9
91.8
91.5
91.6
91.2
90.6
89.9
89.7
88.9
85.8
85.8
83.9
83.8
82
80.4
78
77.6
76.8
73.9
72.1
71.7
70.6
69.7
70
70.2
69
69
68.9
70.3
73.4
76.8
75.8
77.1
78.6
82.9
85.9
87.7
88.1
88.9
89.9
89.9
91
91.4
91.1
91.6
91.8
92
92.5
92.2
92.3
91.9
92.2
91.9
92.1
91.5
91.1
89.1
82.5
76.1
71.9
71.4
71
70.9
71
70.7
67.6
67.7
68.4
68.1
68.8
64.5
66.2
63.9
64.7
65.8
66.2
65.7
68.9
69.6
72.5
76.4
79.2
82.9
83.4
86.9
88.8
88.6
89.1
90.3
90.4
90.5
91.7
91.1
91.1
91.2
92
92
92
91.8
91.8
91.7
91.2
90.8
90.9
89.6
82.1
76.5
73.9
70.7
70.5
70.4
71.4
68.8
69.9
71.4
66.4
67.6
65
67.3
62.9
63.4
66.3
66.5
65.5
72.7
74.7
72.9
77.2
77
80.9
84.2
86.9
88.7
89.3
90.1
90.2
91.3
91.6
92.1
91.9
92
91.5
92
92.2
91.7
91.9
92.2
92
91.7
92.3
91
91.8
90.5
89.9
87.3
87.1
85.4
84
83.8
85.9
81
79.6
77.9
78.2
78.5
79.6
78.9
79
78
80.4
80.5
79.8
80.4
81.1
82
83.9
84
85
84.1
85.6
85.6
88.3
87.2
89
88.1
90
89.1
90.6
90.1
90.6
90.1
90.4
89.7
90.8
92.1
91.4
90.7
91.3
91.5
91.6
91.2
91.2
90.6
89.9
90.1
90.7
91.3
91.1
91
90.1
91.2
89.5
85.7
84
83.3
83.3
78.6
81.8
84.9
90.6
90.8
91.8
91.9
91.7
91.4
91.9
91.6
92.3
92.2
92.4
92.2
91.8
91.8
91.8
92.5
93
93.1
92.7
92.9
92.9
91.9
93.2
93.4
93.4
92.9
93.3
93.3
93.5
93
92.7
93.1
92.5
92.5
92.6
92.8
92
91.3
89.7
86.5
84.8
82.2
80.2
78.2
78.2
78.9
76.9
75
76.1
75.2
74.2
74.3
70.9
70.5
73.9
82.1
86.4
89.3
90.8
91.3
91.8
92.4
92.5
93.1
92.7
93.3
93.1
92.8
93.5
93.3
94.1
93.5
93.8
92.8
93.9
93.7
91.8
91.9
92.3
89.6
86.7
81.8
80.2
76.9
77.7
80.4
77
74.3
76.6
74.4
72.5
72.9
70.8
68.6
69.2
66.9
69.5
67.2
67.2
71.9
70.1
68.6
74.2
74
78.5
86
88
89.8
91
91.7
92.1
92.5
92.4
92.8
92.4
92.4
92.1
92.2
92.3
92.6
92.9
92.8
92.6
92.4
92
92.3
91.6
91.2
85.7
84.7
82.4
83.4
83.7
81.7
82.1
76.8
76.1
75.1
75.4
77.3
80.3
78.6
78.4
77.3
76.9
74.7
80.4
82.3
85.2
83.6
85
87.1
87.9
88.3
89.9
90.2
91
90.6
91.4
91.8
92.2
92.2
91.7
92.1
91.9
92.1
91.6
91.8
92.5
92.1
92.6
91.3
91.2
90.6
88.3
84.4
82
81.7
80.6
78
79.6
79.5
76.6
77.4
78.9
76.9
74
70.2
71.7
75.5
75
72.9
75.8
75.2
73.5
78.7
82
83.3
82.9
86.7
88.8
91.1
91.3
91
91.2
91.8
92
92.6
92.8
92.9
92.8
92.9
92.7
92.9
92.9
93.4
93.8
93.3
94.1
93.4
92.8
91.8
92.6
92.3
92.4
89.3
87
80.3
78.9
75
78.2
78.4
79.8
78.1
78.8
79.8
76.6
77.1
79.2
77.5
73
71.4
74.7
79
83.3
86.4
81.7
85.9
88.7
90.2
89.7
91
91.1
91
92.1
92.7
91.5
92.5
92.7
91.8
92.9
92.5
92.4
92.2
92.8
92.4
92.1
91.9
91.7
91.3
91
88.5
89.1
87.1
87.8
86.6
81.3
77.4
77
74.7
74.5
72.9
73.9
71.3
71.4
69.2
67.4
67.2
68.2
69.9
68
68.3
69.5
69.9
73.6
80.6
87
86.3
87.8
89.6
90.6
90.5
90.8
91.2
91.8
91.5
91.6
92
92
92.3
92
92.4
92
92.5
92.3
92.5
92.3
91.2
90.7
88.8
84.3
81
78.7
75.2
73.9
72
69.9
71.1
72.3
67.8
66.5
66.5
69.8
67.7
68
70
70
67.6
67.9
71.1
77.8
88.2
87
88.4
88.4
87.2
90.4
90.1
91.5
91.7
92
91.7
91.9
91.2
90.6
90.9
90.9
92
91.7
91
91.6
90.4
89.8
89.9
90.1
89.9
88.6
88.8
89.3
90.3
90.6
91.7
89.9
87.1
85.8
84.4
83.6
83
82.3
81.4
78.4
79.5
79.3
83.3
81.1
77.8
79.8
80.4
81.1
84.1
88.2
88.7
90.1
89.3
90
90.3
91.3
91.1
91.4
92.3
92.8
92.1
93.1
92.1
93.3
93.2
93
93
93.1
93.1
93.4
92.9
93.2
92.6
93
93.4
92.8
91.8
90.4
90
87.8
86.6
81.6
82.4
79.6
78.1
82.8
79.5
84
84.4
86.8
87.1
85.7
85.9
85.7
83.3
85.5
89.9
91.3
91.4
91.9
92.3
92.9
93.1
92.1
91.7
92.2
92.4
91.2
92.7
92.4
92.8
91.9
92.4
90.4
92.8
91.6
92.7
92.7
92.7
92.3
92
91.9
90.6
87.6
85
86.6
86.3
83
81.4
81.1
81.6
81.3
81.2
79.8
79.2
81
79.9
76
72.8
71.2
73.2
70.3
71.7
71.7
76.3
79.6
83.8
85.1
86.7
89.7
91.1
90.9
91.2
91.3
92.1
91.8
92.9
92.8
91.7
92.7
92.5
92.4
92.3
91.8
92.5
92.4
92.7
92.4
92.4
91.7
89.4
86
85
84.1
82.2
76.7
74.3
72.7
74.1
71.9
71
70.5
72.9
74.1
76.1
80.1
82.6
84.1
84.5
85.9
86.5
87.3
89
89.9
90.2
90.7
90.6
91.4
92
92.4
92.1
91.2
91.4
91.5
92
91.6
92.2
91.7
91.5
90.6
91.3
91.4
91.3
91.5
91.2
91.3
90.5
89
84.8
81.4
80.2
79.7
80.2
80.1
77.3
76.8
77.8
75.5
75.5
71.2
69.6
67.9
67.8
67.4
66
65.7
67.1
65.6
66.8
67.1
68.6
72.9
81.9
87.4
88.3
87.9
89.6
87.2
89.7
89.8
91.3
91.8
90.1
91.1
92
92.2
92.1
92.9
92.5
92.5
92.4
93.3
92.9
92.2
91.5
91.3
91.2
90.7
89.5
85.1
80.3
77.6
76.1
74.6
76.1
71.7
72
71.5
74.2
72.6
69.9
71.6
71.1
70.9
70.3
67.9
68.7
70
74.1
78.5
82.3
83.6
85.2
85.9
87.1
86.9
85.8
87.6
88.4
91
90.9
91
91.9
91.5
92.1
91.9
92.2
92.5
92.4
91.8
92.3
92.6
91.9
91.7
90.3
84.9
86.7
84.7
79.1
77.9
74.3
73.8
71.9
72.9
73.4
73.3
73.2
70.8
71
70.3
67.4
67.9
67.7
66.8
65.7
68.4
68.4
73.8
75.8
82.7
86.4
87
90.7
90.2
91.5
92
91.8
92.4
92.1
92.1
92.1
92.1
92.2
92.1
92
92.2
92.6
92.6
91.9
92.5
92.3
92.1
92.2
91.2
91.3
88.1
82.8
77.2
74.7
73
72.5
70.7
70.3
68.6
72.3
68.6
67.6
69.7
69.1
66.9
66.1
71
72.3
73.1
75.6
77.1
79.8
82.6
85.5
88.6
89.8
89.9
90.9
91.5
90.2
90.9
91.3
90.9
91.9
92
91.6
92.9
92.4
92.1
91.7
91.2
91.2
92
91.5
90.8
89.7
84.4
77.4
75.5
74.2
72.3
70.5
71.1
69.9
69.3
69.1
68
66.2
66.1
67.3
64.7
64.6
62.6
63.1
67.2
67.4
66.7
68.3
72.5
76.9
80.5
85.6
87.5
88.9
90.2
90.4
92
91.4
91.9
92.4
92.5
92.4
92.7
92.4
93.3
92.6
92.8
92.8
92.9
93
92.4
92.1
92.2
91.9
87.2
82.6
76.7
72.1
71.1
69.6
69.1
67.2
64.3
64.3
64.8
63.5
64.1
63
63.6
64.1
64
63.8
68.2
71.4
73.5
73.4
75.4
77.6
81.2
82.8
83.5
85.5
87.8
89.1
88.2
89.5
90.9
90.9
91.5
91.6
91.4
91.8
91.7
91.5
91.5
91.5
91.8
91.3
90.8
91.2
90.4
88.2
86.3
84.1
84.7
81.3
80
78.8
74.3
72.5
71.8
70.8
71.1
70.3
68.3
70.6
72.7
73.6
73.8
74.1
75.4
77.1
78
76.8
76.7
77.8
81.9
86
87.5
86
86.5
87.4
86.7
89.1
89.3
90.3
90.2
91.4
90.6
90.8
90.6
90
90
90.2
90.8
90.7
91.7
91.5
91.1
91.3
91.3
91.1
90.4
89.5
86.6
82.6
81.8
79.1
80.6
78.5
77.8
78.1
76.9
75.4
74.2
74.7
72.6
75
73.9
77.7
81.3
81.2
82
85.3
87
88.3
90.1
91
91.1
90.6
91.2
90.6
91.3
91.4
91.6
91.5
91.6
91.3
91.5
91.7
91.9
91.3
90.6
91.4
91.6
92
90.9
90.5
89.5
89.2
88.9
85.3
84.2
82.3
79.7
80.9
80.5
79.3
76.1
73.7
77.1
77.3
77.9
78.7
79.7
78.9
75.7
77.7
79.7
81.2
83.3
84.7
89.1
89.1
89.7
90.3
88.4
87.1
87.3
90.1
91
91.1
90.8
90.2
91
91.7
91.2
92.4
92.3
92.3
91.9
92
92.2
90.4
87.3
83.7
81.1
79.4
77.6
76.5
75.1
74.4
73.8
73
72.7
71.8
70.8
71.1
69.3
68.7
65.8
62.4
63.4
66.8
61.7
63.3
67.3
68.6
71.2
76.8
83.3
85.8
88.1
89.3
90.7
90.6
91.1
91.8
92
92.1
92.2
92.3
92.1
92.5
92.7
92.6
92.9
92.8
93.4
92.9
92.6
91.9
91.8
88.7
83.3
81.8
80
80.1
77.4
74.5
70.4
68.3
67.3
67.8
69
70
70.3
68.2
66.4
65.2
65.6
66.7
65.2
65.8
66.2
70.8
77.1
83.1
84.1
84.3
85.3
87
88.2
89.1
90.3
90
90.6
91.3
91.8
92
92.2
91.7
92
92.7
92.5
92.4
92.3
92.2
92
92.2
92
91.7
91.6
91.5
91.4
90.3
90.6
90.7
90.2
89.2
85.2
83
80.7
77.5
75.1
77.9
81
79.8
80.4
78.7
76.5
72.6
75.1
80.5
83.4
89.8
91.9
91.2
92.9
92.5
92.6
92.5
92.6
92.9
92.9
92.5
92.9
92.7
93
92.2
92.8
93.2
92.9
92.9
93.1
93.6
93.2
93.6
92.7
92.6
90.7
91.3
89.4
84.3
79.3
77.3
71.5
72.4
72.1
69.3
70.8
68.4
69
71
74.5
75.5
75.7
71.9
67.7
68.1
72.8
79.6
80.8
83.7
87.2
89.6
93.1
93
93.9
93.9
93.9
93.1
93.2
93.4
94
93.6
93.2
93.2
93.8
94.2
93.7
93.6
93.8
93.7
93.7
93
92.7
92.1
93.5
92.6
93.1
92
92.7
89.1
88.3
85.1
80.3
79.6
76.3
75
75
75.9
76.2
73.8
74.8
74.9
76.9
76.2
79.7
82.6
85.5
85.4
84.9
87.1
88.9
86
85.3
87.4
88.4
90.3
91.5
92.4
92.5
92.3
92.6
92.8
93.4
92.2
90.8
90.2
89.6
89.1
89.9
91
90.7
87.9
87.2
85
83.4
84.4
83.3
85
85.2
85
87.1
85.6
86.6
85.1
85.6
86.5
85
84.6
85.6
85
84.2
85
85.3
84.3
86.6
85.5
86.3
86.4
86.9
86.9
88
88.8
88.6
90.2
88
89.7
89.9
90
89.3
88.8
90.4
89
89.5
88.3
88.4
88.8
88.7
86.2
87
86.6
83.4
82.2
85.3
86.4
86
82.5
81.1
78.6
79.1
78.2
79.6
77.7
73.7
70.4
72.3
70.2
72.9
77
78.6
77.6
74.6
78.4
80.5
85.8
88.5
90.9
91
91.6
92.1
92.3
92.5
92.7
92.6
92.5
92.5
93.4
92.8
91.4
93.9
94.3
92.6
93.4
93.5
93.3
93.4
93.1
92.9
90.9
91
89.8
87.3
86.5
86.1
87
85.6
84.9
83.4
81.7
80.2
79.2
78.5
79.1
78.2
77.9
76
76.4
75.5
78.6
80.2
83
88.7
89.7
91.5
90.9
91.9
92.2
92
92.1
92.6
92.5
93.1
93.1
93.1
93.1
93.3
93.4
93.4
93.6
93.7
93.2
93.6
93.9
92.4
91.8
93.4
92.6
91.7
90.7
88.6
88.2
86.4
83.3
82.9
82.5
79.4
79.8
79.1
78.8
78.9
76.9
75.2
75.8
78.5
80.5
80.7
81.7
82.3
83.8
85
87.1
88.4
88.8
88.3
88.7
89.9
90.4
91.1
89.8
90.7
91.7
92.2
92.3
91.6
92.3
91.7
92
91.7
92.9
92.4
92
91.7
91.6
92.3
89.9
90
87.4
84.9
82.3
82
80
79.8
79.9
80.9
81.7
81.4
83.1
80.8
81
82.3
82.1
82.1
80.3
76.3
78
77.8
79.2
82.1
85.4
85.7
86.6
89.6
88.4
88
88.3
90.9
92.2
92.6
92.9
92.4
92.7
90.8
92.7
93.4
92.8
93
93.6
93.4
93.5
93.8
92.2
91.8
88.8
84.1
81.1
80.1
75.7
74.2
74.4
74.6
72.2
70.1
69.6
71.3
70.3
68.6
69.5
66.8
65.7
66.7
72.2
71.6
73.6
70.8
73.8
75.4
80.3
79.3
80.3
82.2
85.5
85.7
87.8
85.8
85.5
86.3
89.1
89.5
90.7
90.9
91.3
91.7
92.3
93
92.8
93.3
93.4
93.4
92.2
91
89.9
85.7
80.5
78.5
77.9
74.8
74.3
72.7
73.1
72.4
70.7
67.1
66.8
64.8
68.5
68.2
67.9
64.9
68.1
68.4
66.2
69.3
78.5
86.5
87.3
88.2
90.2
91.1
92.6
92.6
91.9
93.2
92.9
93.6
93.5
93.6
93.5
93.8
93.7
93.8
94.1
94
94
94
94.1
94.1
93.9
93
93.1
92.9
93.1
90.5
83.1
78.4
73.9
71.9
67.9
67.6
69
69.8
68.6
66.2
64.1
64.1
64.8
64.6
64.4
65.1
67
68.5
71.6
76.1
82.1
84.9
87.4
87.8
84.7
85.1
85.1
87.2
86.6
88.4
90.2
91.1
92.3
92.2
92.9
93
92.5
93
93
92.7
93
92.7
93.2
92.4
92.7
89.8
87.3
86.4
85
83.1
80
78.5
77.2
75.3
75.6
71.2
70
66.1
68.7
65.4
65.9
66.8
69.6
72.5
74.4
73.7
75.2
77.5
80
81.3
83.6
89.7
89.8
91.2
91.6
92.1
92.1
92.1
93.5
93.1
93.6
93.2
93.1
93.8
94
93.7
94
94.2
94.2
94.4
93.5
92.2
93.1
91.4
89.8
85
81.4
79.3
76.5
80.9
80
79.9
75.6
71.6
72.6
69.2
67.4
64.7
71.5
68.4
73
75.1
75.4
81.9
84.7
84.6
85.3
82.4
85.1
89.1
89.7
91.2
91.9
91.4
92.8
92.6
93.1
92.6
93
93.3
93.3
93.1
93.2
93.2
93.3
93.4
93.2
93.2
93.2
93.3
91.8
92.7
91.6
90.9
89
85.7
81.3
79.9
79.5
72.8
74
72.5
71.3
70.2
70.6
67
67.4
69.8
70.2
71.2
71.8
74.6
76.3
78.2
78.9
80
78.2
80.6
82.1
82.1
82.6
84.6
85.3
88.2
89.4
89.3
88.9
90.9
88.4
88.4
89.1
88.8
89.9
91.3
91.9
92.7
92.6
93.5
93.3
92.2
91.3
87.5
85.6
84
82.1
82.6
79.9
76.1
75.2
89.6
85
76.5
71.5
71.6
71.8
71.9
76
76.1
76.9
77.8
79.3
81.3
82.3
83.5
84.3
86
86.4
87.4
87.2
88.3
88.4
87.3
89
88.2
90.2
90.5
91.2
91.6
91.5
92.7
92
91.6
92.4
93.9
92.9
93
93
92.7
91.9
91.1
88.4
83.5
79.3
76
71.7
71.2
77.5
72.9
70.6
71.8
69.4
68.1
73.4
74.8
76.3
76.9
80.6
82.8
88.2
91.1
91.7
93.4
92.3
92.9
92
92.8
93.2
93.1
92.7
93
93.4
93.6
93.6
93.8
93.2
93.9
93.5
94
94.1
94.5
94.5
93.9
93.4
93.5
93.8
93.1
93
92.6
91
87.2
83.1
78.5
75.8
74.4
73
71.7
69.9
75
79.9
69.1
70
75.1
72.4
83.6
81.5
84.1
85
85.2
87.2
89.8
91.3
91.3
92.6
93.3
92.6
93
93
93.8
93.1
93.5
93.3
93.9
93.3
93.4
93.3
94.1
93.7
94
93.2
93.7
94
93.4
93.2
93.3
93.4
93.5
93.4
90.5
90.6
90.8
91.8
93
92.7
91.9
92.6
92.4
90.9
92.1
91.9
91.4
92.8
92.8
92.9
92
92.8
92.4
93.5
94
93
94
94.1
93
92.8
93.8
93.1
94.7
93.9
94.5
94.6
93.3
93.9
95
94.4
94.5
94.4
94.2
94.4
94.2
93.7
92.6
91.6
90.4
90.4
89.2
87.7
86.1
83.6
80.5
78.1
74.9
72.1
72.1
70.8
71.7
71.9
68.6
67.2
70
66.3
69.6
76.5
78.8
87.2
89.7
89.5
90.6
91.4
92
92.6
92.8
93
93.3
92.8
93.3
93.7
93.9
93.6
94.4
94.6
94.2
94.2
94.9
94.4
94.6
94.4
94.7
94.1
93
91.7
92.5
89.7
87.1
83.5
82.6
80.2
76.5
71.8
69
67.5
69.2
66.1
66.4
64.5
63.3
65.5
65.3
65.9
68
71.9
74
78
80.1
86
85.8
86.8
86.8
85.4
87.1
89.7
89.7
89.5
89.7
90.7
89.6
90.2
89.3
89
90
89.9
90
88.3
89.2
90.9
92.5
92.2
91.7
91.4
91.1
89.3
83.6
80.5
78.1
75.9
75.5
73.8
74.7
74.1
74
76.1
72.8
72.1
69.9
70.7
69.5
71
70.3
71.4
76.1
77
80
82.3
83.2
85.2
85.3
87.7
89
90.4
91.6
92.2
92.7
92
92.2
92.7
92.5
93.3
93.4
92.7
93
93.2
93.4
93.4
93.9
92.9
92.9
91.5
88
85.7
83.1
83.5
80.4
79.1
74.7
72.7
69.7
69
67.4
66.6
65.4
64.7
64.2
65.2
63.5
62.9
63.2
64.4
65.6
68.5
74
78.3
81.1
83.6
84.1
85.3
84.2
86.2
88
89.5
91.5
90.4
91.9
90.6
91.9
91.6
91.6
90
91.5
91.2
90
88.6
85.8
85.7
84.8
86.5
86.3
86.1
86.9
85.1
80.9
80.8
77.1
73.1
75.6
76.7
75.3
74.6
74.2
75.2
77.7
77.6
77.3
77.9
78.6
80.2
80.5
82.3
83.6
82.7
83.9
83.2
84.7
83.4
84.1
83.3
82.7
83.3
84.6
85.2
85.2
83.1
83
83.6
84.8
83.6
82.9
84.5
83.8
85.2
86.1
88.2
87.2
87
85.7
84.2
83.2
84.8
83.5
82
81.9
79.5
79
78.5
80.2
78.4
77.8
76.9
77.2
76.8
78.3
79.4
79.5
76.4
78.9
79.8
80.8
83.9
84.1
85.6
85.6
85.3
84.3
85.3
88.6
89.5
89.5
89.1
90.9
90.1
91.4
91.9
93
92.7
93.1
92.9
93
93.7
93.6
93.4
92.6
91
90.2
85
80.7
78.9
75.6
74.8
73.9
77.5
76.8
73.3
72.6
72.6
69.9
70.5
72.9
78
79
74.9
78.3
80.1
81.8
84.5
87.2
90.9
91.4
91.4
92.9
93.6
92.7
92.7
92.8
93.1
93
92.7
92.9
93.7
93.3
93.5
93.7
93.3
93.5
93.7
93.8
93.9
93.2
93.4
92.7
92.7
91.9
89.2
87
84.6
83.3
82
79.4
78.3
75.1
75.6
75.6
75.5
74.6
74.8
75.9
75.9
78.7
78.5
79.9
81.3
82.5
82.2
84.2
86.3
86.5
86.2
84.6
86.1
87.4
86.7
87.1
89.5
88.2
86.7
88.2
87.9
88.7
89.2
88
87.2
89.8
89.7
91.5
91.6
92.6
93.2
91
87.4
89.8
90
86.7
83.3
80.6
79.5
78.6
76.8
75.7
74.8
75.1
74.8
73
73.8
73.1
76.1
76.1
77
79.3
79.9
82
83
83.8
85
84.4
85.6
84.3
85.1
88.1
89.8
90.2
91.7
93.1
93.1
93
93
92.9
92.8
93.4
93.7
93.3
92.6
92.5
93.3
94.2
93.3
93.1
92.2
90.1
85.4
81
79.2
79.8
78
75.6
72.5
73.4
72.3
71.9
73.3
73
70.7
69.9
72.2
72.7
73
75.4
77
80.6
86.7
89.1
89.9
90.6
90.4
90.2
90.1
89.4
89.3
90.8
91.6
91.5
91.7
91.9
92.3
92.1
93
92.7
92.2
92.4
92.3
93.2
93
93.1
92.6
92.3
92.6
91.6
91
89.8
86
85.1
84.9
83.7
82.7
80
79.2
77.8
79.1
79.4
75.7
77.2
78.3
81.5
84.2
85.3
87
89.6
91
91.1
89.8
89.7
90.6
89.9
90.1
90.9
91.9
91.6
91.3
91.1
91.6
91.4
91.7
92.3
92.4
92.2
91.6
92.5
92.8
92.4
92.7
91.3
92.3
92.7
92.2
91.3
90.1
89.1
85
82.1
79.9
75.7
74.4
73.4
72.9
71.4
69.8
70.4
70.1
72.4
73
77.2
74.8
78.4
83.4
85.5
86.2
91.7
91.6
92.4
91.5
92.2
92.1
92.1
92.2
92.9
93
92.3
91.6
91.1
91.1
91.5
91.8
91.3
92
92.2
92.2
91.8
90.7
91.2
89.6
90
87.7
87.1
85.5
83.1
79.9
77.1
79.4
79.9
78.5
78.3
75.8
74.7
74.1
74.9
75.9
77
74.2
86
85.5
82.3
82.4
81.4
83.7
84.2
87.1
88.4
88.4
88.7
89.7
88.6
89
88
87.7
89
89.6
87.9
90.2
91.8
92
91.4
92.1
93.2
93.3
92.2
92.7
93.4
93.2
92.8
89.9
85.9
84
81.2
80
78.1
76.8
73.2
72.2
71
71
67.7
65.9
68.4
69.6
69.3
68
67.5
66.5
68.1
72.2
73.6
79.2
84.7
86.9
83.3
87.6
90
90.7
91.4
92.4
92.2
92.5
92.2
91.9
90.9
91.7
90.3
90.3
91.4
91.9
91
91.5
91.9
93
92.6
92.6
90.7
88.8
83.5
80.7
78.7
76.2
74.5
73.8
72.6
72.2
72.9
72.8
72.3
69.9
69.8
73.5
68.3
70.7
71.6
72.9
73.6
73.4
73.7
78.4
82.6
88.5
89.5
90.7
91.5
92.3
92.4
93.3
93
92.5
92.8
93.1
93.7
94.3
94
92.9
93.3
94.2
93.5
94.1
94.1
94.3
94.5
93.4
93
92.7
93.7
91.4
88.2
87.3
84.1
78.8
75.4
73.7
72
71.4
70.9
69.7
69.1
70.7
69.3
72.4
72.9
74.1
74.8
77.3
79
79.3
80.2
81.5
82.3
80.6
81.3
81.4
82.2
83.3
84.8
