dayTveg	Tvplot1_top	a
250.007	15.4875	15.4875
250.014	15.69	
250.021	15.7638	
250.028	15.6538	15.6538
250.035	15.6725	
250.042	15.7888	
250.049	15.8888	15.8888
250.056	15.9263	
250.063	15.7575	
250.069	15.4638	15.4638
250.076	15.675	
250.083	15.2825	
250.09	15.0975	15.0975
250.097	14.8138	
250.104	14.3475	
250.111	14.2175	14.2175
250.118	14.2038	
250.125	14.185	
250.132	14.2575	14.2575
250.139	14.2138	
250.146	14.105	
250.153	14.1088	14.1088
250.16	14.0225	
250.167	13.8663	
250.174	13.8713	13.8713
250.181	13.8438	
250.188	13.8013	
250.194	13.6913	13.6913
250.201	13.7	
250.208	13.6913	
250.215	13.5263	13.5263
250.222	13.3288	
250.229	13.1238	
250.236	13.025	13.025
250.243	13.0763	
250.25	13.1413	
250.257	13.1575	13.1575
250.264	13.06	
250.271	13.1	
250.278	13.08	13.08
250.285	12.815	
250.292	12.705	
250.299	12.6013	12.6013
250.306	12.6375	
250.313	12.8038	
250.319	12.9375	12.9375
250.326	13.0588	
250.333	12.9263	
250.34	12.8888	12.8888
250.347	13.2725	
250.354	13.0863	
250.361	13.49	13.49
250.368	13.0713	
250.375	13.1138	
250.382	13.77	13.77
250.389	13.5175	
250.396	12.8163	
250.403	13.0125	13.0125
250.41	15.565	
250.417	18.5338	
250.424	18.5263	18.5263
250.431	19.4175	
250.438	16.9563	
250.444	18.0288	18.0288
250.451	19.3825	
250.458	18.8125	
250.465	18.9113	18.9113
250.472	19.7463	
250.479	21.7763	
250.486	21.5657	21.5657
250.493	22.6512	
250.5	23.1125	
250.507	22.915	22.915
250.514	22.6138	
250.521	21.52	
250.528	17.9638	17.9638
250.535	17.8863	
250.542	17.1663	
250.549	20.2288	20.2288
250.556	21.9613	
250.563	19.4763	
250.569	22.2613	22.2613
250.576	18.9863	
250.583	19.1563	
250.59	19.0213	19.0213
250.597	18.845	
250.604	18.6588	
250.611	19.585	19.585
250.618	21.1488	
250.625	21.255	
250.632	20.9563	20.9563
250.639	20.6788	
250.646	19.0663	
250.653	18.3675	18.3675
250.66	18.0525	
250.667	17.9238	
250.674	18.22	18.22
250.681	17.6313	
250.688	17.9275	
250.694	17.3925	17.3925
250.701	17.165	
250.708	18.255	
250.715	18.3575	18.3575
250.722	16.29	
250.729	16.1313	
250.736	16.2975	16.2975
250.743	15.875	
250.75	15.2925	
250.757	16.48	16.48
250.764	14.495	
250.771	13.6038	
250.778	13.8563	13.8563
250.785	12.9125	
250.792	12.8775	
250.799	12.7075	12.7075
250.806	12.6713	
250.813	12.55	
250.819	12.3838	12.3838
250.826	12.485	
250.833	12.5125	
250.84	12.605	12.605
250.847	12.4275	
250.854	11.7838	
250.861	11.4838	11.4838
250.868	12.0763	
250.875	11.6325	
250.882	11.6375	11.6375
250.889	11.9262	
250.896	11.9512	
250.903	12.2813	12.2813
250.91	12.415	
250.917	12.3463	
250.924	12.1825	12.1825
250.931	12.0525	
250.938	11.9138	
250.944	11.2638	11.2638
250.951	10.5038	
250.958	10.0425	
250.965	10.1125	10.1125
250.972	10.6738	
250.979	10.9763	
250.986	11.1038	11.1038
250.993	11.1513	
251	10.6463	
251.007	10.0775	10.0775
251.014	9.39375	
251.021	9.7675	
251.028	9.42	9.42
251.035	8.5	
251.042	8.13375	
251.049	8.025	8.025
251.056	7.685	
251.063	7.38125	
251.069	7.02925	7.02925
251.076	7.08175	
251.083	6.972	
251.09	6.77488	6.77488
251.097	6.84338	
251.104	7.19925	
251.111	7.495	7.495
251.118	7.24625	
251.125	6.77238	
251.132	6.50388	6.50388
251.139	6.4405	
251.146	6.2995	
251.153	6.09788	6.09788
251.16	6.51825	
251.167	6.30288	
251.174	6.63525	6.63525
251.181	6.71163	
251.188	6.722	
251.194	6.58988	6.58988
251.201	6.354	
251.208	6.59588	
251.215	6.4825	6.4825
251.222	6.254	
251.229	6.05963	
251.236	5.77175	5.77175
251.243	5.52275	
251.25	5.448	
251.257	5.1795	5.1795
251.264	5.32262	
251.271	5.48188	
251.278	5.86625	5.86625
251.285	6.45588	
251.292	6.88738	
251.299	7.255	7.255
251.306	7.555	
251.313	7.7	
251.319	8.21	8.21
251.326	8.55625	
251.333	8.925	
251.34	9.16	9.16
251.347	9.6725	
251.354	10.1663	
251.361	10.5813	10.5813
251.368	10.6325	
251.375	10.865	
251.382	11.2413	11.2413
251.389	12.3263	
251.396	13.7713	
251.403	15.1325	15.1325
251.41	16.1813	
251.417	16.92	
251.424	18.415	18.415
251.431	19.5825	
251.438	19.4213	
251.444	21.0863	21.0863
251.451	18.24	
251.458	19.58	
251.465	20.6763	20.6763
251.472	22.48	
251.479	21.2563	
251.486	21.0213	21.0213
251.493	23.6225	
251.5	21.95	
251.507	21.9863	21.9863
251.514	21.9625	
251.521	19.5475	
251.528	20.6875	20.6875
251.535	21.1838	
251.542	21.9063	
251.549	21.1563	21.1563
251.556	21.735	
251.563	24.32	
251.569	21.6763	21.6763
251.576	23.4313	
251.583	22.7975	
251.59	21.025	21.025
251.597	17.6238	
251.604	16.4538	
251.611	15.5138	15.5138
251.618	16.0088	
251.625	19.5075	
251.632	21.4863	21.4863
251.639	21.8388	
251.646	22.6075	
251.653	21.6875	21.6875
251.66	20.7563	
251.667	21.0063	
251.674	18.6513	18.6513
251.681	17.86	
251.688	18.1325	
251.694	21.9138	21.9138
251.701	18.7413	
251.708	19.245	
251.715	15.8188	15.8188
251.722	14.5725	
251.729	14.5913	
251.736	14.46	14.46
251.743	14.495	
251.75	15.3713	
251.757	14.4375	14.4375
251.764	14.2238	
251.771	13.7563	
251.778	13.3788	13.3788
251.785	13.7863	
251.792	14.3388	
251.799	14.3	14.3
251.806	13.66	
251.813	13.2263	
251.819	13.4088	13.4088
251.826	12.7075	
251.833	12.5425	
251.84	11.7025	11.7025
251.847	10.4825	
251.854	10.1225	
251.861	9.70625	9.70625
251.868	9.39	
251.875	9.135	
251.882	9.2925	9.2925
251.889	9.66	
251.896	9.50625	
251.903	8.89875	8.89875
251.91	8.7725	
251.917	8.1775	
251.924	7.85875	7.85875
251.931	7.605	
251.938	7.55125	
251.944	7.32625	7.32625
251.951	7.56625	
251.958	7.68875	
251.965	7.6375	7.6375
251.972	7.06513	
251.979	6.97625	
251.986	7.12063	7.12063
251.993	7.16313	
252	6.85325	
252.007	6.62538	6.62538
252.014	6.618	
252.021	6.88063	
252.028	7.395	7.395
252.035	7.5425	
252.042	7.3975	
252.049	7.3375	7.3375
252.056	6.90388	
252.063	6.65825	
252.069	6.514	6.514
252.076	6.54913	
252.083	6.60225	
252.09	6.45763	6.45763
252.097	6.34125	
252.104	6.3615	
252.111	6.43388	6.43388
252.118	6.7325	
252.125	7.178	
252.132	7.00688	7.00688
252.139	6.96088	
252.146	7.3425	
252.153	7.2375	7.2375
252.16	7.289	
252.167	7.07038	
252.174	7.25138	7.25138
252.181	7.4725	
252.188	7.50875	
252.194	7.74375	7.74375
252.201	8.26625	
252.208	8.6575	
252.215	9.3875	9.3875
252.222	9.47875	
252.229	8.895	
252.236	8.81	8.81
252.243	9.17625	
252.25	9.74875	
252.257	10.0125	10.0125
252.264	9.94375	
252.271	9.8225	
252.278	9.6275	9.6275
252.285	9.8225	
252.292	10.0525	
252.299	10.4125	10.4125
252.306	10.6088	
252.313	10.7175	
252.319	11.0738	11.0738
252.326	11.4013	
252.333	11.6663	
252.34	11.9588	11.9588
252.347	12.2125	
252.354	12.5613	
252.361	12.8688	12.8688
252.368	13.1525	
252.375	13.1525	
252.382	13.2588	13.2588
252.389	13.3538	
252.396	13.3088	
252.403	13.5038	13.5038
252.41	13.8925	
252.417	14.1325	
252.424	14.4238	14.4238
252.431	14.6063	
252.438	14.81	
252.444	14.7875	14.7875
252.451	14.3738	
252.458	14.12	
252.465	14.3875	14.3875
252.472	14.8213	
252.479	14.7225	
252.486	14.8238	14.8238
252.493	14.8738	
252.5	14.8288	
252.507	14.8275	14.8275
252.514	14.7488	
252.521	14.6963	
252.528	14.8013	14.8013
252.535	14.6488	
252.542	14.4575	
252.549	14.5	14.5
252.556	14.58	
252.563	14.695	
252.569	14.9563	14.9563
252.576	15.0538	
252.583	15.1	
252.59	15.245	15.245
252.597	15.605	
252.604	15.6188	
252.611	15.5825	15.5825
252.618	15.3663	
252.625	15.1375	
252.632	15.02	15.02
252.639	14.9888	
252.646	14.8213	
252.653	14.6488	14.6488
252.66	14.915	
252.667	14.8675	
252.674	14.9313	14.9313
252.681	15.1163	
252.688	15.2075	
252.694	14.8188	14.8188
252.701	14.6138	
252.708	14.4625	
252.715	14.3375	14.3375
252.722	14.1225	
252.729	13.9863	
252.736	13.9925	13.9925
252.743	14.06	
252.75	13.8063	
252.757	13.6138	13.6138
252.764	13.5013	
252.771	13.385	
252.778	13.4313	13.4313
252.785	13.475	
252.792	13.3988	
252.799	13.3438	13.3438
252.806	12.645	
252.813	12.4575	
252.819	12.3625	12.3625
252.826	12.2513	
252.833	12.1138	
252.84	12.0188	12.0188
252.847	11.985	
252.854	11.9513	
252.861	11.8438	11.8438
252.868	11.7975	
252.875	11.8288	
252.882	11.8075	11.8075
252.889	11.7562	
252.896	11.7238	
252.903	11.655	11.655
252.91	11.5363	
252.917	11.5838	
252.924	11.5863	11.5863
252.931	11.4463	
252.938	11.3313	
252.944	10.975	10.975
252.951	10.7938	
252.958	10.9675	
252.965	11.0938	11.0938
252.972	10.7963	
252.979	10.7613	
252.986	10.965	10.965
252.993	11.0625	
253	11.08	
253.007	10.5413	10.5413
253.014	10.1663	
253.021	9.965	
253.028	9.99125	9.99125
253.035	9.67375	
253.042	9.68	
253.049	9.29625	9.29625
253.056	8.74	
253.063	8.10875	
253.069	7.7675	7.7675
253.076	7.8575	
253.083	7.74625	
253.09	7.88	7.88
253.097	8.08875	
253.104	8.51625	
253.111	8.745	8.745
253.118	8.24625	
253.125	7.54625	
253.132	7.088	7.088
253.139	6.69713	
253.146	6.31425	
253.153	6.15588	6.15588
253.16	5.93813	
253.167	5.89225	
253.174	5.6585	5.6585
253.181	5.83225	
253.188	5.44475	
253.194	5.33338	5.33338
253.201	5.273	
253.208	5.42625	
253.215	5.13825	5.13825
253.222	5.00875	
253.229	4.93588	
253.236	4.75988	4.75988
253.243	4.74788	
253.25	4.79313	
253.257	4.69725	4.69725
253.264	4.87138	
253.271	4.84138	
253.278	4.64575	4.64575
253.285	4.58063	
253.292	5.05163	
253.299	5.47263	5.47263
253.306	5.84963	
253.313	6.56563	
253.319	7.57538	7.57538
253.326	8.115	
253.333	9.17375	
253.34	10.1438	10.1438
253.347	10.7775	
253.354	11.5937	
253.361	12.3738	12.3738
253.368	13.0038	
253.375	13.4563	
253.382	13.8738	13.8738
253.389	14.155	
253.396	15.1575	
253.403	16.14	16.14
253.41	16.0488	
253.417	17.3538	
253.424	18.2325	18.2325
253.431	19.6875	
253.438	19.5463	
253.444	19.855	19.855
253.451	19.6788	
253.458	20.7875	
253.465	20.83	20.83
253.472	21.35	
253.479	20.3463	
253.486	22.655	22.655
253.493	23.5425	
253.5	23.1938	
253.507	22.3925	22.3925
253.514	23.1775	
253.521	19.53	
253.528	22.6213	22.6213
253.535	22.3925	
253.542	22.9413	
253.549	24.3188	24.3188
253.556	23.7188	
253.563	23.3513	
253.569	23.8888	23.8888
253.576	22.86	
253.583	22.8013	
253.59	23.6363	23.6363
253.597	24.2138	
253.604	18.7988	
253.611	21.6075	21.6075
253.618	20.9463	
253.625	21.7938	
253.632	24.0275	24.0275
253.639	22.7425	
253.646	22.5713	
253.653	21.9725	21.9725
253.66	23.4	
253.667	22.0625	
253.674	19.635	19.635
253.681	21.4575	
253.688	23.265	
253.694	22.9775	22.9775
253.701	22.8488	
253.708	22.82	
253.715	22.3588	22.3588
253.722	21.0925	
253.729	20.4863	
253.736	16.4888	16.4888
253.743	18.4613	
253.75	19.0488	
253.757	18.3963	18.3963
253.764	16.8713	
253.771	14.2213	
253.785	13.0575	13.0575
253.792	12.455	
253.799	11.8538	
253.806	11.3388	11.3388
253.813	11.035	
253.819	10.585	
253.826	10.16	10.16
253.833	9.8075	
253.84	9.54375	
253.847	9.52125	9.52125
253.854	9.42875	
253.861	9.13375	
253.868	8.93125	8.93125
253.875	8.67	
253.882	8.62875	
253.889	8.71125	8.71125
253.896	8.54875	
253.903	8.2025	
253.91	8.08	8.08
253.917	7.98625	
253.924	7.7825	
253.931	7.58875	7.58875
253.938	7.80625	
253.944	7.53875	
253.951	7.3625	7.3625
253.958	7.252	
253.965	7.03388	
253.972	6.94238	6.94238
253.979	6.74375	
253.986	6.76225	
253.993	6.60138	6.60138
254	6.598	
254.007	6.78038	
254.014	6.50475	6.50475
254.021	6.30838	
254.028	6.26088	
254.035	6.36825	6.36825
254.042	6.15425	
254.049	6.02913	
254.056	6.11725	6.11725
254.063	6.21088	
254.069	5.88763	
254.076	5.79588	5.79588
254.083	5.71362	
254.09	5.61513	
254.097	5.49463	5.49463
254.104	5.36488	
254.111	5.55787	
254.118	5.56313	5.56313
254.125	5.66088	
254.132	5.68775	
254.139	5.76	5.76
254.146	5.7825	
254.153	5.721	
254.16	5.485	5.485
254.167	5.524	
254.174	5.5345	
254.181	5.36488	5.36488
254.188	5.26763	
254.194	5.07888	
254.201	5.03613	5.03613
254.208	5.01413	
254.215	4.93325	
254.222	4.86588	4.86588
254.229	4.878	
254.236	4.88925	
254.243	4.88838	4.88838
254.25	4.594	
254.257	4.57113	
254.264	4.89875	4.89875
254.271	4.84763	
254.278	4.56662	
254.285	4.6325	4.6325
254.292	4.7435	
254.299	5.12025	
254.306	5.66775	5.66775
254.313	6.21375	
254.319	7.0485	
254.326	7.605	7.605
254.333	8.525	
254.34	9.31125	
254.347	10.0263	10.0263
254.354	10.755	
254.361	11.7175	
254.368	12.5863	12.5863
254.375	13.445	
254.382	14.47	
254.389	15.1725	15.1725
254.396	15.3025	
254.403	16.4963	
254.41	17.7675	17.7675
254.417	18.8138	
254.424	18.88	
254.431	20.3338	20.3338
254.438	20.8613	
254.444	21.1563	
254.451	21.81	21.81
254.458	21.8838	
254.465	22.995	
254.472	23.4738	23.4738
254.479	24.4263	
254.486	24.91	
254.493	24.9925	24.9925
254.5	24.975	
254.507	24.0575	
254.514	22.845	22.845
254.521	25.8075	
254.528	24.4463	
254.535	24.7688	24.7688
254.542	25.245	
254.549	25.3588	
254.556	25.55	25.55
254.563	23.7075	
254.569	25.2725	
254.576	25.2525	25.2525
254.583	25.0325	
254.59	25.4238	
254.597	25.8138	25.8138
254.604	24.6775	
254.611	24.9975	
254.618	24.8075	24.8075
254.625	24.4275	
254.632	23.8538	
254.639	23.8488	23.8488
254.646	23.29	
254.653	23.38	
254.66	23.3413	23.3413
254.667	23.5263	
254.674	23.345	
254.681	22.2388	22.2388
254.688	22.345	
254.694	22.4075	
254.701	22.6788	22.6788
254.708	22.3675	
254.715	21.9013	
254.722	21.2188	21.2188
254.729	20.6425	
254.736	20.245	
254.743	19.7575	19.7575
254.75	19.2913	
254.757	19	
254.764	18.5313	18.5313
254.771	17.8013	
254.778	17.3663	
254.785	16.7325	16.7325
254.792	15.9988	
254.799	15.725	
254.806	15.5575	15.5575
254.813	14.7013	
254.819	12.93	
254.826	13.2563	13.2563
254.833	14.4663	
254.84	14.6313	
254.847	14.9663	14.9663
254.854	15.1738	
254.861	15.53	
254.868	15.7375	15.7375
254.875	15.4375	
254.882	15.415	
254.889	15.6838	15.6838
254.896	15.6838	
254.903	15.6463	
254.91	15.9625	15.9625
254.917	16.1825	
254.924	16.3988	
254.931	16.565	16.565
254.938	16.5313	
254.944	16.5725	
254.951	16.2888	16.2888
254.958	16.2388	
254.965	16.3825	
254.972	16.27	16.27
254.979	16.0825	
254.986	16.42	
254.993	16.43	16.43
255	16.2388	
255.007	16.5263	
255.014	16.61	16.61
255.021	16.645	
255.028	16.585	
255.035	16.5588	16.5588
255.042	16.555	
255.049	16.33	
255.056	16.06	16.06
255.063	16.0875	
255.069	16.0563	
255.076	16.255	16.255
255.083	16.2563	
255.09	16.275	
255.097	16.3	16.3
255.104	16.1588	
255.111	16.0075	
255.118	16.255	16.255
255.125	16.3313	
255.132	15.3075	
255.139	15.095	15.095
255.146	14.8513	
255.153	13.9888	
255.16	13.52	13.52
255.167	13.8625	
255.174	14.2475	
255.181	14.7925	14.7925
255.188	14.6425	
255.194	13.9938	
255.201	14.2575	14.2575
255.208	14.4088	
255.215	14.4288	
255.222	13.8813	13.8813
255.229	12.8913	
255.236	12.5563	
255.243	11.9063	11.9063
255.25	11.3713	
255.257	10.8463	
255.264	10.5338	10.5338
255.271	10.1775	
255.278	10.025	
255.285	10.0788	10.0788
255.292	10.4763	
255.299	10.6625	
255.306	11.3388	11.3388
255.313	11.7713	
255.319	12.27	
255.326	12.3563	12.3563
255.333	13.0188	
255.34	13.7938	
255.347	14.225	14.225
255.354	14.87	
255.361	15.33	
255.368	16.0225	16.0225
255.375	18.0825	
255.382	18.2763	
255.389	18.2575	18.2575
255.396	19.6213	
255.403	18.9325	
255.41	19.6888	19.6888
255.417	20.8275	
255.424	20.7788	
255.431	21.3538	21.3538
255.438	22.0238	
255.444	22.1413	
255.451	22.0963	22.0963
255.458	22.8088	
255.465	23.1588	
255.472	21.8563	21.8563
255.479	23.7525	
255.486	24.615	
255.493	24.0988	24.0988
255.5	24.7025	
255.507	22.255	
255.514	23.33	23.33
255.521	24.6238	
255.528	23.5213	
255.535	23.225	23.225
255.542	23.79	
255.549	24.6813	
255.556	24.14	24.14
255.563	23.9363	
255.569	21.8988	
255.576	24.005	24.005
255.583	23.0613	
255.59	23.3725	
255.597	23.8513	23.8513
255.604	23.235	
255.611	23.8888	
255.618	24.9088	24.9088
255.625	24.7075	
255.632	24.395	
255.639	24.2363	24.2363
255.646	23.4363	
255.653	23.5313	
255.66	23.405	23.405
255.667	23.0763	
255.674	23.1025	
255.681	23.4825	23.4825
255.688	22.855	
255.694	23.92	
255.701	21.5013	21.5013
255.708	22.62	
255.715	22.9362	
255.722	21.5363	21.5363
255.729	21.9538	
255.736	22	
255.743	22.0313	22.0313
255.75	20.1425	
255.757	19.3363	
255.764	19.785	19.785
255.771	19.2863	
255.778	19.1388	
255.785	18.57	18.57
255.792	17.8063	
255.799	17.005	
255.806	16.3388	16.3388
255.813	15.2263	
255.819	14.4238	
255.826	15.26	15.26
255.833	15.4238	
255.84	15.1075	
255.847	14.8038	14.8038
255.854	14.3488	
255.861	13.8238	
255.868	13.5438	13.5438
255.875	13.0388	
255.882	13.185	
255.889	13.8038	13.8038
255.896	14.255	
255.903	14.2125	
255.91	13.74	13.74
255.917	13.4563	
255.924	12.745	
255.931	12.4863	12.4863
255.938	12.195	
255.944	11.7888	
255.951	11.6725	11.6725
255.958	11.5575	
255.965	11.8013	
255.972	11.7763	11.7763
255.979	11.8425	
255.986	11.9975	
255.993	11.705	11.705
256	11.6688	
256.007	11.4913	
256.014	11.35	11.35
256.021	11.4875	
256.028	11.5663	
256.035	11.6888	11.6888
256.042	12.0375	
256.049	11.775	
256.056	11.7362	11.7362
256.063	12.0338	
256.069	12.1475	
256.076	11.9288	11.9288
256.083	11.7175	
256.09	11.19	
256.097	11.645	11.645
256.104	11.5863	
256.111	11.5913	
256.118	10.9775	10.9775
256.125	10.7625	
256.132	10.4075	
256.139	10.4	10.4
256.146	11.0438	
256.153	11.3013	
256.16	11.485	11.485
256.167	11.0675	
256.174	11.0863	
256.181	10.9925	10.9925
256.188	11.05	
256.194	10.6875	
256.201	10.765	10.765
256.208	11.0713	
256.215	11.0325	
256.222	10.8975	10.8975
256.229	10.6138	
256.236	10.4925	
256.243	11.07	11.07
256.25	11.2263	
256.257	11.1163	
256.264	10.6825	10.6825
256.271	11.365	
256.278	11.3463	
256.285	11.6188	11.6188
256.292	12.0025	
256.299	12.1075	
256.306	12.3188	12.3188
256.313	12.7075	
256.319	13.07	
256.326	13.505	13.505
256.333	14.055	
256.34	14.4338	
256.347	15.0075	15.0075
256.354	15.39	
256.361	15.8138	
256.368	16.2338	16.2338
256.375	16.6788	
256.382	17.285	
256.389	17.8038	17.8038
256.396	17.6825	
256.403	17.28	
256.41	18.2838	18.2838
256.417	17.4888	
256.424	18.5988	
256.431	20.05	20.05
256.438	21.6138	
256.444	20.9425	
256.451	21.8175	21.8175
256.458	22.155	
256.465	22.6113	
256.472	23.625	23.625
256.479	24.6788	
256.486	24.5975	
256.493	25.3363	25.3363
256.5	24.8725	
256.507	25.505	
256.514	25.0525	25.0525
256.521	24.9888	
256.528	25.6388	
256.535	25.4138	25.4138
256.542	25.7488	
256.549	25.3863	
256.556	25.6763	25.6763
256.563	25.7038	
256.569	25.8125	
256.576	25.2988	25.2988
256.583	25.7938	
256.59	25.5788	
256.597	25.2038	25.2038
256.604	25.4138	
256.611	24.92	
256.618	24.9038	24.9038
256.625	24.8688	
256.632	25	
256.639	24.795	24.795
256.646	25.0788	
256.653	24.1725	
256.66	23.95	23.95
256.667	24.2988	
256.674	23.93	
256.681	23.8688	23.8688
256.688	23.9463	
256.694	23.9713	
256.701	24.3388	24.3388
256.708	24.105	
256.715	23.8075	
256.722	23.3063	23.3063
256.729	22.8438	
256.736	22.3788	
256.743	22.3763	22.3763
256.75	21.4488	
256.757	20.9875	
256.764	20.5588	20.5588
256.771	19.8925	
256.778	19.285	
256.785	18.6988	18.6988
256.792	18.03	
256.799	17.4113	
256.806	16.4775	16.4775
256.813	16.6288	
256.819	16.21	
256.826	15.1575	15.1575
256.833	14.83	
256.84	14.9288	
256.847	14.5263	14.5263
256.854	14.0838	
256.861	14.5688	
256.868	14.35	14.35
256.875	13.945	
256.882	13.7188	
256.889	13.9238	13.9238
256.896	14.055	
256.903	14.4625	
256.91	14.0063	14.0063
256.917	14.2813	
256.924	14.41	
256.931	15.05	15.05
256.938	15.1513	
256.944	15.4438	
256.951	15.7275	15.7275
256.958	15.7775	
256.965	14.8488	
256.972	14.4963	14.4963
256.979	14.1	
256.986	14.6688	
256.993	13.96	13.96
257	13.6288	
257.007	13.5625	
257.014	13.3338	13.3338
257.021	13.2725	
257.028	13.1025	
257.035	12.895	12.895
257.042	12.6875	
257.049	12.7063	
257.056	12.585	12.585
257.063	12.5313	
257.069	12.3475	
257.076	12.2075	12.2075
257.083	12.315	
257.09	12.385	
257.097	12.61	12.61
257.104	12.635	
257.111	12.985	
257.118	12.9575	12.9575
257.125	12.5038	
257.132	12.2663	
257.139	12.385	12.385
257.146	12.46	
257.153	12.7463	
257.16	12.6463	12.6463
257.167	12.4838	
257.174	12.61	
257.181	13.0975	13.0975
257.188	13.2713	
257.194	13.0463	
257.201	13.1588	13.1588
257.208	13.4163	
257.215	13.37	
257.222	13.1963	13.1963
257.229	13.0913	
257.236	13.0913	
257.243	13.3625	13.3625
257.25	13.4988	
257.257	13.7075	
257.264	13.8713	13.8713
257.271	13.97	
257.278	13.9925	
257.285	14.0013	14.0013
257.292	13.8588	
257.299	13.8988	
257.306	13.9738	13.9738
257.313	13.9588	
257.319	14.1	
257.326	14.2875	14.2875
257.333	14.5163	
257.34	14.8313	
257.347	14.79	14.79
257.354	14.7738	
257.361	14.8488	
257.368	15.0663	15.0663
257.375	15.1613	
257.382	15.25	
257.389	15.4275	15.4275
257.396	15.3838	
257.403	15.6113	
257.41	15.8225	15.8225
257.417	16.1325	
257.424	16.4688	
257.431	16.8813	16.8813
257.438	17.0138	
257.444	16.945	
257.451	17.5463	17.5463
257.458	18.1775	
257.465	19.3513	
257.472	19.5563	19.5563
257.479	21.0813	
257.486	22.2925	
257.493	22.6813	22.6813
257.5	24.3613	
257.507	20.4038	
257.514	18.8538	18.8538
257.521	18.5475	
257.528	17.9738	
257.535	20.135	20.135
257.542	21.7325	
257.549	19.3388	
257.556	19.525	19.525
257.563	21.4813	
257.569	22.8	
257.576	20.4775	20.4775
257.583	20.7375	
257.59	19.4713	
257.597	20.7075	20.7075
257.604	21.52	
257.611	20.8788	
257.618	19.3075	19.3075
257.625	19.2013	
257.632	19.4113	
257.639	18.745	18.745
257.646	18.7413	
257.653	18.465	
257.66	18.3888	18.3888
257.667	18.2063	
257.674	18.2	
257.681	18.305	18.305
257.688	17.72	
257.694	17.7375	
257.701	17.0188	17.0188
257.708	16.9638	
257.715	16.8663	
257.722	16.8263	16.8263
257.729	16.855	
257.736	16.6838	
257.743	16.4338	16.4338
257.75	16.1488	
257.757	15.8688	
257.764	15.67	15.67
257.771	15.4713	
257.778	15.4263	
257.785	15.2563	15.2563
257.792	15.0275	
257.799	15.025	
257.806	14.935	14.935
257.813	14.89	
257.819	14.74	
257.826	14.7363	14.7363
257.833	14.8075	
257.84	14.9325	
257.847	14.8625	14.8625
257.854	14.775	
257.861	14.7738	
257.868	14.76	14.76
257.875	14.6613	
257.882	14.61	
257.889	14.5675	14.5675
257.896	14.5425	
257.903	14.5513	
257.91	14.5538	14.5538
257.917	14.5325	
257.924	14.495	
257.931	14.4738	14.4738
257.938	14.375	
257.944	14.46	
257.951	14.4263	14.4263
257.958	14.3138	
257.965	14.295	
257.972	14.1625	14.1625
257.979	14.125	
257.986	14.1088	
257.993	13.9725	13.9725
258	13.9725	
258.007	13.975	
258.014	13.91	13.91
258.021	13.9163	
258.028	13.95	
258.035	13.8175	13.8175
258.042	13.825	
258.049	13.8375	
258.056	13.805	13.805
258.063	13.8788	
258.069	13.9163	
258.076	14.155	14.155
258.083	14.0788	
258.09	14.0863	
258.097	14.0888	14.0888
258.104	14.0113	
258.111	13.9225	
258.118	13.8825	13.8825
258.125	13.8888	
258.132	13.7125	
258.139	13.6663	13.6663
258.146	13.55	
258.153	13.6525	
258.16	13.6425	13.6425
258.167	13.6063	
258.174	13.5975	
258.181	13.38	13.38
258.188	13.46	
258.194	13.4063	
258.201	13.1363	13.1363
258.208	13.3013	
258.215	13.2163	
258.222	13.0688	13.0688
258.229	13.1538	
258.236	13.2075	
258.243	12.9775	12.9775
258.25	12.8338	
258.257	12.825	
258.264	12.7788	12.7788
258.271	12.6188	
258.278	12.5438	
258.285	12.5925	12.5925
258.292	12.7188	
258.299	12.7638	
258.306	12.6338	12.6338
258.313	12.68	
258.319	12.805	
258.326	12.9725	12.9725
258.333	13.1513	
258.34	13.365	
258.347	13.5163	13.5163
258.354	13.6963	
258.361	13.9413	
258.368	14.2613	14.2613
258.375	14.1588	
258.382	14.245	
258.389	14.195	14.195
258.396	14.2863	
258.403	14.4475	
258.41	14.3775	14.3775
258.417	14.6538	
258.424	14.9388	
258.431	15.1025	15.1025
258.438	15.3225	
258.444	15.41	
258.451	14.825	14.825
258.458	15.7325	
258.465	15.9288	
258.472	15.5163	15.5163
258.479	15.2	
258.486	15.3425	
258.493	17.1038	17.1038
258.5	18.035	
258.507	16.3925	
258.514	17.2713	17.2713
258.521	17.0838	
258.528	16.6075	
258.535	16.5513	16.5513
258.542	18.0075	
258.549	16.9475	
258.556	16.635	16.635
258.563	15.8263	
258.569	16.3538	
258.576	17.8513	17.8513
258.583	16.5738	
258.59	17.07	
258.597	17.265	17.265
258.604	16.9738	
258.611	16.415	
258.618	16.4738	16.4738
258.625	17.5713	
258.632	17.835	
258.639	17.2988	17.2988
258.646	17.08	
258.653	18.1763	
258.66	16.7388	16.7388
258.667	16.4013	
258.674	16.2763	
258.681	15.9988	15.9988
258.688	16.3638	
258.694	16.975	
258.701	16.6075	16.6075
258.708	16.2375	
258.715	15.9875	
258.722	15.5625	15.5625
258.729	15.7238	
258.736	16.505	
258.743	16.6838	16.6838
258.75	15.89	
258.757	14.8438	
258.764	14.8988	14.8988
258.771	14.44	
258.778	14.12	
258.785	14.4488	14.4488
258.792	14.4663	
258.799	14	
258.806	13.3975	13.3975
258.813	13.3275	
258.819	13.62	
258.826	13.4825	13.4825
258.833	13.2363	
258.84	13.6213	
258.847	13.4463	13.4463
258.854	13.3575	
258.861	13.1813	
258.868	12.89	12.89
258.875	13.135	
258.882	13.1625	
258.889	13.2738	13.2738
258.896	13.1725	
258.903	13.2475	
258.91	13.1375	13.1375
258.917	13.155	
258.924	13.485	
258.931	13.2913	13.2913
258.938	12.9938	
258.944	12.2363	
258.951	11.0263	11.0263
258.958	9.43625	
258.965	8.69	
258.972	8.96375	8.96375
258.979	8.5225	
258.986	8.3775	
258.993	8.75375	8.75375
259	8.9	
259.007	9.0075	
259.014	8.9775	8.9775
259.021	8.945	
259.028	9.2925	
259.035	9.55375	9.55375
259.042	9.21375	
259.049	8.7275	
259.056	7.92	7.92
259.063	7.43	
259.069	7.6225	
259.076	7.5375	7.5375
259.083	7.70625	
259.09	7.21813	
259.097	6.84988	6.84988
259.104	6.72188	
259.111	6.57	
259.118	6.1225	6.1225
259.125	6.02713	
259.132	5.71388	
259.139	5.54088	5.54088
259.146	5.47075	
259.153	5.42012	
259.16	5.36775	5.36775
259.167	5.11713	
259.174	5.1435	
259.181	4.93588	4.93588
259.188	4.7095	
259.194	4.57413	
259.201	4.52225	4.52225
259.208	4.48875	
259.215	4.354	
259.222	4.34625	4.34625
259.229	4.36925	
259.236	4.14613	
259.243	3.99188	3.99188
259.25	3.77938	
259.257	3.75013	
259.264	3.60238	3.60238
259.271	3.80975	
259.278	3.81175	
259.285	3.85163	3.85163
259.292	4.7145	
259.299	5.58763	
259.306	5.93025	5.93025
259.313	6.50138	
259.319	6.97913	
259.326	7.86775	7.86775
259.333	8.91375	
259.34	9.97375	
259.347	10.655	10.655
259.354	11.7025	
259.361	12.7275	
259.368	13.3513	13.3513
259.375	13.7213	
259.382	13.6125	
259.389	14.6738	14.6738
259.396	15.5663	
259.403	16.3038	
259.41	16.725	16.725
259.417	17.59	
259.424	17.86	
259.431	18.6575	18.6575
259.438	19.4625	
259.444	18.8988	
259.451	19.3663	19.3663
259.458	20.3163	
259.465	22.2125	
259.472	21.0938	21.0938
259.479	18.58	
259.486	17.7975	
259.493	16.655	16.655
259.5	16.9788	
259.507	17.165	
259.514	18.25	18.25
259.521	18.9538	
259.528	20.7875	
259.535	19.2825	19.2825
259.542	18.175	
259.549	19.1288	
259.556	20.7988	20.7988
259.563	21.1888	
259.569	19.945	
259.576	19.1975	19.1975
259.583	19.9363	
259.59	21.4113	
259.597	21.3738	21.3738
259.604	22.7038	
259.611	20.8838	
259.618	20.5675	20.5675
259.625	19.4638	
259.632	20.8388	
259.639	18.7225	18.7225
259.646	17.7538	
259.653	18.0025	
259.66	17.6875	17.6875
259.667	17.0975	
259.674	16.4625	
259.681	16.1488	16.1488
259.688	16.6338	
259.694	17.405	
259.701	18.035	18.035
259.708	17.4738	
259.715	17.4138	
259.722	15.785	15.785
259.729	14.455	
259.736	14.2988	
259.743	14.2625	14.2625
259.75	14.5463	
259.757	13.6875	
259.764	13.3575	13.3575
259.771	12.3713	
259.778	11.4975	
259.785	10.9925	10.9925
259.792	10.3475	
259.799	9.9875	
259.806	9.7	9.7
259.813	9.6275	
259.819	8.86125	
259.826	8.3675	8.3675
259.833	7.96	
259.84	7.81625	
259.847	7.67375	7.67375
259.854	7.47788	
259.861	7.39525	
259.868	7.85875	7.85875
259.875	7.54375	
259.882	7.28363	
259.889	7.27863	7.27863
259.896	6.92025	
259.903	6.54713	
259.91	6.32288	6.32288
259.917	6.535	
259.924	7.04238	
259.931	7.43875	7.43875
259.938	7.58	
259.944	7.72625	
259.951	8.0775	8.0775
259.958	8.25875	
259.965	8.04125	
259.972	7.73875	7.73875
259.979	7.33	
259.986	7.43375	
259.993	7.585	7.585
260	7.87125	
260.007	8.0925	
260.014	8.0875	8.0875
260.021	8.03875	
260.028	8.07625	
260.035	8.17	8.17
260.042	8.38875	
260.049	8.5525	
260.056	8.77375	8.77375
260.063	9.01625	
260.069	9.14375	
260.076	9.29	9.29
260.083	9.44625	
260.09	9.5075	
260.097	9.57	9.57
260.104	9.67	
260.111	9.7775	
260.118	9.81625	9.81625
260.125	9.82875	
260.132	9.78125	
260.139	9.715	9.715
260.146	9.62	
260.153	9.41625	
260.16	9.47125	9.47125
260.167	9.34375	
260.174	9.16	
260.181	9.22125	9.22125
260.188	9.33	
260.194	9.38125	
260.201	9.44	9.44
260.208	9.16875	
260.215	8.36625	
260.222	8.10375	8.10375
260.229	8.4625	
260.236	8.675	
260.243	8.85	8.85
260.25	8.98	
260.257	8.98125	
260.264	8.9975	8.9975
260.271	8.9175	
260.278	9.0025	
260.285	9.13	9.13
260.292	9.09	
260.299	9.1875	
260.306	9.57625	9.57625
260.313	10.3125	
260.319	10.8463	
260.326	11.3838	11.3838
260.333	11.705	
260.34	11.9825	
260.347	12.2638	12.2638
260.354	12.7038	
260.361	12.8613	
260.368	12.9275	12.9275
260.375	13.23	
260.382	13.4075	
260.389	13.555	13.555
260.396	13.8888	
260.403	14.4338	
260.41	15.0013	15.0013
260.417	15.3225	
260.424	16.025	
260.431	16.4913	16.4913
260.438	16.7063	
260.444	17.095	
260.451	17.2325	17.2325
260.458	18.3838	
260.465	19.125	
260.472	20.42	20.42
260.479	19.78	
260.486	20.3025	
260.493	18.565	18.565
260.5	18.1838	
260.507	20.5325	
260.514	19.4413	19.4413
260.521	19.7888	
260.528	19.1975	
260.535	19.9313	19.9313
260.542	20.7075	
260.549	19.4588	
260.556	19.18	19.18
260.563	20.75	
260.569	18.8138	
260.576	18.9638	18.9638
260.583	21.35	
260.59	21.0925	
260.597	18.7988	18.7988
260.604	18.7475	
260.611	18.675	
260.618	18.8175	18.8175
260.625	19.0288	
260.632	18.96	
260.639	18.74	18.74
260.646	18.9263	
260.653	18.7963	
260.66	18.3175	18.3175
260.667	18.3425	
260.674	18.31	
260.681	18.1938	18.1938
260.688	18.2413	
260.694	17.9525	
260.701	17.6263	17.6263
260.708	17.4413	
260.715	17.3575	
260.722	16.9438	16.9438
260.729	16.5063	
260.736	16.3213	
260.743	16.2125	16.2125
260.75	15.985	
260.757	15.7413	
260.764	15.58	15.58
260.771	15.4275	
260.778	15.3625	
260.785	15.2913	15.2913
260.792	15.1688	
260.799	15.0875	
260.806	15.0738	15.0738
260.813	14.9925	
260.819	14.7763	
260.826	14.5725	14.5725
260.833	14.35	
260.84	14.1675	
260.847	14.3325	14.3325
260.854	14.3	
260.861	14.2838	
260.868	14.3725	14.3725
260.875	14.4663	
260.882	14.575	
260.889	14.4813	14.4813
260.896	14.4813	
260.903	14.4363	
260.91	14.3488	14.3488
260.917	14.31	
260.924	14.1413	
260.931	14.0463	14.0463
260.938	13.9825	
260.944	13.9525	
260.951	13.7088	13.7088
260.958	13.5538	
260.965	13.415	
260.972	13.6063	13.6063
260.979	13.7738	
260.986	13.7475	
260.993	13.6275	13.6275
261	13.5975	
261.007	13.7975	
261.014	13.8138	13.8138
261.021	13.8675	
261.028	13.7875	
261.035	13.7988	13.7988
261.042	13.5225	
261.049	13.3713	
261.056	13.4975	13.4975
261.063	13.3425	
261.069	13.2075	
261.076	13.195	13.195
261.083	13.0075	
261.09	12.8725	
261.097	12.6875	12.6875
261.104	12.5563	
261.111	12.55	
261.118	12.6675	12.6675
261.125	12.7463	
261.132	12.7425	
261.139	12.725	12.725
261.146	12.715	
261.153	12.6763	
261.16	12.6713	12.6713
261.167	12.5938	
261.174	12.55	
261.181	12.395	12.395
261.188	12.2638	
261.194	12.0313	
261.201	11.5375	11.5375
261.208	11.2688	
261.215	10.6113	
261.222	9.7075	9.7075
261.229	9.20375	
261.236	8.58375	
261.243	8.48375	8.48375
261.25	8.23875	
261.257	8.285	
261.264	7.92	7.92
261.271	7.22213	
261.278	7.10988	
261.285	7.269	7.269
261.292	7.19563	
261.299	7.25825	
261.306	7.88625	7.88625
261.313	8.68	
261.319	9.47125	
261.326	10.2063	10.2063
261.333	10.5062	
261.34	9.985	
261.347	9.7875	9.7875
261.354	9.96875	
261.361	10.7325	
261.368	12.0413	12.0413
261.375	13.1163	
261.382	13.6163	
261.389	14.0838	14.0838
261.396	14.3138	
261.403	14.9263	
261.41	15.4975	15.4975
261.417	15.8375	
261.424	16.1375	
261.431	16.2013	16.2013
261.438	16.3275	
261.444	16.64	
261.451	16.8875	16.8875
261.458	17.5225	
261.465	17.64	
261.472	17.71	17.71
261.479	17.7825	
261.486	17.9738	
261.493	18.0088	18.0088
261.5	17.9263	
261.507	18.0425	
261.514	18.3825	18.3825
261.521	18.6238	
261.528	18.7525	
261.535	18.6775	18.6775
261.542	18.4525	
261.549	18.8713	
261.556	19.3038	19.3038
261.563	19.0763	
261.569	19.4	
261.576	19.4525	19.4525
261.583	19.5388	
261.59	19.5175	
261.597	19.485	19.485
261.604	19.6538	
261.611	19.43	
261.618	19.29	19.29
261.625	19.0038	
261.632	19.0063	
261.639	18.8213	18.8213
261.646	18.5175	
261.653	18.3275	
261.66	17.9538	17.9538
261.667	18.0775	
261.674	18.4688	
261.681	17.9013	17.9013
261.688	17.8588	
261.694	17.5838	
261.701	17.5025	17.5025
261.708	17.3575	
261.715	16.7313	
261.722	16.6	16.6
261.729	16.2738	
261.736	16.0088	
261.743	15.8038	15.8038
261.75	15.545	
261.757	15.2375	
261.764	15.1025	15.1025
261.771	14.9388	
261.778	14.8275	
261.785	14.8	14.8
261.792	14.5075	
261.799	14.2988	
261.806	14.2988	14.2988
261.813	14.3263	
261.819	14.1863	
261.826	14.0675	14.0675
261.833	14.1175	
261.84	14.2175	
261.847	14.1075	14.1075
261.854	14.06	
261.861	13.9075	
261.868	13.7725	13.7725
261.875	13.6363	
261.882	13.5338	
261.889	13.4538	13.4538
261.896	13.3113	
261.903	12.9788	
261.91	12.5363	12.5363
261.917	11.8338	
261.924	11.135	
261.931	10.6138	10.6138
261.938	10.2225	
261.944	9.85125	
261.951	10.125	10.125
261.958	9.6725	
261.965	10.2675	
261.972	10.0675	10.0675
261.979	9.66	
261.986	9.1275	
261.993	8.9025	8.9025
262	9.0225	
262.007	8.22875	
262.014	7.79125	7.79125
262.021	7.75625	
262.028	7.57	
262.035	7.625	7.625
262.042	7.66	
262.049	7.2045	
262.056	7.5725	7.5725
262.063	7.7325	
262.069	7.4975	
262.076	7.2725	7.2725
262.083	6.93188	
262.09	6.76763	
262.097	7.12725	7.12725
262.104	7.93125	
262.111	7.54	
262.118	7.02938	7.02938
262.125	6.886	
262.132	6.75563	
262.139	6.70413	6.70413
262.146	7.34	
262.153	8.09875	
262.16	7.80875	7.80875
262.167	7.23725	
262.174	7.049	
262.181	7.365	7.365
262.188	8.01375	
262.194	8.3875	
262.201	8.61125	8.61125
262.208	8.80375	
262.215	9.1425	
262.222	8.905	8.905
262.229	8.745	
262.236	8.3975	
262.243	9.1975	9.1975
262.25	9.245	
262.257	8.755	
262.264	8.4125	8.4125
262.271	7.88875	
262.278	8.1825	
262.285	8.3325	8.3325
262.292	8.53375	
262.299	8.44875	
262.306	8.71125	8.71125
262.313	8.98875	
262.319	9.23	
262.326	9.87375	9.87375
262.333	11.8725	
262.34	13.1463	
262.347	13.5463	13.5463
262.354	12.99	
262.361	13.4763	
262.368	13.6525	13.6525
262.375	13.5675	
262.382	13.9738	
262.389	14.5038	14.5038
262.396	15.9475	
262.403	16.7288	
262.41	17.9563	17.9563
262.417	17.4113	
262.424	17.2988	
262.431	17.1825	17.1825
262.438	17.2113	
262.444	19.02	
262.451	18.5963	18.5963
262.458	18.4113	
262.465	17.6588	
262.472	18.0288	18.0288
262.479	18.715	
262.486	19.5225	
262.493	21.8675	21.8675
262.5	21.9188	
262.507	20.6275	
262.514	19.9863	19.9863
262.521	20	
262.528	20.7175	
262.535	20.8675	20.8675
262.542	22.635	
262.549	20.8938	
262.556	22.3838	22.3838
262.563	24.3975	
262.569	21.42	
262.576	21.18	21.18
262.583	19.22	
262.59	19.4638	
262.597	19.4475	19.4475
262.604	20.1563	
262.611	20.2688	
262.618	21.645	21.645
262.625	21.5638	
262.632	22.7413	
262.639	21.9713	21.9713
262.646	21.4675	
262.653	20.2363	
262.66	21.005	21.005
262.667	20.0663	
262.674	19.1825	
262.681	20.0575	20.0575
262.688	20.2788	
262.694	20.6813	
262.701	19.7813	19.7813
262.708	19.3	
262.715	18.5513	
262.722	17.8938	17.8938
262.729	17.8838	
262.736	17.5988	
262.743	17.2238	17.2238
262.75	17.3163	
262.757	16.1188	
262.764	15.1288	15.1288
262.771	14.1413	
262.778	13.2325	
262.785	12.2113	12.2113
262.792	11.3238	
262.799	10.7163	
262.806	10.355	10.355
262.813	10.1463	
262.819	10.1963	
262.826	11.175	11.175
262.833	11.1363	
262.84	10.605	
262.847	10.2838	10.2838
262.854	10.1288	
262.861	9.9	
262.868	10.39	10.39
262.875	11.1088	
262.882	11.5738	
262.889	11.8463	11.8463
262.896	12.0363	
262.903	12.1563	
262.91	12.1563	12.1563
262.917	12.3138	
262.924	12.365	
262.931	12.4488	12.4488
262.938	12.59	
262.944	12.8263	
262.951	12.87	12.87
262.958	12.9613	
262.965	12.8125	
262.972	12.74	12.74
262.979	12.6363	
262.986	12.5225	
262.993	12.4963	12.4963
263	12.4975	
263.007	12.6125	
263.014	12.865	12.865
263.021	12.8225	
263.028	12.7913	
263.035	12.8338	12.8338
263.042	12.8275	
263.049	12.6013	
263.056	12.325	12.325
263.063	12.1488	
263.069	12.3388	
263.076	12.4963	12.4963
263.083	12.6938	
263.09	12.5863	
263.097	12.4613	12.4613
263.104	12.4125	
263.111	12.4625	
263.118	12.4125	12.4125
263.125	12.4363	
263.132	12.3813	
263.139	12.3313	12.3313
263.146	12.2975	
263.153	12.3213	
263.16	12.3463	12.3463
263.167	12.3413	
263.174	12.3975	
263.181	12.4288	12.4288
263.188	12.3663	
263.194	12.4313	
263.201	12.1663	12.1663
263.208	11.6975	
263.215	11.405	
263.222	11.39	11.39
263.229	11.105	
263.236	10.6013	
263.243	10.7425	10.7425
263.25	10.7463	
263.257	10.7875	
263.264	11.2313	11.2313
263.271	11.1988	
263.278	11.25	
263.285	11.3475	11.3475
263.292	11.4475	
263.299	11.61	
263.306	11.8675	11.8675
263.313	11.9263	
263.319	12.15	
263.326	12.305	12.305
263.333	12.4513	
263.34	12.825	
263.347	13.2275	13.2275
263.354	13.7113	
263.361	14.0025	
263.368	14.7	14.7
263.375	14.7563	
263.382	15.2675	
263.389	15.8588	15.8588
263.396	15.79	
263.403	15.855	
263.41	16.3288	16.3288
263.417	16.905	
263.424	17.0325	
263.431	17.4763	17.4763
263.438	17.32	
263.444	17.4263	
263.451	17.8425	17.8425
263.458	17.9513	
263.465	18.1613	
263.472	18.7563	18.7563
263.479	18.61	
263.486	18.4313	
263.493	18.4513	18.4513
263.5	19.17	
263.507	19.5325	
263.514	19.9713	19.9713
263.521	20.46	
263.528	19.585	
263.535	19.4875	19.4875
263.542	20.6363	
263.549	20.2075	
263.556	19.8813	19.8813
263.563	19.735	
263.569	19.3213	
263.576	18.8175	18.8175
263.583	19.1275	
263.59	19.7938	
263.597	19.6475	19.6475
263.604	19.6613	
263.611	20.0163	
263.618	20.5663	20.5663
263.625	19.7938	
263.632	16.56	
263.639	15.9813	15.9813
263.646	15.8175	
263.653	15.7838	
263.66	16.0588	16.0588
263.667	16.0025	
263.674	16.11	
263.681	15.9	15.9
263.688	15.5388	
263.694	15.4163	
263.701	15.1675	15.1675
263.708	14.8488	
263.715	14.785	
263.722	14.6013	14.6013
263.729	14.3463	
263.736	14.2463	
263.743	14.2788	14.2788
263.75	14.1888	
263.757	14.0575	
263.764	13.7675	13.7675
263.771	13.4413	
263.778	13.32	
263.785	13.1975	13.1975
263.792	13.07	
263.799	12.8963	
263.806	12.7825	12.7825
263.813	12.5488	
263.819	12.4675	
263.826	12.2775	12.2775
263.833	12.2413	
263.84	12.1363	
263.847	12.3038	12.3038
263.854	12.0125	
263.861	12.005	
263.868	12.0313	12.0313
263.875	11.9025	
263.882	11.9388	
263.889	11.82	11.82
263.896	11.9038	
263.903	11.96	
263.91	11.9263	11.9263
263.917	11.66	
263.924	11.6237	
263.931	11.63	11.63
263.938	11.5888	
263.944	11.5938	
263.951	11.64	11.64
263.958	11.5213	
263.965	11.465	
263.972	11.4238	11.4238
263.979	11.3938	
263.986	11.3363	
263.993	11.3738	11.3738
264	11.6625	
264.007	11.65	
264.014	11.7438	11.7438
264.021	11.4663	
264.028	11.2988	
264.035	11.17	11.17
264.042	11.055	
264.049	10.9725	
264.056	10.965	10.965
264.063	10.8538	
264.069	10.7375	
264.076	10.7088	10.7088
264.083	10.6263	
264.09	10.5913	
264.097	10.515	10.515
264.104	10.2413	
264.111	10.285	
264.118	10.145	10.145
264.125	10.1788	
264.132	10.3025	
264.139	10.3738	10.3738
264.146	10.24	
264.153	10.265	
264.16	10.1388	10.1388
264.167	10.08	
264.174	10.0838	
264.181	10.1488	10.1488
264.188	10.1	
264.194	10.1638	
264.201	10.145	10.145
264.208	10.2613	
264.215	10.3462	
264.222	10.275	10.275
264.229	10.2813	
264.236	10.1525	
264.243	10.1863	10.1863
264.25	10.0913	
264.257	10.1013	
264.264	10.1325	10.1325
264.271	9.77	
264.278	9.53	
264.285	8.78625	8.78625
264.292	8.5825	
264.299	8.78125	
264.306	9.15375	9.15375
264.313	9.4075	
264.319	9.9175	
264.326	10.2788	10.2788
264.333	10.6375	
264.34	11.0375	
264.347	11.5913	11.5913
264.354	12.0513	
264.361	12.2625	
264.368	12.5875	12.5875
264.375	12.8063	
264.382	13.1675	
264.389	14.05	14.05
264.396	15.1538	
264.403	15.2713	
264.41	15.9013	15.9013
264.417	15.8625	
264.424	16.4013	
264.431	17.0775	17.0775
264.438	17.6088	
264.444	17.8888	
264.451	18.44	18.44
264.458	19.0313	
264.465	20.2538	
264.472	20.7288	20.7288
264.479	20.69	
264.486	21.3588	
264.493	21.8038	21.8038
264.5	22.2338	
264.507	22.58	
264.514	20.44	20.44
264.521	19.7363	
264.528	18.0213	
264.535	17.4413	17.4413
264.542	20.1638	
264.549	21.7788	
264.556	19.6925	19.6925
264.563	20.155	
264.569	22.115	
264.576	22.3963	22.3963
264.583	19.9125	
264.59	20.935	
264.597	17.72	17.72
264.604	21.8425	
264.611	19.9088	
264.618	21.2088	21.2088
264.625	17.92	
264.632	18.2138	
264.639	18.3925	18.3925
264.646	17.8763	
264.653	19.3013	
264.66	17.4713	17.4713
264.667	17.37	
264.674	17.4113	
264.681	17.4675	17.4675
264.688	17.5038	
264.694	17.4813	
264.701	18.79	18.79
264.708	17.5063	
264.715	16.2988	
264.722	16.24	16.24
264.729	16.07	
264.736	15.66	
264.743	14.4363	14.4363
264.75	13.7163	
264.757	12.95	
264.764	11.9838	11.9838
264.771	11.6575	
264.778	10.7238	
264.785	10.1388	10.1388
264.792	9.6275	
264.799	9.07375	
264.806	8.6875	8.6875
264.813	8.465	
264.819	8.05625	
264.826	7.84	7.84
264.833	7.6125	
264.84	7.3605	
264.847	7.14375	7.14375
264.854	7.01838	
264.861	6.897	
264.868	6.73425	6.73425
264.875	6.58588	
264.882	6.4415	
264.889	6.27825	6.27825
264.896	6.28275	
264.903	6.23913	
264.91	6.18538	6.18538
264.917	6.45763	
264.924	7.10338	
264.931	7.93625	7.93625
264.938	8.58625	
264.944	8.8775	
264.951	9.23625	9.23625
264.958	9.56375	
264.965	9.75375	
264.972	9.92875	9.92875
264.979	9.955	
264.986	10.0788	
264.993	10.1813	10.1813
265	10.2138	
265.007	10.3238	
265.014	10.5138	10.5138
265.021	10.1163	
265.028	9.04875	
265.035	8.485	8.485
265.042	8.14875	
265.049	8.09375	
265.056	8.18875	8.18875
265.063	8.32625	
265.069	9.05875	
265.076	9.42	9.42
265.083	9.5075	
265.09	9.7875	
265.097	10.07	10.07
265.104	10.1862	
265.111	10.3025	
265.118	10.2975	10.2975
265.125	10.2775	
265.132	10.28	
265.139	10.3338	10.3338
265.146	10.2213	
265.153	10.2025	
265.16	10.185	10.185
265.167	10.2413	
265.174	10.2738	
265.181	10.2588	10.2588
265.188	10.2338	
265.194	10.26	
265.201	10.3163	10.3163
265.208	10.3588	
265.215	10.3425	
265.222	10.3838	10.3838
265.229	10.5238	
265.236	10.555	
265.243	10.655	10.655
265.25	10.535	
265.257	10.3625	
265.264	10.2425	10.2425
265.271	10.485	
265.278	10.4825	
265.285	10.6663	10.6663
265.292	10.6488	
265.299	10.4175	
265.306	10.0738	10.0738
265.313	9.86	
265.319	10.0775	
265.326	10.4075	10.4075
265.333	11.2875	
265.34	11.8175	
265.347	11.78	11.78
265.354	13.3613	
265.361	13.1438	
265.368	13.8538	13.8538
265.375	14.0975	
265.382	14.23	
265.389	15.25	15.25
265.396	15.6738	
265.403	16.8813	
265.41	17.2513	17.2513
265.417	18.055	
265.424	19.08	
265.431	20.5663	20.5663
265.438	17.8963	
265.444	19.6288	
265.451	18.0425	18.0425
265.458	15.3113	
265.465	15.4538	
265.472	16.0038	16.0038
265.479	19.0525	
265.486	16.6963	
265.493	16.4763	16.4763
265.5	17.5675	
265.507	16.525	
265.514	18.0175	18.0175
265.521	18.6813	
265.528	18.16	
265.535	17.5538	17.5538
265.542	21.8163	
265.549	22.4125	
265.556	17.3913	17.3913
265.563	18.5038	
265.569	19.7925	
265.576	18.2413	18.2413
265.583	21.585	
265.59	19.135	
265.597	17.7813	17.7813
265.604	16.815	
265.611	18.3513	
265.618	16.8113	16.8113
265.625	17.1875	
265.632	16.6088	
265.639	16.175	16.175
265.646	18.2188	
265.653	18.16	
265.66	19.6575	19.6575
265.667	16.1238	
265.674	13.6275	
265.681	11.8738	11.8738
265.688	11.9125	
265.694	12.7738	
265.701	13.3213	13.3213
265.708	13.1738	
265.715	13.275	
265.722	13.2463	13.2463
265.729	12.7113	
265.736	12.2263	
265.743	12.8438	12.8438
265.75	13.785	
265.757	13.79	
265.764	13.0688	13.0688
265.771	11.9088	
265.778	11.0113	
265.785	10.56	10.56
265.792	10.58	
265.799	9.93	
265.806	9.8075	9.8075
265.813	9.465	
265.819	9.33625	
265.826	9.2275	9.2275
265.833	9.00125	
265.84	8.75375	
265.847	8.4475	8.4475
265.854	8.25	
265.861	7.8825	
265.868	8.1225	8.1225
265.875	8.18	
265.882	7.85875	
265.889	7.50113	7.50113
265.896	7.189	
265.903	7.463	
265.91	7.44913	7.44913
265.917	7.38363	
265.924	7.64825	
265.931	7.53088	7.53088
265.938	7.57125	
265.944	7.86625	
265.951	8.08125	8.08125
265.958	8.1325	
265.965	8.2125	
265.972	8.21375	8.21375
265.979	7.99875	
265.986	8.24875	
265.993	8.48375	8.48375
266	8.385	
266.007	8.3725	
266.014	8.25125	8.25125
266.021	8.08375	
266.028	7.7875	
266.035	7.95625	7.95625
266.042	8.41875	
266.049	8.56375	
266.056	8.555	8.555
266.063	8.43625	
266.069	8.5875	
266.076	8.3475	8.3475
266.083	8.49375	
266.09	8.2125	
266.097	8.13625	8.13625
266.104	8.16375	
266.111	8.10875	
266.118	8.08875	8.08875
266.125	7.94375	
266.132	8.1325	
266.139	8.1475	8.1475
266.146	7.74125	
266.153	7.80875	
266.16	7.83125	7.83125
266.167	7.7	
266.174	7.79125	
266.181	7.6725	7.6725
266.188	7.30138	
266.194	7.00638	
266.201	6.81788	6.81788
266.208	6.965	
266.215	6.90938	
266.222	6.954	6.954
266.229	6.73413	
266.236	6.9355	
266.243	6.9265	6.9265
266.25	6.92388	
266.257	7.179	
266.264	7.1395	7.1395
266.271	7.22325	
266.278	6.76825	
266.285	6.74988	6.74988
266.292	7.07025	
266.299	7.64875	
266.306	8.0025	8.0025
266.313	8.08875	
266.319	8.58125	
266.326	9.05875	9.05875
266.333	9.5	
266.34	10.0013	
266.347	10.5125	10.5125
266.354	11.075	
266.361	11.8275	
266.368	12.3625	12.3625
266.375	12.9338	
266.382	14.385	
266.389	15.26	15.26
266.396	16.2775	
266.403	16.8963	
266.41	17.17	17.17
266.417	17.7413	
266.424	18.0763	
266.431	17.8388	17.8388
266.438	18.6963	
266.444	17.9425	
266.451	16.6688	16.6688
266.458	16.6038	
266.465	19.3538	
266.472	19.4688	19.4688
266.479	21.8588	
266.486	18.7175	
266.493	19.3475	19.3475
266.5	19.6788	
266.507	21.9688	
266.514	22.0838	22.0838
266.521	19.2375	
266.528	17.4188	
266.535	22.835	22.835
266.542	21.8038	
266.556	22.2538	
266.563	22.5663	22.5663
266.569	22.2825	
