  2.9667133e+002
  2.9675119e+002
  2.9714122e+002
  2.9944993e+002
  3.0145389e+002
  3.0305354e+002
  2.9433387e+002
  2.9390296e+002
  2.9496559e+002
  2.8976974e+002
  2.8690339e+002
  2.9551416e+002
  2.9611562e+002
  2.8363017e+002
  3.0121921e+002
  3.0082130e+002
  3.0241843e+002
  2.9016827e+002
  2.5557323e+002
  2.8496938e+002
  3.0152484e+002
  2.7947976e+002
  2.6949397e+002
  2.9195786e+002
  2.9808994e+002
  2.9902101e+002
  2.9704008e+002
  2.9750469e+002
  2.9923165e+002
  2.9988397e+002
  2.8537955e+002
  2.9917406e+002
  3.0037769e+002
  2.9963792e+002
  2.9590571e+002
  3.0214546e+002
  3.0081131e+002
  3.0101270e+002
  3.0286818e+002
  3.0358662e+002
  3.0242204e+002
  2.8004901e+002
  2.8474572e+002
  2.7137595e+002
  2.4660143e+002
  2.4139278e+002
  2.5264640e+002
  2.5261735e+002
  2.5736938e+002
  2.5633899e+002
  2.7899144e+002
  2.6142334e+002
  2.6290187e+002
  2.6260395e+002
  2.6728222e+002
  2.6806224e+002
  2.7124982e+002
  2.7342172e+002
  2.7477697e+002
  2.7640483e+002
  2.7908759e+002
  2.7835791e+002
  2.7958535e+002
  2.7843075e+002
  2.7721306e+002
  2.7915477e+002
  2.7816543e+002
  2.7828767e+002
  2.7463754e+002
  2.7406826e+002
  2.7187807e+002
  2.7107008e+002
  2.6850262e+002
  2.6687998e+002
  2.6586226e+002
  2.6429056e+002
  2.6358505e+002
  2.6327086e+002
  2.6293044e+002
  2.6378293e+002
  2.6469005e+002
  2.6489451e+002
  2.6496765e+002
  2.6449101e+002
  2.6455694e+002
  2.6410157e+002
  2.6325019e+002
  2.6365778e+002
  2.6416436e+002
  2.6530133e+002
  2.6562011e+002
  2.6499321e+002
  2.6613892e+002
  2.6768139e+002
  2.7445222e+002
  2.7914649e+002
  2.8439828e+002
  2.8873995e+002
  2.9495207e+002
  2.9698575e+002
  2.9871823e+002
  2.9541069e+002
  3.0539614e+002
  3.1140577e+002
  3.1014988e+002
  3.0610969e+002
  3.0594764e+002
  3.0687000e+002
  3.1005224e+002
  3.1118702e+002
  3.1468032e+002
  3.1423172e+002
  3.1174018e+002
  3.0948071e+002
  3.0990688e+002
  3.1024428e+002
  3.0951772e+002
  3.0981238e+002
  3.0923426e+002
  3.1315570e+002
  3.0365826e+002
  2.9585712e+002
  2.9551274e+002
  2.9505557e+002
  3.0485149e+002
  2.9969175e+002
  2.9841364e+002
  2.9836501e+002
  3.0024979e+002
  3.0508207e+002
  3.0826321e+002
  2.8943046e+002
  2.8612632e+002
  2.8558045e+002
  2.8587094e+002
  2.8565956e+002
  2.8597179e+002
  2.8256003e+002
  2.8086785e+002
  2.8004037e+002
  2.8110906e+002
  2.8271044e+002
  2.8655642e+002
  2.9218182e+002
  2.9767517e+002
  3.1484137e+002
  3.1939768e+002
  3.2736551e+002
  3.4359555e+002
  3.3442111e+002
  3.3571601e+002
  3.2795727e+002
  3.1407155e+002
  3.2504202e+002
  3.1775378e+002
  3.3266708e+002
  3.0976716e+002
  3.3291908e+002
  3.3534547e+002
  2.9919165e+002
  2.9323926e+002
  2.9701921e+002
  2.9631524e+002
  2.9717417e+002
  2.8557038e+002
  2.8217141e+002
  2.7674867e+002
  2.7306791e+002
  2.7427409e+002
  2.8669952e+002
  2.9896109e+002
  2.9379247e+002
  2.8950997e+002
  2.7410356e+002
  2.8192140e+002
  3.1093651e+002
  3.0141730e+002
  2.6659377e+002
  2.6567561e+002
  2.6584288e+002
  2.6166460e+002
  2.6554375e+002
  2.7842725e+002
  2.9899594e+002
  3.1428186e+002
  3.1581891e+002
  3.1231724e+002
  3.1205375e+002
  3.0756654e+002
  3.1205557e+002
  3.1440271e+002
  3.0843660e+002
  2.9515276e+002
  2.8483635e+002
  2.6970047e+002
  2.7372063e+002
  2.9185531e+002
  2.8252054e+002
  3.1242036e+002
  3.1640984e+002
  3.2059135e+002
  3.1292302e+002
  3.1713678e+002
  3.2378148e+002
  3.1627649e+002
  3.1562868e+002
  3.1233719e+002
  3.1000487e+002
  2.9846402e+002
  3.0746167e+002
  3.0753430e+002
  2.9984195e+002
  2.8309079e+002
  2.8103032e+002
