  4.9579348e+002
  4.6287909e+002
  4.9830201e+002
  4.6360130e+002
  5.0228497e+002
  4.4590427e+002
  4.3751773e+002
  4.5091290e+002
  4.6021949e+002
  5.0564976e+002
  4.1207069e+002
  4.7707371e+002
  5.0075821e+002
  4.7595375e+002
  4.8808672e+002
  4.8539933e+002
  4.7395332e+002
  4.7294247e+002
  4.6135729e+002
  4.6875431e+002
  4.3995097e+002
  4.9845137e+002
  4.8461328e+002
  4.1943795e+002
  4.5362801e+002
  4.6369524e+002
  4.3739431e+002
  4.2950489e+002
  4.4271463e+002
  4.1781829e+002
  3.3739351e+002
  3.1472397e+002
  4.8679797e+002
  4.3906351e+002
  3.9704153e+002
  4.5429220e+002
  4.7875578e+002
  4.8690690e+002
  4.3396711e+002
  4.2434993e+002
  4.6827381e+002
  4.6160008e+002
  4.8144555e+002
  4.9219225e+002
  4.8143977e+002
  5.0403304e+002
  4.3993184e+002
  4.8938791e+002
  4.9772024e+002
  5.0577772e+002
  5.0044957e+002
  5.3549228e+002
  5.0845886e+002
  4.6611442e+002
  4.9528939e+002
  4.8566585e+002
  5.0392960e+002
  5.0299744e+002
  5.0028645e+002
  4.8776759e+002
  4.8439516e+002
  5.0116732e+002
  5.0467725e+002
  5.0715375e+002
  4.9142731e+002
  4.8088155e+002
  4.9542998e+002
  4.6200734e+002
  4.8379798e+002
  4.8933669e+002
  4.6868809e+002
  4.7284584e+002
  4.9013736e+002
  4.7519872e+002
  4.8166270e+002
  4.9021538e+002
  4.7054212e+002
  4.6314399e+002
  4.9100458e+002
  4.7084250e+002
  4.8680473e+002
  4.7326692e+002
  4.8532730e+002
  4.7299198e+002
  4.6249834e+002
  4.6509950e+002
  3.6410658e+002
  4.0920093e+002
  4.5225209e+002
  4.2248021e+002
  4.7444325e+002
  4.5573938e+002
  4.2928243e+002
  4.5535868e+002
  4.3903261e+002
  4.6676947e+002
  4.4407523e+002
  4.5070947e+002
  4.3984412e+002
  4.3627878e+002
  4.3514466e+002
  4.1643817e+002
  4.0576296e+002
  4.3512203e+002
  3.9838743e+002
  4.2945622e+002
  4.5101323e+002
  4.2206982e+002
  4.1203170e+002
  4.3861561e+002
  4.2389557e+002
  4.2266153e+002
  4.4055815e+002
  4.1191332e+002
  3.9947701e+002
  4.1273805e+002
  4.1912214e+002
  3.2594228e+002
  3.9669281e+002
  3.7061406e+002
  4.1285390e+002
  4.0035623e+002
  4.1444002e+002
  3.8186590e+002
  4.1905811e+002
  4.1249524e+002
  4.0860845e+002
  3.4954062e+002
  4.0180673e+002
  4.1675140e+002
  3.9694965e+002
  4.2307869e+002
  4.1088907e+002
  3.7041537e+002
  4.0019320e+002
  3.9988314e+002
  4.1540483e+002
  3.8034885e+002
  4.0155030e+002
  3.9371178e+002
  3.8749257e+002
  3.6492929e+002
  3.9038316e+002
  3.7845059e+002
  3.9077821e+002
  3.8498983e+002
  3.7740863e+002
  3.8966051e+002
  3.6713199e+002
  3.8861014e+002
  3.7951152e+002
  3.7609407e+002
  3.8522278e+002
  3.7096836e+002
  3.7769550e+002
  3.8235767e+002
  3.7299482e+002
  3.5659111e+002
  3.7013209e+002
  3.4765270e+002
  3.4485891e+002
  3.7496820e+002
  3.4992294e+002
  3.5723175e+002
  3.5047586e+002
  3.5684085e+002
  3.3565549e+002
  3.5257997e+002
  3.4683071e+002
  3.3552220e+002
  3.3828858e+002
  3.2333645e+002
  3.4063325e+002
  3.4153431e+002
  3.4135802e+002
  3.3383701e+002
  3.2652638e+002
  3.3791243e+002
  3.2802725e+002
  3.2552468e+002
  3.3528161e+002
  3.3170975e+002
  3.3454109e+002
  3.3804306e+002
  3.3611116e+002
  3.3333747e+002
  3.1854857e+002
  3.2912257e+002
  3.2019986e+002
  2.7331645e+002
  2.8271591e+002
  3.0719967e+002
  2.9864867e+002
  3.0358696e+002
  3.0307150e+002
  2.9387897e+002
  3.0641537e+002
  3.0692544e+002
  3.0453390e+002
  3.0096771e+002
  3.0554640e+002
  3.0561894e+002
  2.9869793e+002
  3.0544999e+002
  3.0961932e+002
  3.1019756e+002
  3.0544981e+002
  3.0580055e+002
  3.0243581e+002
  2.9982294e+002
  2.9560135e+002
  2.9911107e+002
  2.9420951e+002
  2.9749225e+002
  2.8479725e+002
  2.9587533e+002
  2.8110103e+002
  2.8240505e+002
  2.9050460e+002
  2.8694518e+002
  2.9225934e+002
  2.9409982e+002
  2.8254519e+002
  2.8082293e+002
  2.8410200e+002
  2.7511839e+002
  2.7432804e+002
  2.7930120e+002
  2.6519648e+002
  2.7365460e+002
  2.6614196e+002
  2.7635499e+002
  2.6261025e+002
  2.7588499e+002
  2.6909353e+002
  2.7346237e+002
  2.6792886e+002
  2.7342214e+002
  2.7535610e+002
  2.7542238e+002
  2.6488768e+002
  2.6589928e+002
  2.6529287e+002
  2.6870423e+002
  2.6715389e+002
  2.6536868e+002
  2.5575602e+002
  2.5414429e+002
  2.4786928e+002
  2.4902809e+002
  2.4206971e+002
  2.6048933e+002
  2.4432517e+002
  2.5510749e+002
  2.5604310e+002
  2.4367521e+002
  2.1050967e+002
  2.2061481e+002
  2.4800578e+002
  2.4940811e+002
  2.4997037e+002
  2.5268228e+002
  2.5633602e+002
  2.5390793e+002
  2.4981063e+002
  2.5171749e+002
  2.5251009e+002
  2.4939226e+002
  2.4890934e+002
  2.5213685e+002
  2.4886043e+002
  2.4734234e+002
  2.4211341e+002
  2.4634919e+002
  2.4546460e+002
  2.4273615e+002
  2.4490344e+002
  2.4115401e+002
  2.4400362e+002
  2.4117023e+002
  2.3981342e+002
  2.3851613e+002
  2.3855468e+002
  2.3764292e+002
  2.3148074e+002
  2.3517548e+002
  2.2999473e+002
  1.6970776e+002
  1.8958629e+002
  1.9449072e+002
  1.9700223e+002
  2.0860129e+002
  2.0954713e+002
  2.0123969e+002
  1.9414394e+002
  2.0234837e+002
  2.0288172e+002
  2.2089213e+002
  2.1336014e+002
  2.0644925e+002
  2.0454245e+002
  1.9748491e+002
  2.0100129e+002
  2.0203089e+002
  2.0775290e+002
  2.0885451e+002
  2.1093663e+002
  2.1021544e+002
  2.1263548e+002
  2.1046073e+002
  2.1210794e+002
  2.1204001e+002
  2.1068692e+002
  2.1020426e+002
  2.1079006e+002
  2.0188313e+002
  2.0298252e+002
  1.5864797e+002
  1.4457640e+002
  1.2901672e+002
  1.3336459e+002
  1.5884085e+002
  1.9102612e+002
  1.7016301e+002
  1.5166930e+002
  1.4800456e+002
  1.5643647e+002
  1.6062125e+002
  1.4769457e+002
  1.5576926e+002
  1.6619935e+002
  1.5413678e+002
  1.7531608e+002
  1.8662522e+002
  1.9523000e+002
  1.8948575e+002
  1.8909422e+002
  1.9027773e+002
  1.9785464e+002
  1.9178487e+002
  1.9867638e+002
  1.9892283e+002
  2.0008435e+002
  2.0430359e+002
  2.0610820e+002
  2.0457520e+002
  2.0551328e+002
  2.0770825e+002
  2.0532306e+002
  2.0555161e+002
  2.0221769e+002
  2.0004043e+002
  2.0501100e+002
  1.9944394e+002
  2.0385730e+002
  2.0197923e+002
  1.9966986e+002
  2.0042274e+002
  2.0022640e+002
  1.9406106e+002
  5.0423569e+001
  3.2519929e+001
  1.1567951e+002
  6.3780830e+001
  9.0491076e+001
  1.1183726e+002
  1.3141821e+002
  1.5397070e+002
  1.7899468e+002
  1.8078238e+002
  1.8486924e+002
  1.8797225e+002
  1.8566493e+002
  1.8660667e+002
  1.8690551e+002
  1.8296106e+002
  1.8669151e+002
  1.8589203e+002
  1.8156303e+002
  1.8421024e+002
  1.8174737e+002
  1.8151144e+002
  1.8328326e+002
  1.7975254e+002
  1.7884106e+002
  1.7850473e+002
  1.7777454e+002
  1.7262113e+002
  1.6902119e+002
  1.6756650e+002
  1.6048646e+002
  1.6450612e+002
  1.6243920e+002
  1.5919251e+002
  1.6698645e+002
  1.6336176e+002
  1.5585407e+002
  1.5827089e+002
  1.6492653e+002
  1.6144082e+002
  1.5333675e+002
  1.5640069e+002
  1.5556898e+002
  1.5154665e+002
  1.5471674e+002
  1.5247221e+002
  1.5891104e+002
  1.5688714e+002
  1.5641220e+002
  1.5152336e+002
  1.4509156e+002
  1.4568901e+002
  1.3753983e+002
  1.3401224e+002
  1.1129249e+002
  1.1014541e+002
  1.0139145e+002
  1.0478628e+002
  1.0032910e+002
  1.1420236e+002
  1.0438738e+002
  1.3459927e+002
  1.2448053e+002
  7.4257018e+001
  1.1966021e+002
  1.2751453e+002
  1.2123710e+002
  1.2973682e+002
  1.0008878e+002
  1.2140938e+002
  1.1844083e+002
  1.1709749e+002
  1.1156390e+002
  1.2575261e+002
  1.1617467e+002
  1.3302414e+002
  1.2425345e+002
  1.3569117e+002
  1.3114294e+002
  1.3179148e+002
  1.3522237e+002
  1.3288230e+002
  1.3552592e+002
  1.3614434e+002
  1.3195749e+002
  1.3594263e+002
  1.3803432e+002
  1.3590953e+002
  1.3585131e+002
  1.3601684e+002
  1.1915258e+002
  1.3274665e+002
  1.3051339e+002
  1.3196815e+002
  1.0682584e+002
  1.1826134e+002
  1.2922665e+002
  1.3241231e+002
  1.3129290e+002
  1.3144422e+002
  1.2922257e+002
  1.2946819e+002
  1.2983128e+002
  1.3109009e+002
  1.3065770e+002
  1.2763039e+002
  1.1074825e+002
  1.1720685e+002
  1.2549315e+002
  1.2465854e+002
  1.2700480e+002
  1.2636263e+002
  1.2514193e+002
  1.2527016e+002
  1.2311757e+002
  1.2148757e+002
  1.2317965e+002
  1.2282939e+002
  1.2146033e+002
  1.2189401e+002
  1.2092043e+002
  1.1427851e+002
  1.2107907e+002
  1.1904781e+002
  1.1897355e+002
  1.1955124e+002
  1.1548650e+002
  1.1348346e+002
  1.1489318e+002
  1.1825474e+002
  1.1407923e+002
  1.1449685e+002
  1.1189340e+002
  1.0264212e+002
  1.0201250e+002
  9.0694807e+001
  8.6043253e+001
  7.0005999e+001
  7.7037042e+001
  5.1831785e+001
  7.9749405e+001
  5.9270746e+001
  7.3029031e+001
  6.7217186e+001
  9.4739116e+001
  9.2765019e+001
  8.3719335e+001
  6.7515288e+001
  6.4060132e+001
  7.1905987e+001
  6.1400645e+001
  7.0427268e+001
  7.0451946e+001
  6.1207295e+001
  6.2091592e+001
  6.4714009e+001
  5.7958640e+001
  7.3295885e+001
  5.4805250e+001
  7.5455476e+001
  7.8473038e+001
  8.1995264e+001
  7.0549195e+001
  7.8624788e+001
  7.0607635e+001
  6.8613276e+001
  6.9164816e+001
  7.8622444e+001
  5.2109017e+001
  4.9267295e+001
  3.5006878e+001
  3.0163590e+001
  2.0614388e+001
  1.4679966e+001
  6.6664472e+000
  1.8407646e+001
  8.2184564e+000
  1.0930331e+001
  1.1237731e+001
  3.0097306e+001
  3.8255752e+001
  2.5767480e+001
  2.9353573e+001
  1.8629132e+001
  2.1003320e+001
  2.6839043e+001
  1.2706699e+001
  2.6226118e+001
  2.0126594e+001
  3.8145014e+001
  6.8624068e+000
  4.3183443e+001
  1.6344901e+001
  2.3719648e+001
  3.3560860e+001
  2.7104415e+001
  2.6978820e+001
  2.1277766e+001
  3.9817159e+001
  2.9607107e+001
  3.2519194e+001
  3.6680561e+001
  3.5924410e+001
  4.2935743e+001
  3.7742887e+001
  4.3579792e+001
  4.1214791e+001
  4.3424466e+001
  6.3321966e+001
  6.5190197e+001
  6.1194360e+001
  7.2392715e+001
  6.7254342e+001
  5.5305443e+001
  5.2856660e+001
  5.4879710e+001
  5.0745401e+001
  6.0280881e+001
  5.8151909e+001
  5.9933993e+001
  5.6206133e+001
  7.1191636e+001
  6.7409367e+001
  6.3723138e+001
  7.6141414e+001
  6.5378884e+001
  7.6447394e+001
  7.4889714e+001
  7.4445242e+001
  7.7087800e+001
  7.3955373e+001
  7.7671273e+001
  7.8126316e+001
  7.4425102e+001
  7.7911283e+001
  7.7829027e+001
  7.7287233e+001
  7.7543366e+001
  7.7257661e+001
  7.6745747e+001
  7.4890594e+001
  7.6700913e+001
  7.3284461e+001
  7.4990147e+001
  7.3631610e+001
  6.9956336e+001
  7.2673722e+001
  7.4328669e+001
  7.3747218e+001
  7.2670271e+001
  7.2263230e+001
  7.3903244e+001
  7.3041632e+001
  7.3249532e+001
  7.3621720e+001
  7.2001700e+001
  7.2336690e+001
  7.1439757e+001
  7.2535709e+001
  6.8981774e+001
  7.1339557e+001
  7.1254728e+001
  6.9871921e+001
  7.0939135e+001
  6.9127212e+001
  7.0860384e+001
  7.0388060e+001
  7.0115172e+001
  6.9976192e+001
  6.8467559e+001
  6.9869159e+001
  6.9308791e+001
  6.9325558e+001
  6.7709316e+001
  6.8726295e+001
  6.7591840e+001
  6.8417937e+001
  6.6819140e+001
  6.7594251e+001
  6.7685352e+001
  6.6921199e+001
  6.7032041e+001
  6.7130473e+001
  6.5901352e+001
  6.6487271e+001
  6.6108455e+001
  6.4099435e+001
  6.5177102e+001
  6.5728530e+001
  6.5202488e+001
  6.4710403e+001
  6.4600305e+001
  6.4029437e+001
  6.4052712e+001
  6.3129201e+001
  6.3466053e+001
  6.3124954e+001
  6.2849140e+001
  6.2160007e+001
  5.9820158e+001
  6.1740017e+001
  5.9478560e+001
  6.0832148e+001
  5.9559501e+001
  6.0382246e+001
  5.9764685e+001
  5.8127221e+001
  5.9275544e+001
  5.8815619e+001
  5.4306515e+001
  5.7066892e+001
  5.8532254e+001
  5.7729318e+001
  5.6203557e+001
  5.8964839e+001
  5.3878137e+001
  5.7883370e+001
  5.5662547e+001
  5.6226260e+001
  5.5873001e+001
  5.4447750e+001
  5.1656296e+001
  5.4734748e+001
  5.3907657e+001
  5.1297894e+001
  5.3267720e+001
  4.9110842e+001
  4.8935186e+001
  5.3589307e+001
  5.0125446e+001
  4.7927883e+001
  5.2446095e+001
  5.2868982e+001
  4.2092260e+001
  4.5114056e+001
  4.2841152e+001
  4.0722849e+001
  5.0349148e+001
  3.9518568e+001
  4.0523015e+001
  3.7601649e+001
  3.8859061e+001
  3.4413607e+001
  3.4805150e+001
  3.3835276e+001
  3.9871047e+001
  2.4944627e+001
  3.6431772e+001
  2.8905401e+001
  2.8498912e+001
  3.4254248e+001
  1.9453902e+001
  2.9225943e+001
  1.5405897e+001
  1.9050315e+001
  1.3761188e+001
  1.0365281e+001
  3.1568110e+000
  1.1655850e+001
  4.9016513e+000
  5.3842726e+000
  8.3427590e+000
  2.5498045e+000
  5.3609129e+000
  4.3650050e+000
  5.4726925e+000
  1.4377898e+000
  6.9177478e+000
  3.3215103e+000
  3.7395133e+000
  2.0465526e+000
  1.4551626e+001
  1.2203751e+001
  5.7200633e+000
  1.1693186e+000
  5.4164604e-001
  5.0588238e+000
  1.4804866e+001
  9.0756164e+000
  1.7139809e+001
  1.1782212e+001
  1.0073697e+001
  1.1630898e+001
  1.6146774e+001
  5.5673872e+000
  5.5996961e+000
  6.9603130e+000
  1.6042007e+000
  1.4069458e+001
  1.1192769e+001
  5.5345091e+000
  8.6813714e+000
  1.2704409e+001
  1.2788738e+001
  5.5494282e+000
  1.6694148e+001
  1.3851739e+001
  1.8860616e+001
  1.7283555e+001
  2.0601563e+001
  1.5066484e+001
  2.1684904e+001
  2.2449710e+001
  3.1459707e+001
  2.5224014e+001
  2.3928156e+001
  2.4931470e+001
  2.6669945e+001
  2.7046666e+001
  2.9294647e+001
  3.2756929e+001
  3.0241335e+001
  3.2615852e+001
  3.2213016e+001
  2.0578865e+001
  3.2222757e+001
  3.3957341e+001
  3.3149189e+001
  2.2800711e+001
  3.6450369e+001
  2.9794612e+001
  2.9893904e+001
  2.0587538e+001
  3.0162914e+001
  2.8247360e+001
  2.6529680e+001
  3.4064938e+001
  3.0802335e+001
  1.9733229e+001
  2.9237598e+001
  3.2642262e+001
  2.9269753e+001
  3.3460945e+001
  3.0362284e+001
  3.3168074e+001
  2.9971599e+001
  2.7986736e+001
  3.3975810e+001
  2.9424622e+001
  2.2613722e+001
  3.0345637e+001
  2.8900638e+001
  2.9796375e+001
  2.9489154e+001
  2.2782142e+001
  3.0760890e+001
  3.4071329e+001
  2.8183147e+001
  2.9616764e+001
  2.8385535e+001
  3.1327963e+001
  2.8971290e+001
  2.7592787e+001
  3.2701201e+001
  2.7982656e+001
  2.8725755e+001
  3.1757855e+001
  3.1325155e+001
  3.2351840e+001
  3.0327612e+001
  3.1785359e+001
  3.2638225e+001
  3.1759918e+001
  3.0877650e+001
  3.0156039e+001
  3.1783587e+001
  3.3227059e+001
  2.8981056e+001
  3.2791152e+001
  3.2796431e+001
  3.1679062e+001
  3.3423781e+001
  3.2964989e+001
  3.0750281e+001
  3.3387142e+001
  3.2616798e+001
  3.3284770e+001
  3.2387362e+001
  3.3060072e+001
  3.2596058e+001
  3.2527083e+001
  3.2159541e+001
  3.2438028e+001
  3.2154214e+001
  3.1509844e+001
  3.2178590e+001
  3.1820514e+001
  3.1534379e+001
  3.1463072e+001
  3.1573268e+001
  3.1219255e+001
  3.0713655e+001
  3.0751057e+001
  3.0193354e+001
  2.9760572e+001
  3.0144309e+001
  2.9341512e+001
  2.8719958e+001
  2.9321800e+001
  2.7764456e+001
  2.7892650e+001
  2.6698294e+001
  2.5361761e+001
  2.5703960e+001
  2.3316630e+001
  2.5046485e+001
  2.4670467e+001
  2.4212457e+001
  2.3610059e+001
  1.5980869e+001
  2.4476862e+001
  2.5519383e+001
  2.5881979e+001
  2.5782648e+001
  2.5952725e+001
  2.6261507e+001
  2.6868610e+001
  2.6610976e+001
  2.7480808e+001
  2.6856691e+001
  2.6523182e+001
  2.6291204e+001
  2.3931202e+001
  2.6007463e+001
  2.7162496e+001
  2.6898006e+001
  2.7706040e+001
  2.6860152e+001
  2.5708731e+001
  2.5007941e+001
  2.6310672e+001
  2.7478752e+001
  2.4125779e+001
  2.5847534e+001
  2.5604904e+001
  2.5179416e+001
  2.2708091e+001
  2.1152354e+001
  2.3469539e+001
  2.6298378e+001
  2.1600847e+001
  2.0443030e+001
  2.4178417e+001
  2.1319936e+001
  1.5524013e+001
  2.3314857e+001
  2.3737123e+001
  1.4897707e+001
  2.0377714e+001
  2.1806108e+001
  1.5030586e+001
  1.8340478e+001
  1.9414951e+001
  1.5875801e+001
  1.3748090e+001
  1.3058935e+001
  1.8150451e+001
  1.5490992e+001
  1.8586512e+001
  1.1792650e+001
  1.2158482e+001
  1.6351421e+001
  1.6225139e+001
  9.4920763e+000
  1.1348960e+001
  1.7281475e+001
  1.3677470e+001
  1.2195611e+001
  1.0977277e+001
  6.9566397e+000
  1.0115215e+001
  4.3907843e+000
  4.9576736e+000
  8.3129355e+000
  7.0253765e+000
  9.0776253e+000
  6.3015355e+000
  8.0157206e+000
  6.3927837e+000
  7.1942931e+000
  6.2219164e+000
  6.3941546e+000
  7.3728354e+000
  4.9738357e+000
  2.2037956e+000
  3.0964753e+000
  1.0988329e+000
  9.9879781e-001
  1.4097794e-002
  1.1631409e-001
  2.3199961e-001
  1.3391102e-002
  6.9730610e-003
  1.2089402e-008
  1.2368968e-008
  1.2654370e-008
  1.2955212e-008
  1.3263329e-008
  1.3544047e-008
  1.3863345e-008
  1.4189145e-008
  1.4525454e-008
  1.4866887e-008
  1.5188423e-008
  1.5544005e-008
  1.5910766e-008
  1.6285537e-008
  1.6672019e-008
  1.7026658e-008
  1.7427712e-008
  1.7839149e-008
  1.8222066e-008
  1.8650865e-008
  1.9091564e-008
  1.9515137e-008
  1.9923346e-008
  2.0399462e-008
  2.0867946e-008
  4.3172229e-003
  2.1770072e-008
  2.2288753e-008
  2.2801907e-008
  2.3291643e-008
  2.3787134e-008
  2.4348498e-008
  2.4919940e-008
  2.5450414e-008
  2.6015070e-008
  2.6551825e-008
  1.0668795e-003
  1.0754490e-003
  1.0460266e-003
  2.9021497e-008
  2.9647473e-008
  3.0290183e-008
  3.0978911e-008
  3.1708939e-008
  3.2387273e-008
  3.5593523e-003
  1.2118777e-003
  3.4501046e-008
  3.5237869e-008
  4.3715421e-003
  7.3150172e-003
  1.2830655e-003
  3.8507751e-008
  2.6478814e-003
  4.0156097e-008
  3.4195353e-003
  1.6795363e-003
  4.2818014e-008
  5.2155772e-003
  1.7962499e-002
  1.7482470e-001
  4.6573285e-008
  4.7563171e-008
  3.1369199e-001
  4.6877970e-002
  6.5189318e-002
  5.1735351e-008
  3.6979385e-002
  8.5546999e-002
  5.8898154e-001
  2.4434933e-002
  1.3682485e-001
  4.3553769e-001
  3.1760346e-001
  8.1222415e-001
  3.1839363e-002
  5.8973109e-001
  1.2191398e+000
  1.0447423e+000
  1.7790041e-002
  8.8291620e-001
  1.1090211e-001
  2.6849146e-001
  7.3768897e-001
  3.8310965e-001
  2.2868937e-001
  7.1314272e-001
  9.6387409e-001
  3.3490205e-001
  3.3511691e-001
  6.8649084e-001
  1.0913205e+000
  8.4337119e-001
  1.8401216e-001
  5.5641681e-001
  2.9820814e+000
  1.8918144e+000
  3.0374512e-001
  9.0428307e-002
  9.2020507e-001
  1.8346630e+000
  4.3142584e+000
  1.5608250e+000
  1.9471015e+000
  3.0666320e+000
  3.9539185e+000
  4.7978011e+000
  1.7726685e+000
  1.9865579e+000
  3.2933752e+000
  7.8797970e-001
  4.8488307e+000
  2.8936183e+000
  1.2470023e+000
  5.6993748e-001
  1.6792563e+000
  2.1817345e+000
  6.6195254e-001
  3.0500254e-001
  6.7275233e-001
  1.2153304e+000
  2.8574672e+000
  5.5344287e+000
  1.5652413e+000
  8.1011038e-001
  1.4518366e+000
  3.5754209e+000
  1.0471099e+000
  3.1373107e+000
  1.3264533e+000
  4.2492908e+000
  3.8994780e+000
  3.2119801e+000
  3.4538450e+000
  1.2303496e+000
  2.1359471e+000
  6.1440440e+000
  5.1661176e+000
  7.0963963e+000
  4.9704891e+000
  6.0194175e+000
  7.0644589e+000
  6.6890273e+000
  6.6806004e+000
  8.8316681e+000
  6.7698096e+000
  8.7226118e+000
  1.0328353e+001
  9.9292675e+000
  1.0462998e+001
  6.9713874e+000
  5.1685763e+000
  6.8809558e+000
  1.0978806e+001
  1.1355295e+001
  1.0469733e+001
  6.8974447e+000
  1.1852808e+001
  1.1147300e+001
  1.1317920e+001
  1.0564703e+001
  9.0909762e+000
  1.2019424e+001
  1.0807756e+001
  1.0303139e+001
  1.0603004e+001
  9.6048175e+000
  1.0872156e+001
  1.3064650e+001
  1.1324793e+001
  1.2593153e+001
  1.2662665e+001
  1.0946413e+001
  1.1440254e+001
  1.0979404e+001
  1.2864043e+001
  1.2142924e+001
  1.1142197e+001
  1.1609531e+001
  1.2975930e+001
  1.2737286e+001
  1.2374842e+001
  1.1829502e+001
  1.2366343e+001
  1.2275122e+001
  1.2560070e+001
  1.2287153e+001
  1.2249252e+001
  1.2345675e+001
  1.2133368e+001
  1.2376906e+001
  1.1958812e+001
  1.2814656e+001
  1.2502606e+001
  1.2585717e+001
  1.2227523e+001
  1.2581611e+001
  1.2443372e+001
  1.2267949e+001
  1.2216427e+001
  1.2553222e+001
  1.2049575e+001
  1.2299790e+001
  1.2111576e+001
  1.2491535e+001
  1.2391759e+001
  1.2306746e+001
  1.2076252e+001
  1.2359035e+001
  1.2297886e+001
  1.2043576e+001
  1.1841318e+001
  1.2210242e+001
  1.1850934e+001
  1.1881412e+001
  1.1544806e+001
  1.1478057e+001
  1.0762760e+001
  1.0256098e+001
  1.0438896e+001
  1.0152495e+001
  1.0733952e+001
  1.0409724e+001
  1.1238282e+001
  9.4541506e+000
  1.0422052e+001
  1.0551045e+001
  1.0849929e+001
  1.1101675e+001
  1.0671936e+001
  1.0867263e+001
  1.1143611e+001
  1.1500706e+001
  1.1310934e+001
  1.1085367e+001
  1.1086839e+001
  1.0183836e+001
  1.0754594e+001
  1.0611570e+001
  1.1019443e+001
  1.1492015e+001
  1.1220911e+001
  1.1459556e+001
  1.0650899e+001
  1.0921472e+001
  1.1240435e+001
  1.0620292e+001
  1.0430607e+001
  9.7432351e+000
  9.7293738e+000
  9.6925621e+000
  9.8291328e+000
  1.0301624e+001
  1.0549624e+001
  1.0149758e+001
  9.8131769e+000
  9.6114979e+000
  9.3084010e+000
  9.5890103e+000
  9.8739996e+000
  1.0216452e+001
  1.0449289e+001
  1.0613198e+001
  1.0001346e+001
  1.0251515e+001
  1.0656510e+001
  1.0531476e+001
  1.0229684e+001
  1.0283880e+001
  1.0422903e+001
  1.0703677e+001
  1.0719063e+001
  1.0391759e+001
  1.0567886e+001
  1.0533503e+001
  1.0587636e+001
  1.0615657e+001
  1.0320492e+001
  1.0386720e+001
  1.0264303e+001
  1.0128742e+001
  1.0022652e+001
  1.0093043e+001
  1.0244035e+001
  9.7828213e+000
  9.5774369e+000
  9.3699162e+000
  9.0782545e+000
  9.5348572e+000
  9.4014705e+000
  9.4024358e+000
  9.6917972e+000
  9.4428350e+000
  9.1253830e+000
  9.7851629e+000
  9.2380870e+000
  9.4108187e+000
  9.6257650e+000
  8.9094839e+000
  9.3639795e+000
  9.3618478e+000
  9.1523663e+000
  9.4159158e+000
  9.2704898e+000
  9.4199918e+000
  9.5307207e+000
  9.4248487e+000
  9.5192766e+000
  9.3417677e+000
  9.0155185e+000
  9.4220910e+000
  9.2004828e+000
  9.2025126e+000
  7.4016302e+000
  8.9075221e+000
  9.1303754e+000
  8.8103757e+000
  9.3376056e+000
  9.0159356e+000
  8.5999691e+000
  9.0089829e+000
  8.8140192e+000
  8.9552137e+000
  8.5595716e+000
  8.5335847e+000
  8.3614328e+000
  8.8429397e+000
  8.3922384e+000
  7.9204791e+000
  8.3684813e+000
  8.5334653e+000
  7.9889216e+000
  8.7994262e+000
  8.5729756e+000
  8.3679215e+000
  8.6643135e+000
  8.3433175e+000
  8.5903005e+000
  7.1518330e+000
  8.3046535e+000
  8.6523336e+000
  8.0657009e+000
  8.5839807e+000
  8.5629261e+000
  6.1325790e+000
  8.3766437e+000
  8.4546985e+000
  7.7675446e+000
  7.0340889e+000
  8.2673350e+000
  7.9210830e+000
  7.7274133e+000
  7.9308988e+000
  7.7252515e+000
  7.2942729e+000
  7.0158127e+000
  6.1423494e+000
  8.1285783e+000
  7.1311602e+000
  7.9610207e+000
  7.7635479e+000
  6.4817406e+000
  7.0967378e+000
  6.8805643e+000
  7.8921594e+000
  7.7328007e+000
  7.9345542e+000
  7.5259446e+000
  5.4275325e+000
  7.5251063e+000
  7.0746693e+000
  4.8845420e+000
  6.2212282e+000
  6.7022235e+000
  7.3926278e+000
  6.9807268e+000
  5.5714725e+000
  7.5069141e+000
  7.3142221e+000
  4.4659465e+000
  5.6814390e+000
  6.8203069e+000
  6.9909649e+000
  4.6813006e+000
  4.6873186e+000
  6.5160708e+000
  6.8565130e+000
  5.1252247e+000
  4.7206502e+000
  5.6212236e+000
  6.7844347e+000
  6.2980217e+000
  5.5936167e+000
  6.1966618e+000
  1.2691933e+000
  5.6742813e+000
  6.4872377e+000
  6.6574731e+000
  5.4174792e+000
  4.7075975e+000
  6.3353476e+000
  6.5925567e+000
  4.0442286e+000
  5.7164437e+000
  3.1034501e+000
  5.6900960e+000
  6.6396406e+000
  6.4145311e+000
  4.7798884e+000
  4.5872045e+000
  3.6387968e+000
  5.9975046e+000
  5.3617877e+000
  1.8411091e+000
  5.0261464e+000
  4.4971573e+000
  5.0831493e+000
  3.3858761e+000
  3.8981433e+000
  5.3418157e+000
  4.9382051e+000
  2.1412333e+000
  3.8152835e+000
  1.7440189e+000
  3.5855356e+000
  3.1044895e+000
  1.2386420e+000
  4.0915172e+000
  2.1363495e+000
  2.8161829e+000
  3.8318374e+000
  2.0082724e+000
  9.5336368e-001
  9.5358064e-001
  1.5614590e+000
  3.3515392e+000
  3.0734721e+000
  3.9083308e+000
  7.5763948e-001
  1.1662133e+000
  7.6817271e-001
  4.3972027e-001
  7.6873205e-001
  9.2604917e-001
  7.2532621e-001
  9.2068421e-001
  2.0095021e+000
  2.3805750e-001
  4.1424977e-003
  1.5866762e-002
  1.2710947e-001
  2.5071441e-001
  5.1696571e-001
  1.9783704e-004
  2.3540133e-002
  2.1924971e-001
  6.9072639e-002
  1.2840893e-001
  2.7720071e-005
  7.5761126e-003
  6.1384707e-004
  5.5041986e-002
  2.0862508e-002
  8.8329544e-005
  1.1391488e-003
  1.2129864e-002
  7.8275287e-004
  1.8127506e-004
  3.1383145e-005
  3.1762763e-005
  3.1444817e-003
  1.1905948e-002
  1.2848537e-004
  3.3326399e-005
  3.3738167e-005
  3.4142483e-005
  3.4553503e-005
  3.4971526e-005
  3.5319664e-005
  3.5680528e-005
  3.6107964e-005
  3.6552917e-005
  3.6984201e-005
  3.7432721e-005
  3.7882702e-005
  3.8339488e-005
  3.8809120e-005
  3.9271651e-005
  3.9749961e-005
  4.0224649e-005
  4.0714230e-005
  4.1208867e-005
  4.1715079e-005
  4.2208153e-005
  4.2712266e-005
  4.3225686e-005
  4.3751347e-005
  4.4279507e-005
  4.4722040e-005
  4.5183417e-005
  4.5715607e-005
  4.6263861e-005
  4.6828036e-005
  4.7393460e-005
  4.7957683e-005
  4.8543287e-005
  4.9126112e-005
  4.9710133e-005
  5.0208161e-005
  5.0734462e-005
  5.1338185e-005
  5.1947378e-005
  5.2570077e-005
  5.3219544e-005
  5.3843501e-005
  5.4485721e-005
  5.5035823e-005
  5.5582247e-005
  5.6251318e-005
  5.6930398e-005
  5.7610405e-005
  5.8304698e-005
  5.9006349e-005
  5.9601201e-005
  6.0193398e-005
  6.0923040e-005
  6.1677515e-005
  6.2415850e-005
  6.3143968e-005
  6.3790173e-005
  6.4437594e-005
  6.5184505e-005
  6.5978194e-005
  6.6775253e-005
  6.7424912e-005
  9.7548424e-004
  4.0583487e-004
  6.9740223e-005
  7.0588185e-005
  7.1285738e-005
  7.2001399e-005
  7.2860661e-005
  6.0564677e-004
  2.3480262e-004
  7.5394805e-005
  7.6115362e-005
  7.7023996e-005
  7.7943921e-005
  7.8723840e-005
  7.9527893e-005
  8.0458046e-005
  8.1433386e-005
  8.2398895e-005
  8.3220024e-005
  8.4050750e-005
  8.5092799e-005
  8.6092822e-005
  8.6956218e-005
  8.7803997e-005
  8.8846772e-005
  8.9742853e-005
  9.0625197e-005
  9.1728931e-005
  9.2819253e-005
  9.3740177e-005
  1.2614862e-003
  3.1476875e-004
  9.6935371e-005
  9.7903570e-005
  3.3764130e-004
  1.0164663e-003
  1.0104929e-004
  2.8392776e-003
  4.6516892e-003
  1.0430462e-004
  1.0536979e-004
  2.7888217e-004
  8.2154638e-004
  1.0874727e-004
  5.2318683e-003
  2.8517844e-003
  1.1248224e-004
  6.3402724e-002
  2.9617493e-003
  3.0579152e-003
  2.0305753e-003
  8.4358691e-004
  7.6496438e-003
  8.5973812e-003
  5.9889064e-002
  2.8457350e-001
  7.0351863e-003
  3.6149861e-004
  7.2662540e-002
  1.4664197e-001
  3.9496335e-002
  7.0555451e-002
  1.5136576e-001
  2.8722500e-001
  5.0403061e-001
  1.3829141e-001
  1.4715069e-001
  1.3967214e-001
  1.0030580e-001
  7.5217862e-002
  1.1818453e-001
  5.0519071e-002
  6.2709097e-001
  1.4303134e-001
  5.5595491e-001
  5.3708496e-002
  4.3018787e-001
  5.5030298e-001
  6.5699898e-001
  1.1663726e+000
  6.5660956e-001
  1.3141031e+000
  2.0022595e+000
  7.8924844e-001
  3.8491034e-001
  1.6898550e+000
  9.9919870e-001
  1.9573268e+000
  1.2402393e+000
  2.3278506e+000
  2.1192873e+000
  1.9241704e+000
  1.7165013e-001
  1.5473318e+000
  2.4406924e+000
  1.6045388e+000
  2.8563550e+000
  2.0100739e+000
  2.5569701e+000
  4.4280888e-001
  2.2115487e+000
  2.7342280e+000
  9.6624134e-001
  2.0395758e+000
  2.5743032e+000
  2.8657609e+000
  1.9356201e+000
  2.1761818e+000
  1.6268121e+000
  1.2760396e+000
  1.0329293e+000
  1.1286824e+000
  9.7756447e-001
  5.3795988e-001
  3.8116057e-001
  3.5583707e-001
  2.5350567e-001
  2.9424326e-001
  3.2678523e-001
  4.4485559e-001
  9.3081116e-001
  1.5077753e+000
  8.8791239e-001
  7.2368973e-001
  7.2371087e-001
  5.0598183e-001
  5.7475054e-001
  6.8779723e-001
  6.4241676e-001
  4.1173373e-001
  7.4238004e-001
  1.0537921e+000
  1.0428857e+000
  8.9882388e-001
  1.5235906e+000
  1.6500100e+000
  1.7466158e+000
  1.6600660e+000
  2.3463989e+000
  2.3178456e+000
  1.7682493e+000
  1.6927105e+000
  2.2993857e+000
  2.3369410e+000
  2.7052346e+000
  2.2142712e+000
  2.7340417e+000
  2.7484734e+000
  2.8927698e+000
  2.9017025e+000
  2.3075827e+000
  2.8085035e+000
  1.9184445e+000
  2.5682662e+000
  2.6049142e+000
  2.4887710e+000
  2.0275308e+000
  2.4614293e+000
  2.6783947e+000
  2.7139040e+000
  2.0779871e+000
  2.0581691e+000
  1.7458410e+000
  2.0557557e+000
  1.5162647e+000
  1.6222497e+000
  1.1995434e+000
  1.4419486e+000
  1.7258779e+000
  1.5523709e+000
  1.7121190e+000
  1.7608941e+000
  2.4673451e+000
  1.9740175e+000
  1.6163716e+000
  1.6149544e+000
  1.6066822e+000
  1.8078959e+000
  1.5249615e+000
  1.6501646e+000
  1.8527408e+000
  1.8132707e+000
  1.5566944e+000
  1.9060301e+000
  1.8543040e+000
  2.0303388e+000
  2.0672926e+000
  2.0210369e+000
  2.2675415e+000
  2.0731952e+000
  1.7851151e+000
  2.5222713e+000
  2.6633232e+000
  2.5710878e+000
  2.4613451e+000
  2.3422653e+000
  2.4623755e+000
  2.0485871e+000
  2.3838331e+000
  2.5853971e+000
  2.6020432e+000
  2.4716919e+000
  2.3568216e+000
  2.6244156e+000
  2.4380503e+000
  2.5780542e+000
  2.1401540e+000
  2.6128421e+000
  2.6251453e+000
  2.6140213e+000
  2.6469881e+000
  1.8692796e+000
  2.4612318e+000
  2.6204079e+000
  1.9508072e+000
  2.6727691e+000
  2.6919633e+000
  2.5285802e+000
  2.6680839e+000
  2.6292586e+000
  2.6752229e+000
  2.6616831e+000
  2.3262079e+000
  2.6146386e+000
  2.0657844e+000
  2.5920786e+000
  2.6597182e+000
  2.5879322e+000
  2.4920819e+000
  2.5556148e+000
  2.4932277e+000
  2.0372371e+000
  2.2464939e+000
  2.5547069e+000
  2.6030994e+000
  2.6103902e+000
  2.2551821e+000
  2.3948573e+000
  2.6038820e+000
  2.5297054e+000
  1.9276739e+000
  2.5883775e+000
  2.5669878e+000
  2.5971193e+000
  2.5906755e+000
  2.5679339e+000
  2.5796766e+000
  2.5678981e+000
  2.1494986e+000
  2.5568256e+000
  2.5507341e+000
  2.4809831e+000
  2.5292822e+000
  2.5424463e+000
  2.5233684e+000
  2.5129042e+000
  2.5194028e+000
  2.4681930e+000
  2.4300531e+000
  2.4863317e+000
  2.3823179e+000
  2.4579789e+000
  2.2952432e+000
  2.1145647e+000
  1.9866416e+000
  1.9537368e+000
  2.1942151e+000
  2.3182396e+000
  2.3557168e+000
  2.3991075e+000
  2.3051166e+000
  2.0755491e+000
  2.1974961e+000
  2.2314497e+000
  2.3320110e+000
  2.0924321e+000
  1.5712737e+000
  2.2185201e+000
  1.9114935e+000
  2.0947663e+000
  2.2024166e+000
  1.8134113e+000
  2.2559675e+000
  2.3348925e+000
  2.2795755e+000
  2.2157177e+000
  1.8280114e+000
  2.1634731e+000
  1.8681973e+000
  2.2703859e+000
  2.2858410e+000
  1.8384310e+000
  2.2057352e+000
  2.2867863e+000
  2.2415109e+000
  1.5457893e+000
  2.1142905e+000
  1.3717300e+000
  2.2528974e+000
  2.0159458e+000
  1.7192849e+000
  2.1520910e+000
  2.1828772e+000
  1.9382343e+000
  2.2641394e+000
  2.2483515e+000
  1.9552121e+000
  1.8154213e+000
  2.0718487e+000
  1.9958633e+000
  1.5561889e+000
  1.8637769e+000
  1.7000068e+000
  1.9446015e+000
  1.9982626e+000
  2.0630162e+000
  1.9089596e+000
  1.6812891e+000
  2.0525009e+000
  1.8813859e+000
  1.9941344e+000
  2.0849937e+000
  2.0293372e+000
  2.1343062e+000
  2.1642502e+000
  2.1408833e+000
  2.1033683e+000
  1.8816382e+000
  1.7457655e+000
  2.0478718e+000
  2.0361751e+000
  2.1088743e+000
  2.0367749e+000
  2.0402420e+000
  2.0195710e+000
  2.0079049e+000
  2.0535363e+000
  1.8941678e+000
  1.9296491e+000
  1.8957016e+000
  2.0313947e+000
  2.0555164e+000
  2.0669943e+000
  2.0252718e+000
  1.8925217e+000
  1.9862400e+000
  1.9586186e+000
  2.0118186e+000
  1.8464650e+000
  1.9587965e+000
  1.8914873e+000
  1.9717698e+000
  1.9089835e+000
  1.9605415e+000
  1.9366938e+000
  1.9024398e+000
  1.7264640e+000
  1.9885556e+000
  1.8692481e+000
  1.6581311e+000
  1.8722609e+000
  1.9379577e+000
  1.8763162e+000
  1.8532498e+000
  1.8705087e+000
  1.8724823e+000
  1.6972577e+000
  1.8228153e+000
  1.7872716e+000
  1.6651172e+000
  1.7839545e+000
  1.8879355e+000
  1.8176118e+000
  1.6701454e+000
  1.4855680e+000
  1.7912225e+000
  1.6408261e+000
  1.6321361e+000
  1.8451528e+000
  1.8430177e+000
  1.6459925e+000
  1.4558669e+000
  1.7454843e+000
  1.7505769e+000
  1.6388741e+000
  1.7658022e+000
  1.7906432e+000
  1.5573473e+000
  1.4318812e+000
  1.6642041e+000
  1.7761744e+000
  1.8105437e+000
  1.8150625e+000
  1.5691367e+000
  1.6608045e+000
  1.3539920e+000
  1.5158135e+000
  1.5988069e+000
  1.7561428e+000
  1.7080200e+000
  1.6946245e+000
  1.5981914e+000
  1.3921126e+000
  1.5304257e+000
  1.4178910e+000
  1.5771198e+000
  1.5299481e+000
  1.3084175e+000
  1.2855332e+000
  1.5850649e+000
  1.4411223e+000
  1.4367512e+000
  1.4627922e+000
  1.5165016e+000
  1.5428232e+000
  1.5644012e+000
  1.4183029e+000
  1.4355570e+000
  1.5610035e+000
  1.4194209e+000
  1.5946077e+000
  1.5230371e+000
  1.5671357e+000
  1.6743056e+000
  1.5404701e+000
  1.7026831e+000
  1.6904368e+000
  1.5772669e+000
  1.2261014e+000
  9.2348983e-001
  9.6994797e-001
  1.3149582e+000
  1.3851141e+000
  1.4587813e+000
  1.0694122e+000
  1.0106108e+000
  1.2454008e+000
  1.5362415e+000
  1.4173826e+000
  1.5122334e+000
  1.3686848e+000
  1.4504601e+000
  1.4961169e+000
  1.2695207e+000
  1.3016961e+000
  1.4908798e+000
  1.4324949e+000
  1.2739670e+000
  1.4160578e+000
  1.5028350e+000
  1.3818146e+000
  1.1431561e+000
  8.8001973e-001
  1.0429173e+000
  1.0441601e+000
  1.3778750e+000
  1.3327004e+000
  1.0376469e+000
  1.2538018e+000
  1.0819807e+000
  1.0173564e+000
  1.2553319e+000
  9.5691822e-001
  9.1915206e-001
  4.0800064e-001
  9.4339086e-001
  1.3053392e+000
  1.2433719e+000
  1.0186934e+000
  1.0373191e+000
  9.4108555e-001
  1.0961457e+000
  1.3886914e+000
  1.3725176e+000
  1.1914117e+000
  1.3074524e+000
  8.1725505e-001
  1.2533803e+000
  1.3011468e+000
  9.4258380e-001
  1.1094805e+000
  7.4512208e-001
  8.2678460e-001
  2.9547570e-001
  7.8883601e-001
  8.9297234e-001
  1.1123496e+000
  1.1783374e+000
  7.9166301e-001
  7.6466522e-001
  5.0627929e-001
  8.8359139e-001
  8.3854871e-001
  7.9166798e-001
  1.1777239e+000
  5.7623482e-001
  2.9209384e-001
  9.0589178e-001
  2.7212171e-001
  8.7353720e-001
  5.1228816e-001
  1.0333149e+000
  9.5540672e-001
  7.0399161e-001
  6.0007562e-001
  1.0395445e+000
  1.0100855e+000
  9.3424372e-001
  8.6661802e-001
  2.5350503e-001
  7.3036382e-001
  1.0427424e+000
  7.3969870e-001
  1.0012031e-001
  1.7364333e-002
  2.8931363e-002
  4.6062304e-002
  5.8345645e-002
  1.3037326e-001
  1.7753998e-001
  2.6969884e-001
  3.1352752e-001
  3.5600143e-001
  4.3297884e-001
  4.2594325e-001
  4.3389379e-001
  4.3306425e-001
  4.6148226e-001
  4.7953055e-001
  8.1305011e-001
  2.5186568e+000
  3.5402396e+000
  4.0521500e+000
  3.3107247e+000
  1.9441007e+000
  2.1138784e+000
  3.4924966e+000
  4.4070961e+000
  6.5618150e+000
  7.7803593e+000
  9.4869355e+000
  1.0484500e+001
  1.1536611e+001
  1.2481145e+001
  1.3440800e+001
  1.4353497e+001
  1.5282501e+001
  1.6218975e+001
  1.7123411e+001
  1.8023672e+001
  1.8912912e+001
  1.9791130e+001
  2.0724325e+001
  2.1588945e+001
  2.2444410e+001
  2.3251404e+001
  2.4051981e+001
  2.4815832e+001
  2.5579340e+001
  2.6253065e+001
  2.6938620e+001
  2.7600813e+001
  2.7881569e+001
  2.8122242e+001
  2.9069239e+001
  2.7169594e+001
  2.6600819e+001
  2.9418733e+001
  2.2320958e+001
  1.4772120e+001
  2.0429339e+001
  1.5417581e+001
  1.4632815e+001
  1.4792298e+001
  1.1406925e+001
  1.1696647e+001
  1.3641874e+001
  1.0293134e+001
  1.1560343e+001
  1.0224390e+001
  1.0847766e+001
  1.1937843e+001
  1.5589880e+001
  1.8132853e+001
  1.4608421e+001
  1.6131063e+001
  1.5095142e+001
  1.3996695e+001
  1.1532374e+001
  9.7126123e+000
  1.1756907e+001
  1.2738823e+001
  1.0788762e+001
  1.3634347e+001
  1.2139059e+001
  1.1255722e+001
  1.3567508e+001
  1.2470581e+001
  1.4284830e+001
  1.1715934e+001
  1.3025171e+001
  1.5222368e+001
  1.3499033e+001
  1.3892495e+001
  1.4096560e+001
  1.8353012e+001
  1.4669663e+001
  1.5640016e+001
  1.3741620e+001
  1.6808396e+001
  1.3949795e+001
  1.7272675e+001
  1.9039096e+001
  2.2562679e+001
  2.3268897e+001
  1.7020117e+001
  1.9607764e+001
  2.0773726e+001
  1.9969868e+001
  1.8884462e+001
  2.2665365e+001
  2.5571078e+001
  2.6309763e+001
  2.7608862e+001
  2.6739368e+001
  2.7127881e+001
  2.5773781e+001
  2.7518605e+001
  2.7001825e+001
  2.7090286e+001
  2.7006671e+001
  2.6770254e+001
  2.6551430e+001
  2.6326913e+001
  2.6042206e+001
  2.5766854e+001
  2.5494984e+001
  2.5246268e+001
  2.4975127e+001
  2.2294495e+001
  1.9820469e+001
  1.7640878e+001
  1.5776435e+001
  1.4102410e+001
  1.2613312e+001
  1.1275176e+001
  1.0063715e+001
  9.0196914e+000
  8.0966756e+000
  7.2681533e+000
  6.5309950e+000
  5.8768051e+000
  5.2998937e+000
  4.7957420e+000
  4.3583525e+000
  3.9621496e+000
  3.6057745e+000
  3.2844508e+000
  2.9972044e+000
  2.7404583e+000
  2.5113885e+000
  2.3087244e+000
  2.1296825e+000
  1.9593427e+000
  1.7973290e+000
  1.6668285e+000
  1.5428742e+000
  1.4246608e+000
  1.3222725e+000
  1.2341100e+000
  1.1501138e+000
  1.0696495e+000
  1.0011956e+000
  9.3591646e-001
