  1.6727083e+002
  1.6729166e+002
  1.6731250e+002
  1.6733333e+002
  1.6735416e+002
  1.6737500e+002
  1.6743750e+002
  1.6745833e+002
  1.6747916e+002
  1.6750000e+002
  1.6752083e+002
  1.6754166e+002
  1.6756250e+002
  1.6758333e+002
  1.6760416e+002
  1.6762500e+002
  1.6764583e+002
  1.6766666e+002
  1.6768750e+002
  1.6770833e+002
  1.6772916e+002
  1.6775000e+002
  1.6777083e+002
  1.6779166e+002
  1.6781250e+002
  1.6783333e+002
  1.6785416e+002
  1.6787500e+002
  1.6789583e+002
  1.6791666e+002
  1.6793750e+002
  1.6795833e+002
  1.6797916e+002
  1.6800000e+002
  1.6802083e+002
  1.6804166e+002
  1.6806250e+002
  1.6808333e+002
  1.6810416e+002
  1.6812500e+002
  1.6814583e+002
  1.6816666e+002
  1.6818750e+002
  1.6820833e+002
  1.6822916e+002
  1.6825000e+002
  1.6827083e+002
  1.6829166e+002
  1.6831250e+002
  1.6833333e+002
  1.6835416e+002
  1.6837500e+002
  1.6839583e+002
  1.6841666e+002
  1.6843750e+002
  1.6845833e+002
  1.6847916e+002
  1.6850000e+002
  1.6852083e+002
  1.6854166e+002
  1.6856250e+002
  1.6858333e+002
  1.6860416e+002
  1.6862500e+002
  1.6864583e+002
  1.6866666e+002
  1.6868750e+002
  1.6870833e+002
  1.6872916e+002
  1.6875000e+002
  1.6877083e+002
  1.6879166e+002
  1.6881250e+002
  1.6883333e+002
  1.6885416e+002
  1.6887500e+002
  1.6889583e+002
  1.6891666e+002
  1.6893750e+002
  1.6895833e+002
  1.6897916e+002
  1.6900000e+002
  1.6902083e+002
  1.6904166e+002
  1.6906250e+002
  1.6908333e+002
  1.6910416e+002
  1.6912500e+002
  1.6914583e+002
  1.6916666e+002
  1.6918750e+002
  1.6920833e+002
  1.6922916e+002
  1.6925000e+002
  1.6927083e+002
  1.6929166e+002
  1.6931250e+002
  1.6933333e+002
  1.6935416e+002
  1.6937500e+002
  1.6939583e+002
  1.6941666e+002
  1.6943750e+002
  1.6945833e+002
  1.6947916e+002
  1.6950000e+002
  1.6952083e+002
  1.6954166e+002
  1.6956250e+002
  1.6958333e+002
  1.6960416e+002
  1.6962500e+002
  1.6964583e+002
  1.6966666e+002
  1.6968750e+002
  1.6970833e+002
  1.6972916e+002
  1.6975000e+002
  1.6977083e+002
  1.6979166e+002
  1.6981250e+002
  1.6983333e+002
  1.6985416e+002
  1.6987500e+002
  1.6989583e+002
  1.6991666e+002
  1.6993750e+002
  1.6995833e+002
  1.6997916e+002
  1.7000000e+002
  1.7002083e+002
  1.7004166e+002
  1.7006250e+002
  1.7008333e+002
  1.7010416e+002
  1.7012500e+002
  1.7014583e+002
  1.7016666e+002
  1.7018750e+002
  1.7020833e+002
  1.7022916e+002
  1.7025000e+002
  1.7027083e+002
  1.7029166e+002
  1.7031250e+002
  1.7033333e+002
  1.7035416e+002
  1.7037500e+002
  1.7039583e+002
  1.7041666e+002
  1.7043750e+002
  1.7045833e+002
  1.7047916e+002
  1.7050000e+002
  1.7052083e+002
  1.7054166e+002
  1.7056250e+002
  1.7058333e+002
  1.7060416e+002
  1.7062500e+002
  1.7064583e+002
  1.7066666e+002
  1.7068750e+002
  1.7070833e+002
  1.7072916e+002
  1.7075000e+002
  1.7077083e+002
  1.7079166e+002
  1.7081250e+002
  1.7083333e+002
  1.7085416e+002
  1.7087500e+002
  1.7089583e+002
  1.7091666e+002
  1.7093750e+002
  1.7095833e+002
  1.7097916e+002
  1.7100000e+002
  1.7102083e+002
  1.7104166e+002
  1.7106250e+002
  1.7108333e+002
  1.7110416e+002
  1.7112500e+002
  1.7114583e+002
  1.7116666e+002
  1.7118750e+002
  1.7120833e+002
  1.7122916e+002
  1.7125000e+002
  1.7127083e+002
  1.7129166e+002
  1.7131250e+002
  1.7133333e+002
  1.7135416e+002
  1.7137500e+002
  1.7139583e+002
  1.7141666e+002
  1.7143750e+002
  1.7145833e+002
  1.7147916e+002
  1.7150000e+002
  1.7152083e+002
  1.7154166e+002
  1.7156250e+002
  1.7158333e+002
  1.7160416e+002
  1.7162500e+002
  1.7164583e+002
  1.7166666e+002
  1.7168750e+002
  1.7170833e+002
  1.7172916e+002
  1.7175000e+002
