  1.7321379e+000
  1.7573000e+000
  1.4123548e+000
  1.2275862e+000
  8.4190000e-001
  1.3605806e+000
  1.1177419e+000
  1.7516552e+000
  1.6841333e+000
  1.8751290e+000
  2.1966207e+000
  1.9581667e+000
  2.1623226e+000
  1.4532759e+000
  2.1128667e+000
  2.5167419e+000
  1.8606552e+000
  2.7751667e+000
  3.0340645e+000
  1.8100690e+000
  1.4277333e+000
  1.9686774e+000
  1.4233448e+000
  1.6268333e+000
  1.7046774e+000
  1.4438276e+000
  1.2030333e+000
  1.2844194e+000
  1.4573103e+000
  1.7574333e+000
  1.5251613e+000
  1.3672069e+000
  1.0392667e+000
  1.3127419e+000
  1.3035862e+000
  1.1689000e+000
  1.3329032e+000
  1.2077931e+000
  1.3422000e+000
  1.4166452e+000
  1.3420000e+000
  1.1850000e+000
  1.5237742e+000
  1.7220000e+000
  1.5753667e+000
  1.1833548e+000
  1.6187931e+000
  1.9328000e+000
  2.3526452e+000
  2.3990345e+000
  1.9292000e+000
  1.7314839e+000
  1.7237586e+000
  1.7417667e+000
  1.5271935e+000
  1.8383793e+000
  1.6507000e+000
  2.0437419e+000
  2.1990345e+000
  2.3364333e+000
  1.8036129e+000
  2.2238966e+000
  2.1792333e+000
  2.1733871e+000
  1.9194828e+000
  1.5687333e+000
  1.6650645e+000
  1.4884138e+000
  2.1374000e+000
  1.8549677e+000
  2.2639310e+000
  2.1270333e+000
  2.0684516e+000
  1.5075172e+000
  1.5345000e+000
  1.9360323e+000
  1.7651379e+000
  1.5801333e+000
  1.2058065e+000
  1.4687586e+000
  1.3891000e+000
  1.5768710e+000
  1.9678276e+000
  1.8620667e+000
  2.0104194e+000
  2.3520000e+000
  2.4928000e+000
  2.6200968e+000
  2.4295517e+000
  2.4570333e+000
  2.8256129e+000
  2.9984483e+000
  2.6618667e+000
  2.7812903e+000
  2.4302759e+000
  2.3931667e+000
  2.4907742e+000
  2.3316207e+000
  2.1792000e+000
  2.0353548e+000
  2.2752069e+000
  1.9612667e+000
  2.4392581e+000
  2.6184138e+000
  2.4085667e+000
  3.5921613e+000
  3.3787931e+000
  3.5969333e+000
  3.0538710e+000
  3.5377241e+000
  3.2946667e+000
  2.8473226e+000
  4.1716207e+000
  3.8168333e+000
  3.1122903e+000
  3.5105517e+000
  2.6569333e+000
  2.5136774e+000
  2.3589655e+000
  9.0553333e-001
  2.0096774e+000
  2.7272414e+000
  2.4668667e+000
  1.6709355e+000
  1.8245862e+000
  1.7105667e+000
  1.8148710e+000
  1.6377241e+000
  1.5722000e+000
  1.7535161e+000
  1.6555172e+000
  2.0767333e+000
  2.8002258e+000
  2.6105172e+000
  2.7209667e+000
  2.7320000e+000
  2.8810690e+000
  3.2101000e+000
  3.5510000e+000
  3.6081034e+000
  3.5970667e+000
  2.9833548e+000
  3.4234483e+000
  2.8954333e+000
  3.6953871e+000
  4.3425172e+000
  3.8760000e+000
  3.9753548e+000
  4.0583103e+000
  3.0443000e+000
  2.8757419e+000
  3.5972759e+000
  3.3305667e+000
  4.1483548e+000
  3.5932414e+000
  3.8244667e+000
  2.8527742e+000
  4.0527241e+000
  3.8457000e+000
  3.9680323e+000
  3.9499655e+000
  3.1423333e+000
  3.2659677e+000
  2.9714828e+000
  3.2032667e+000
  2.5967419e+000
  2.9801034e+000
  2.5669333e+000
  2.1948710e+000
  2.1688621e+000
  2.3147333e+000
  2.0859677e+000
  2.0218621e+000
  2.6625000e+000
  2.5710323e+000
  2.3682759e+000
  2.8266667e+000
  1.9824194e+000
  2.3443103e+000
  2.6032667e+000
  2.2716774e+000
  2.4474138e+000
  2.5668667e+000
  2.6709677e+000
  2.6966552e+000
  2.8902667e+000
  2.6492903e+000
  2.4387931e+000
  2.5082667e+000
  2.6253548e+000
  2.7729655e+000
  3.1695333e+000
  4.0144839e+000
  3.5186897e+000
  4.8894000e+000
  4.3893871e+000
  3.7680000e+000
  4.7460000e+000
  4.9521935e+000
  4.0393103e+000
  4.8801000e+000
  4.9819677e+000
  4.4613793e+000
  3.2598333e+000
  2.9568065e+000
  2.5537241e+000
  2.9079000e+000
  3.1423871e+000
  3.5039655e+000
  3.5538667e+000
  3.9974839e+000
  3.9271724e+000
  3.3218333e+000
  3.5585161e+000
