400,0.06508089445
401,0.06533178415
402,0.06557808192
403,0.0658217256
404,0.066060331
405,0.06630092003
406,0.06653858887
407,0.06677404103
408,0.06700948659
409,0.06724713719
410,0.0674811112
411,0.06772242096
412,0.06796372608
413,0.06820648596
414,0.06845437503
415,0.0687059363
416,0.06896041761
417,0.0692237109
418,0.06949068405
419,0.06976350706
420,0.07004515452
421,0.0703334154
422,0.07062975624
423,0.07093050234
424,0.07124301848
425,0.07156287509
426,0.07188639492
427,0.07221948449
428,0.07255993024
429,0.07290698112
430,0.07325842103
431,0.07362092023
432,0.07398488742
433,0.07435330398
434,0.07472768866
435,0.07510288808
436,0.07547966037
437,0.07585729634
438,0.07623508797
439,0.07661156604
440,0.07698232205
441,0.07735180799
442,0.0777185529
443,0.0780809151
444,0.07843625722
445,0.07878590668
446,0.07913137863
447,0.07946896632
448,0.07980013587
449,0.08012304279
450,0.08043996397
451,0.08074572047
452,0.0810458519
453,0.08133887865
454,0.08162403257
455,0.08190054475
456,0.08216988315
457,0.08243113048
458,0.08269055664
459,0.08293979005
460,0.083184658
461,0.08342461313
462,0.08366026889
463,0.08388861605
464,0.08411484983
465,0.08434269136
466,0.08456316605
467,0.08478295251
468,0.08500495826
469,0.08522482915
470,0.08544769034
471,0.08567058103
472,0.08589402996
473,0.08612135513
474,0.08635091231
475,0.08658469962
476,0.08682391692
477,0.08706609059
478,0.08731243663
479,0.08756649241
480,0.08782351469
481,0.0880898712
482,0.08836100393
483,0.08863769524
484,0.08892372839
485,0.08921676648
486,0.08951321338
487,0.08981662163
488,0.09012575569
489,0.09044329524
490,0.09076662913
491,0.09109832344
492,0.09143672958
493,0.09177954312
494,0.0921284362
495,0.09248180685
496,0.09284197515
497,0.09320214264
498,0.09357146636
499,0.09394375416
500,0.09431908276
501,0.09469899802
502,0.09508070251
503,0.09546679615
504,0.09585449732
505,0.09624679801
506,0.09663958536
507,0.0970336483
508,0.09742860074
509,0.09782367217
510,0.09822190527
511,0.09862103209
512,0.09901728248
513,0.09942030386
514,0.09982210156
515,0.1002262472
516,0.1006327428
517,0.1010408147
518,0.1014534699
519,0.1018699403
520,0.1022902256
521,0.1027150523
522,0.1031452071
523,0.1035738577
524,0.1040078365
525,0.1044456358
526,0.1048819276
527,0.1053182746
528,0.1057538941
529,0.1061918393
530,0.1066252563
531,0.1070599635
532,0.1074897062
533,0.1079217812
534,0.1083510346
535,0.1087854981
536,0.109222297
537,0.1096607051
538,0.1101068171
539,0.1105591256
540,0.111015348
541,0.1114838873
542,0.111954838
543,0.1124358183
544,0.1129238143
545,0.1134157603
546,0.1139139561
547,0.1144168903
548,0.1149214834
549,0.115432341
550,0.1159479535
551,0.1164614172
552,0.1169796427
553,0.1174988097
554,0.118017401
555,0.1185415494
556,0.1190643886
557,0.1195859171
558,0.1201122741
559,0.1206365829
560,0.1211649893
561,0.1216890363
562,0.122214133
563,0.1227371795
564,0.1232635896
565,0.1237887341
566,0.1243102955
567,0.1248360164
568,0.125358153
569,0.1258836556
570,0.1264048294
571,0.1269278436
572,0.1274488474
573,0.1279686284
574,0.1284849095
575,0.1289976852
576,0.1295038882
577,0.1300113079
578,0.1305067577
579,0.1309979821
580,0.1314768805
581,0.1319473137
582,0.1324108956
583,0.1328671789
584,0.1333126756
585,0.1337516202
586,0.1341820435
587,0.1346037473
588,0.135019185
589,0.1354289704
590,0.1358303232
591,0.1362272384
592,0.1366170628
593,0.1370013484
594,0.137376333
595,0.1377465524
596,0.1381102957
597,0.138466657
598,0.1388181962
599,0.1391609181
600,0.1395006949
601,0.1398325725
602,0.1401627423
603,0.1404851547
604,0.1408089775
605,0.1411240763
606,0.1414350375
607,0.1417467838
608,0.142057752
609,0.1423653276
610,0.1426734092
611,0.1429833272
612,0.1432931724
613,0.1436054375
614,0.1439134177
615,0.1442209633
616,0.1445281184
617,0.144832233
618,0.1451348878
619,0.1454366783
620,0.14573426
621,0.1460284772
622,0.1463261869
623,0.1466163753
624,0.1469040709
625,0.1471894421
626,0.1474739333
627,0.1477547916
628,0.1480348272
629,0.1483148581
630,0.1485930097
631,0.1488732659
632,0.1491498489
633,0.1494252741
634,0.149699385
635,0.1499744498
636,0.1502487532
637,0.1505230198
638,0.1507984328
639,0.1510730701
640,0.1513542882
641,0.1516301901
642,0.1519074479
643,0.1521847058
644,0.152463779
645,0.1527417797
646,0.1530184699
647,0.1532947975
648,0.1535716146
649,0.1538467259
650,0.1541263395
651,0.1543991955
652,0.1546712119
653,0.1549421347
654,0.1552125953
655,0.1554816273
656,0.155751034
657,0.1560180602
658,0.1562866938
659,0.1565551464
660,0.1568277708
661,0.157096862
662,0.1573650908
663,0.1576347238
664,0.1579046683
665,0.1581742832
666,0.1584437589
667,0.1587141267
668,0.1589841902
669,0.1592547191
670,0.1595201895
671,0.1597935631
672,0.1600712326
673,0.1603374095
674,0.1606074353
675,0.1608803962
676,0.16116201
677,0.1614404102
678,0.1617050771
679,0.1619871267
680,0.1622545881
681,0.1625291848
682,0.1628028913
683,0.1630771517
684,0.163351878
685,0.1636270227
686,0.1639024733
687,0.1641763755
688,0.1644504943
689,0.1647245938
690,0.1649968458
691,0.1652690194
692,0.1655411557
693,0.1658132441
694,0.1660843073
695,0.1663543275
696,0.1666246275
697,0.1668945681
698,0.1671641662
699,0.1674331992
700,0.1677018891
701,0.1679691332
702,0.1682378733
703,0.1685060298
704,0.1687738598
705,0.1690426892
706,0.169310694
707,0.1695792357
708,0.1698477985
709,0.1701168627
710,0.1703862062
711,0.1706566932
712,0.1709279409
713,0.1711994327
714,0.1714705623
715,0.1717429162
716,0.1720155938
717,0.172287284
718,0.1725584677
719,0.1728309374
720,0.173102125
721,0.1733738645
722,0.1736440252
723,0.1739139547
724,0.1741834117
725,0.1744519136
726,0.1747194598
727,0.1749846595
728,0.1752502513
729,0.1755112644
730,0.1757741733
731,0.1760336657
732,0.1762899805
733,0.1765449038
734,0.1768004549
735,0.1770547563
736,0.1773068825
737,0.1775577445
738,0.1778106729
739,0.1780622953
740,0.1783153597
741,0.1785685166
742,0.1788190592
743,0.1790734236
744,0.1793254167
745,0.1795766876
746,0.1798284923
747,0.1800742
748,0.1803223327
749,0.1805691127
750,0.1808131319
751,0.1810542494
752,0.1812917776
753,0.1815299394
754,0.1817621827
755,0.1819963642
756,0.1822336741
757,0.1824647179
758,0.182692894
759,0.1829287158
760,0.1831538423
761,0.1833863599
762,0.1836189108
763,0.1838440562
764,0.1840748062
765,0.184303157
766,0.1845310525
767,0.184759564
768,0.1849764819
769,0.1852018698
770,0.1854153809
771,0.1856366209
772,0.1858481822
773,0.1860594438
774,0.186276247
775,0.1864821969
776,0.1866876479
777,0.1868907023
778,0.1870918929
779,0.1872864218
780,0.1874837764
781,0.1876801398
782,0.187877031
783,0.1880665871
784,0.1882566143
785,0.1884457502
786,0.1886316533
787,0.1888127588
788,0.188991824
789,0.1891635899
790,0.1893358292
791,0.1895036405
792,0.1896693373
793,0.1898279576
794,0.1899840075
795,0.1901384333
796,0.1902882163
797,0.1904363803
798,0.1905828513
799,0.1907259675
800,0.1908674704
801,0.1910059495
802,0.1911424209
803,0.1912791759
804,0.191412621
805,0.191543204
806,0.1916714055
807,0.1917996963
808,0.1919260141
809,0.1920481122
810,0.1921687665
811,0.1922979788
812,0.1924226653
813,0.1925392091
814,0.1926584664
815,0.1927794229
816,0.1928956486
817,0.1930112074
818,0.1931221991
819,0.1932346507
820,0.1933430014
821,0.1934400237
822,0.1935433194
823,0.1936375494
824,0.1937325598
825,0.1938328696
826,0.1939208105
827,0.1940121943
828,0.1941033672
829,0.1941916606
830,0.1942819891
831,0.1943743474
832,0.1944640801
833,0.1945578052
834,0.194643049
835,0.1947365219
836,0.1948296948
837,0.1949233787
838,0.1950179774
839,0.1951090006
840,0.1951937157
841,0.1952817511
842,0.1953712025
843,0.1954672016
844,0.1955528053
845,0.1956359587
846,0.1957209085
847,0.1958013345
848,0.1958840122
849,0.1959625265
850,0.1960440604
851,0.19612002
852,0.1961969026
853,0.1962735085
854,0.1963512124
855,0.1964255511
856,0.1964984897
857,0.1965731579
858,0.1966493051
859,0.1967227933
860,0.1967965259
861,0.1968731128
862,0.1969499198
863,0.1970261698
864,0.1971011949
865,0.1971776382
866,0.1972466772
867,0.1973269006
868,0.1974068486
869,0.1974911064
870,0.1975731933
871,0.1976585652
872,0.19774592
873,0.1978441663
874,0.1979309949
875,0.1980232205
876,0.1981140884
877,0.1982127027
878,0.1983067018
879,0.1984070548
880,0.1985000214
881,0.1986016878
882,0.1986945208
883,0.1987979932
884,0.1988898256
885,0.1989930042
886,0.199097653
887,0.1991911558
888,0.1992929126
889,0.1993870411
890,0.1994904129
891,0.199584028
892,0.1996870079
893,0.1997810901
894,0.1998871644
895,0.1999799971
896,0.2000774781
897,0.2001729507
898,0.2002821289
899,0.2003757042
900,0.2004783346
901,0.2005760384
902,0.2006742963
903,0.2007762462
904,0.2008768161
905,0.2009806483
906,0.2010764247
907,0.2011788869
908,0.2012813809
909,0.2013880038
910,0.2014913258
911,0.2015951982
912,0.2017008134
913,0.2018064621
914,0.2019125804
915,0.2020203347
916,0.2021269256
917,0.2022280036
918,0.2023345199
919,0.202440315
920,0.2025493745
921,0.2026526965
922,0.2027483421
923,0.202849952
924,0.2029563525
925,0.2030577817
926,0.2031604051
927,0.2032630307
928,0.2033626263
929,0.2034542973
930,0.2035503451
931,0.2036529687
932,0.2037512054
933,0.2038500056
934,0.2039504354
935,0.2040464698
936,0.2041359044
937,0.2042275289
938,0.2043249044
939,0.2044220072
940,0.204514672
941,0.2045979592
942,0.2046881346
943,0.2047890452
944,0.2048871849
945,0.2049726663
946,0.2050656032
947,0.2051629598
948,0.2052617444
949,0.2053298871
950,0.205383923
951,0.2054590001
952,0.2055343647
953,0.2056102626
954,0.2056764309
955,0.205752251
956,0.2058329132
957,0.2059126652
958,0.2060030888
959,0.2061002927
960,0.2061997718
961,0.2062924802
962,0.2064069508
963,0.206531668
964,0.2066566959
965,0.2067730444
966,0.2068843662
967,0.2069901758
968,0.2070875641
969,0.2071707516
970,0.2072417702
971,0.2072992341
972,0.2073367599
973,0.2073668965
974,0.2073892348
975,0.2074081245
976,0.2074300311
977,0.2074565317
978,0.2074896335
979,0.2075318188
980,0.2075925106
981,0.2076650858
982,0.2077506279
983,0.2078542639
984,0.207962776
985,0.2080840061
986,0.2082099883
987,0.208338968
988,0.2084744982
989,0.2086020727
990,0.2087328112
991,0.2088577158
992,0.2089794889
993,0.2090926826
994,0.2092047877
995,0.2093162234
996,0.2094256308
997,0.2095345176
998,0.2096422878
999,0.2097505746
1000,0.2098570478
1001,0.2099672059
1002,0.2100780634
1003,0.2101858456
1004,0.2102965584
1005,0.210409572
1006,0.2105238879
1007,0.2106405091
1008,0.2107564124
1009,0.2108729857
1010,0.2109910745
1011,0.2111081974
1012,0.2112265881
1013,0.2113412325
1014,0.2114572425
1015,0.2115752139
1016,0.2116901314
1017,0.2118039777
1018,0.2119163091
1019,0.212035238
1020,0.2121462854
1021,0.2122610865
1022,0.2123707929
1023,0.2124803758
1024,0.2125874957
1025,0.2126923361
1026,0.2127976945
1027,0.2128990925
1028,0.2130040617
1029,0.2131086722
1030,0.2132109269
1031,0.2133033492
1032,0.2133968275
1033,0.2134917121
1034,0.2135862612
1035,0.2136827195
1036,0.2137764559
1037,0.2138689334
1038,0.2139637473
1039,0.2140537643
1040,0.2141431963
1041,0.2142301501
1042,0.214317367
1043,0.2144014211
1044,0.21448738
1045,0.2145687764
1046,0.2146541572
1047,0.2147396373
1048,0.2148246916
1049,0.2149114025
1050,0.2149961292
1051,0.2150801758
1052,0.2151684649
1053,0.215253577
1054,0.2153446817
1055,0.2154283698
1056,0.2155172013
1057,0.2155907922
1058,0.2156790858
1059,0.2157663891
1060,0.215855845
1061,0.2159482067
1062,0.2160344837
1063,0.2161253115
1064,0.2162100496
1065,0.2163002924
1066,0.2163985594
1067,0.216488224
1068,0.2165791464
1069,0.2166661191
1070,0.2167643495
1071,0.2168557385
1072,0.2169444862
1073,0.2170417663
1074,0.2171419689
1075,0.2172328978
1076,0.2173282549
1077,0.2174155828
1078,0.2175158557
1079,0.2176139012
1080,0.2177046297
1081,0.2178007168
1082,0.217884211
1083,0.2179780722
1084,0.2180625775
1085,0.2181594925
1086,0.2182430079
1087,0.2183293051
1088,0.2184221257
1089,0.2185057016
1090,0.2185883983
1091,0.2186680907
1092,0.2187469136
1093,0.2188317795
1094,0.2189153626
1095,0.2189916271
1096,0.2190664528
1097,0.2191422023
1098,0.2192148083
1099,0.2192938092
1100,0.2193736621
1101,0.2194510636
1102,0.2195262807
1103,0.219600895
1104,0.2196773187
1105,0.2197558731
1106,0.2198309531
1107,0.2199059898
1108,0.2199777729
1109,0.2200569579
1110,0.2201378912
1111,0.220219256
1112,0.2202936114
1113,0.2203724954
1114,0.2204513148
1115,0.2205429699
1116,0.2206322258
1117,0.2207079502
1118,0.2207885821
1119,0.2208712674
1120,0.2209631147
1121,0.2210404861
1122,0.2211151863
1123,0.2211990601
1124,0.2212795811
1125,0.2213689492
1126,0.2214402198
1127,0.2215100121
1128,0.221573476
1129,0.2216354724
1130,0.2217059234
1131,0.2217667035
1132,0.2217958498
1133,0.2218266088
1134,0.2218633586
1135,0.2218924108
1136,0.2219348432
1137,0.2219641324
1138,0.2219894109
1139,0.2219814458
1140,0.221943993
1141,0.2219208096
1142,0.2219153832
1143,0.2219213492
1144,0.2219047003
1145,0.2218572148
1146,0.2218011424
1147,0.2217743924
1148,0.221781404
1149,0.2217960022
1150,0.2217987895
1151,0.2217912727
1152,0.2217890587
1153,0.2217866592
1154,0.2217836306
1155,0.2218060234
1156,0.2218497944
1157,0.2218933108
1158,0.221937715
1159,0.2219825097
1160,0.2220296836
1161,0.2220765017
1162,0.2221218221
1163,0.2221941515
1164,0.2222419936
1165,0.2223119845
1166,0.222376266
1167,0.2224480474
1168,0.222496412
1169,0.2225713239
1170,0.2226448966
1171,0.222728731
1172,0.2227800056
1173,0.2228295331
1174,0.2229048979
1175,0.2229910397
1176,0.2230695513
1177,0.2231438401
1178,0.2232321598
1179,0.2232863303
1180,0.2233735716
1181,0.2234637176
1182,0.2235404236
1183,0.2236053015
1184,0.2236976244
1185,0.2237506714
1186,0.2238402751
1187,0.2239303973
1188,0.2240096718
1189,0.2240756086
1190,0.224152151
1191,0.2242409768
1192,0.2243179314
1193,0.2243689968
1194,0.2244563561
1195,0.224530084
1196,0.2246057075
1197,0.2246813358
1198,0.2247557234
1199,0.2248286213
1200,0.2249266389
1201,0.2250010493
1202,0.2250741175
1203,0.2251364851
1204,0.2252095568
1205,0.225282633
1206,0.2253540702
1207,0.2254489495
1208,0.2255220475
1209,0.2255959987
1210,0.225665818
1211,0.2257616145
1212,0.2258339437
1213,0.2259264936
1214,0.2259971955
1215,0.2260654075
1216,0.2261344727
1217,0.2262262925
1218,0.2263181399
1219,0.2263864381
1220,0.2264750341
1221,0.2265417022
1222,0.2266042323
1223,0.2266692615
1224,0.2267326481
1225,0.22682052
1226,0.2268864178
1227,0.2269456789
1228,0.2270099368
1229,0.2270987189
1230,0.227160494
1231,0.2272476664
1232,0.2273119535
1233,0.2273762441
1234,0.227464262
1235,0.2275277164
1236,0.2276157719
1237,0.227680889
1238,0.2277451583
1239,0.2278069314
1240,0.2278571865
1241,0.2279485476
1242,0.2280127797
1243,0.2280983272
1244,0.22815837
1245,0.2282588086
1246,0.2283221684
1247,0.2283813803
1248,0.2284711178
1249,0.228531141
1250,0.2286019021
1251,0.2286883414
1252,0.2287500359
1253,0.2288472726
1254,0.2289239101
1255,0.2289831265
1256,0.2290564316
1257,0.2291173096
1258,0.2291931434
1259,0.2292639842
1260,0.229351393
1261,0.2294247746
1262,0.2294873413
1263,0.2295847934
1264,0.2296473786
1265,0.2297233274
1266,0.2297834164
1267,0.2298577363
1268,0.229922051
1269,0.2299863692
1270,0.2300490368
1271,0.2301234511
1272,0.2301628545
1273,0.2302255828
1274,0.2302641765
1275,0.2303286116
1276,0.2303663958
1277,0.2304258678
1278,0.230479451
1279,0.2305156212
1280,0.2305793066
1281,0.2306146675
1282,0.2306483702
1283,0.2306829223
1284,0.2307183237
1285,0.2307754335
1286,0.2308091726
1287,0.2308446147
1288,0.2309025723
1289,0.230938859
1290,0.230973488
1291,0.231005606
1292,0.2310427323
1293,0.231075695
1294,0.2311153177
1295,0.2311499238
1296,0.2311661603
1297,0.2312040607
1298,0.2312169344
1299,0.2312581274
1300,0.2312984621
1301,0.2313129225
1302,0.2313573461
1303,0.2313759002
1304,0.2313801992
1305,0.2313737155
1306,0.2313955229
1307,0.2313906582
1308,0.2314099144
1309,0.2314283186
1310,0.2314475192
1311,0.2314425808
1312,0.2314725916
1313,0.2314651185
1314,0.2314601618
1315,0.231453524
1316,0.2314577394
1317,0.2314486391
1318,0.2314428482
1319,0.231446497
1320,0.2314115293
1321,0.2313884106
1322,0.2313566803
1323,0.2313571661
1324,0.2313593033
1325,0.2313247892
1326,0.2312994971
1327,0.2312404339
1328,0.2311909654
1329,0.2311427173
1330,0.2311067251
1331,0.2310803971
1332,0.2310667664
1333,0.2310068909
1334,0.2309296351
1335,0.2308434611
1336,0.2307560768
1337,0.230704744
1338,0.2306671143
1339,0.2306280151
1340,0.2306126639
1341,0.2305763858
1342,0.2305378523
1343,0.230475168
1344,0.2303897968
1345,0.2302784949
1346,0.2301701972
1347,0.2300588515
1348,0.2300005887
1349,0.2299776935
1350,0.2299183141
1351,0.2298838154
1352,0.2298261758
1353,0.2297916507
1354,0.229732953
1355,0.2296862109
1356,0.2296237368
1357,0.2295818896
1358,0.2294909894
1359,0.2294201373
1360,0.2293448106
1361,0.2292647729
1362,0.2291800322
1363,0.2290453307
1364,0.2289333585
1365,0.2288144655
1366,0.2286714566
1367,0.2285386524
1368,0.2283446974
1369,0.228173305
1370,0.2279768028
1371,0.2277470471
1372,0.2274567138
1373,0.2272218893
1374,0.2268631165
1375,0.226442392
1376,0.2260536278
1377,0.2255618129
1378,0.2250110243
1379,0.2243585377
1380,0.2238364241
1381,0.2230618363
1382,0.2222732951
1383,0.2214112574
1384,0.2206860426
1385,0.2196599494
1386,0.2186325859
1387,0.2175809925
1388,0.2163607254
1389,0.2154511592
1390,0.2141752279
1391,0.2128999704
1392,0.2116379668
1393,0.2101979048
1394,0.2087755807
1395,0.2077265962
1396,0.2065088841
1397,0.2049516465
1398,0.2035872453
1399,0.2022365201
1400,0.2010649261
1401,0.1997422751
1402,0.1984396552
1403,0.1971551777
1404,0.1960478272
1405,0.1951098673
1406,0.1940445623
1407,0.1930131857
1408,0.1921556633
1409,0.1911835929
1410,0.1903890507
1411,0.1896288248
1412,0.1889102078
1413,0.1883493802
1414,0.1878224164
1415,0.1873157758
1416,0.18683877
1417,0.1863819205
1418,0.1860731191
1419,0.1857824262
1420,0.1855090906
1421,0.1852475911
1422,0.1850033424
1423,0.1848879776
1424,0.1846602225
1425,0.1844346707
1426,0.1843366797
1427,0.184240882
1428,0.1842590611
1429,0.1841623771
1430,0.1840537626
1431,0.1840570385
1432,0.183936807
1433,0.1839289827
1434,0.1839154444
1435,0.1838986631
1436,0.183874816
1437,0.1838495144
1438,0.1838208288
1439,0.1837912183
1440,0.1837593575
1441,0.1838442876
1442,0.1838114075
1443,0.1838951207
1444,0.1839751044
1445,0.1840557359
1446,0.1840173116
1447,0.1840906964
1448,0.1841631282
1449,0.1842368083
1450,0.184419715
1451,0.184485864
1452,0.1845494846
1453,0.1846105763
1454,0.1847889197
1455,0.1848421552
1456,0.1850184103
1457,0.1851913007
1458,0.1853658579
1459,0.1854222334
1460,0.1855947965
1461,0.1858895935
1462,0.186066527
1463,0.1862469482
1464,0.1865459729
1465,0.1868470215
1466,0.1871494548
1467,0.1875786572
1468,0.1878876906
1469,0.1881995299
1470,0.1886352381
1471,0.1889484642
1472,0.1893940786
1473,0.1898404997
1474,0.1901650889
1475,0.1907445933
1476,0.1910716344
1477,0.191532967
1478,0.1919923778
1479,0.1923264709
1480,0.1929260852
1481,0.193262909
1482,0.1937330975
1483,0.1942120664
1484,0.1946889057
1485,0.1950322529
1486,0.1955139478
1487,0.1960018931
1488,0.1963477148
1489,0.1969792487
1490,0.1973339036
1491,0.1978312866
1492,0.1983299934
1493,0.1988396135
1494,0.1991963277
1495,0.1997065659
1496,0.2002176713
1497,0.2007340444
1498,0.2010957264
1499,0.2016148666
1500,0.2021385323
1501,0.2025073228
1502,0.2030339936
1503,0.2034025257
1504,0.2039362798
1505,0.2043095184
1506,0.2046829616
1507,0.2052236834
1508,0.2056006285
1509,0.2059801129
1510,0.2065276476
1511,0.2069116905
1512,0.207295406
1513,0.2076832749
1514,0.2080711977
1515,0.2086317224
1516,0.2088566388
1517,0.2094247844
1518,0.2098200616
1519,0.2100446868
1520,0.2104417011
1521,0.2110191681
1522,0.2112457923
1523,0.2116481998
1524,0.212057466
1525,0.212459684
1526,0.2128737901
1527,0.2130946669
1528,0.2135109291
1529,0.2139184964
1530,0.2141497579
1531,0.2145629622
1532,0.2147938556
1533,0.215207126
1534,0.2156221906
1535,0.2158561459
1536,0.2162734269
1537,0.2164986329
1538,0.2169271626
1539,0.2171545413
1540,0.2175756136
1541,0.2178025122
1542,0.2180294052
1543,0.2184538175
1544,0.2186826304
1545,0.2189104629
1546,0.219338633
1547,0.219567946
1548,0.2197991459
1549,0.2200298925
1550,0.2204665553
1551,0.2206997207
1552,0.2209338808
1553,0.2211692674
1554,0.2214062687
1555,0.2216451967
1556,0.2218817081
1557,0.2220999637
1558,0.2222771294
1559,0.2224964028
1560,0.2227145979
1561,0.2229547946
1562,0.2231545023
1563,0.2233948871
1564,0.2235816164
1565,0.2238427133
1566,0.2240221761
1567,0.2242210827
1568,0.2244077799
1569,0.2246071601
1570,0.2248157067
1571,0.225015229
1572,0.2251932911
1573,0.2254020766
1574,0.2256016682
1575,0.2257674713
1576,0.2259891251
1577,0.2261551038
1578,0.22633128
1579,0.2265194331
1580,0.2266744093
1581,0.2268389104
1582,0.2270365956
1583,0.227214386
1584,0.2273796285
1585,0.2275367223
1586,0.2276928898
1587,0.2278610494
1588,0.2279762703
1589,0.228135207
1590,0.2282743266
1591,0.2284611927
1592,0.2286261522
1593,0.2287806352
1594,0.2289724867
1595,0.2291208528
1596,0.2292451734
1597,0.2293724551
1598,0.2294996415
1599,0.2296190359
1600,0.2297699263
1601,0.2299195091
1602,0.2300264898
1603,0.2301560954
1604,0.2302850427
1605,0.2304355731
1606,0.2305662868
1607,0.2306717355
1608,0.2307307475
1609,0.2308826376
1610,0.23096641
1611,0.2310709998
1612,0.2311739736
1613,0.2313013315
1614,0.2314053217
1615,0.2315195153
1616,0.2316015994
1617,0.2317059287
1618,0.2317869468
1619,0.2319247138
1620,0.2319840625
1621,0.2321096904
1622,0.2322177626
1623,0.2323406334
1624,0.2324566746
1625,0.2325630904
1626,0.2326608265
1627,0.2327836926
1628,0.2328461556
1629,0.2329445935
1630,0.2330287667
1631,0.2331233998
1632,0.2331798277
1633,0.233270953
1634,0.2333482791
1635,0.23343785
1636,0.2335145958
1637,0.2336050679
1638,0.2336591146
1639,0.2337278829
1640,0.2337990045
1641,0.2338822831
1642,0.2339343177
1643,0.2340468396
1644,0.2341285743
1645,0.2342374571
1646,0.2342889131
1647,0.2344053057
1648,0.2344651637
1649,0.234566444
1650,0.2346249929
1651,0.2346983306
1652,0.2347661781
1653,0.2348378323
1654,0.2348757404
1655,0.234978181
1656,0.2349877063
1657,0.2350811486
1658,0.2350940487
1659,0.2351563401
1660,0.2352057757
1661,0.2352930085
1662,0.2352850028
1663,0.2353604543
1664,0.2354028321
1665,0.2354706171
1666,0.2355271513
1667,0.2355994745
1668,0.2356263798
1669,0.2356909291
1670,0.2357244897
1671,0.2357856606
1672,0.2358371909
1673,0.2358818494
1674,0.2359301746
1675,0.2359687797
1676,0.2360003242
1677,0.2360356453
1678,0.2360609281
1679,0.2361276819
1680,0.2361495898
1681,0.2361856297
1682,0.2362147364
1683,0.2362708298
1684,0.2363163529
1685,0.2363295961
1686,0.2363800419
1687,0.2364463436
1688,0.2364177912
1689,0.2365222612
1690,0.2365210754
1691,0.2365453978
1692,0.2366059992
1693,0.23665778
1694,0.2366742151
1695,0.2367070973
1696,0.2366948244
1697,0.2367208508
1698,0.2367644531
1699,0.2367501623
1700,0.2367544922
1701,0.2367742646
1702,0.236740074
1703,0.2367831205
1704,0.2367689634
1705,0.2367728496
1706,0.2367674037
1707,0.2367795076
1708,0.2367471687
1709,0.2367775994
1710,0.2367286772
1711,0.2367073361
1712,0.2366998036
1713,0.2367088307
1714,0.2366730064
1715,0.2366987307
1716,0.2366682477
1717,0.2366646424
1718,0.2366020183
1719,0.2366033526
1720,0.2365348733
1721,0.2364922243
1722,0.2364757588
1723,0.2364228827
1724,0.2363602852
1725,0.2363219252
1726,0.2362452991
1727,0.236232642
1728,0.2361451964
1729,0.2360824552
1730,0.2360180491
1731,0.2359777109
1732,0.2358881751
1733,0.2358562303
1734,0.2357162042
1735,0.2356482638
1736,0.2356032864
1737,0.2354532161
1738,0.2353613919
1739,0.2352900634
1740,0.2351738467
1741,0.2350580049
1742,0.2349631804
1743,0.234895759
1744,0.2347563065
1745,0.2346403379
1746,0.2345494258
1747,0.234412606
1748,0.2342758587
1749,0.2341851961
1750,0.2340747203
1751,0.2339413497
1752,0.2337879001
1753,0.2336562355
1754,0.2335976903
1755,0.2334460028
1756,0.2332942371
1757,0.2331448466
1758,0.2330191821
1759,0.2329171341
1760,0.2327451339
1761,0.232632752
1762,0.2325305048
1763,0.2324302262
1764,0.2323069741
1765,0.2321859847
1766,0.232095754
1767,0.2319985434
1768,0.2319020215
1769,0.231781726
1770,0.2316973216
1771,0.2316473389
1772,0.2316209992
1773,0.2315159398
1774,0.2314672614
1775,0.2313975063
1776,0.2313385654
1777,0.231315725
1778,0.2312811444
1779,0.2312354032
1780,0.2312004928
1781,0.231176172
1782,0.2311429502
1783,0.2310990536
1784,0.2310886609
1785,0.2310561728
1786,0.2310399171
1787,0.2310135857
1788,0.2310010401
1789,0.231001937
1790,0.2310048197
1791,0.2310471568
1792,0.2311020091
1793,0.2311309783
1794,0.2311319863
1795,0.2311798421
1796,0.2312232306
1797,0.2312552281
1798,0.2313086116
1799,0.2313200519
1800,0.2313537184
1801,0.2313646534
1802,0.231367121
1803,0.2313933694
1804,0.2313600559
1805,0.2313492657
1806,0.2313167482
1807,0.231285288
1808,0.231260164
1809,0.2312244784
1810,0.2312082808
1811,0.2311624125
1812,0.2311636438
1813,0.2311976841
1814,0.2312155667
1815,0.2312865931
1816,0.2312945332
1817,0.2313310139
1818,0.2313448713
1819,0.2313827836
1820,0.2314402493
1821,0.2314689165
1822,0.2314971683
1823,0.2315447995
1824,0.2315766123
1825,0.231597858
1826,0.2316156304
1827,0.2316096241
1828,0.2315799937
1829,0.2315781133
1830,0.2315225844
1831,0.2315113269
1832,0.2313656147
1833,0.2313185322
1834,0.2312361047
1835,0.2311312572
1836,0.2310322729
1837,0.2309254545
1838,0.2307706799
1839,0.2306222333
1840,0.2304405799
1841,0.2302584487
1842,0.2300587174
1843,0.2298040731
1844,0.2294705518
1845,0.2292589763
1846,0.2290441155
1847,0.2288334138
1848,0.2284018273
1849,0.227978977
1850,0.2277564459
1851,0.22733264
1852,0.2266918397
1853,0.2262606798
1854,0.2258358425
1855,0.2251998292
1856,0.2245654388
1857,0.2239413277
1858,0.2233112785
1859,0.2226902577
1860,0.2216725325
1861,0.2210484073
1862,0.2196665536
1863,0.2186733263
1864,0.2174981259
1865,0.2165201035
1866,0.2151788668
1867,0.2140226371
1868,0.2125267425
1869,0.2110505971
1870,0.2089257583
1871,0.2071615067
1872,0.2054285848
1873,0.2034141005
1874,0.2015840757
1875,0.1993626255
1876,0.19733573
1877,0.1941799208
1878,0.1917765356
1879,0.1893303902
1880,0.1869685292
1881,0.1841466875
1882,0.1817490448
1883,0.178111801
1884,0.175410997
1885,0.1728355979
1886,0.1702961626
1887,0.1676584658
1888,0.1644849582
1889,0.161960851
1890,0.1596809701
1891,0.1574582144
1892,0.1552432723
1893,0.1526867311
1894,0.1507303534
1895,0.1489563683
1896,0.1473027579
1897,0.1458390156
1898,0.1439199177
1899,0.1426472745
1900,0.1414649695
1901,0.1402870622
1902,0.1391148222
1903,0.1380161669
1904,0.1372162161
1905,0.1364626369
1906,0.1357518181
1907,0.1350826722
1908,0.1344658699
1909,0.1340918902
1910,0.1335645956
1911,0.1332663462
1912,0.1328278785
1913,0.1326086203
1914,0.1324166943
1915,0.1322471835
1916,0.1321056379
1917,0.131985977
1918,0.131876627
1919,0.1319462491
1920,0.13186309
1921,0.1319414504
1922,0.1318706186
1923,0.1319611903
1924,0.1320506096
1925,0.1321474249
1926,0.1320862594
1927,0.1321868497
1928,0.1322838649
1929,0.1323871063
1930,0.1326431837
1931,0.1327462325
1932,0.1328447702
1933,0.1329475262
1934,0.1332085441
1935,0.1333119665
1936,0.1335773166
1937,0.1336802349
1938,0.1339544298
1939,0.134231787
1940,0.1343443881
1941,0.1346294726
1942,0.1349183021
1943,0.1352173625
1944,0.1355164983
1945,0.1356310095
1946,0.1359383964
1947,0.1362448395
1948,0.1365559595
1949,0.1368672547
1950,0.1371798101
1951,0.1374964178
1952,0.1378102754
1953,0.1381328178
1954,0.1384523382
1955,0.1387746741
1956,0.1391039025
1957,0.139434202
1958,0.1397738723
1959,0.1401117665
1960,0.1404601727
1961,0.1408097464
1962,0.1414275777
1963,0.1415323677
1964,0.1421731861
1965,0.1425538442
1966,0.142666089
1967,0.1432580763
1968,0.1436577247
1969,0.1441293466
1970,0.1444869114
1971,0.1450384225
1972,0.1454138126
1973,0.145758961
1974,0.1463098222
1975,0.1467390553
1976,0.1472438512
1977,0.1476514039
1978,0.1482437307
1979,0.1486336813
1980,0.1492117566
1981,0.1496481635
1982,0.1500559544
1983,0.1506621437
1984,0.1511222848
1985,0.1517082233
1986,0.1521345198
1987,0.1527383748
1988,0.1531785366
1989,0.1537525729
1990,0.1542436333
1991,0.154783849
1992,0.1552394633
1993,0.1558387341
1994,0.1563051197
1995,0.1568691244
1996,0.1573424553
1997,0.1579199781
1998,0.1583518302
1999,0.158944083
2000,0.1594403621
2001,0.1598346823
2002,0.1604466419
2003,0.1610697281
2004,0.1615326624
2005,0.1621147377
2006,0.1625866924
2007,0.1631837573
2008,0.1636109975
2009,0.1642192552
2010,0.1646556506
2011,0.1652191526
2012,0.1656618246
2013,0.1663021526
2014,0.1667560116
2015,0.1673443774
2016,0.1678049752
2017,0.1684042364
2018,0.1688055445
2019,0.1694148328
2020,0.1698915746
2021,0.170442006
2022,0.1710691496
2023,0.1714828313
2024,0.1720440649
2025,0.1724631917
2026,0.1731092603
2027,0.1734552519
2028,0.1740349046
2029,0.1746176835
2030,0.1750468882
2031,0.1755583807
2032,0.1759920639
2033,0.1765934306
2034,0.1769489743
2035,0.1775576269
2036,0.1780868081
2037,0.1785341523
2038,0.1790683372
2039,0.1794327868
2040,0.1799749174
2041,0.180611578
2042,0.1809781366
2043,0.1815321838
2044,0.1819042828
2045,0.1823704151
2046,0.1829323272
2047,0.1833082794
2048,0.1838788532
2049,0.1842567734
2050,0.1847360438
2051,0.1852183622
2052,0.1856031086
2053,0.1860880631
2054,0.186679944
2055,0.1869657177
2056,0.1875662717
2057,0.1878549025
2058,0.1884616745
2059,0.188966164
2060,0.18926001
2061,0.1897703368
2062,0.1902852639
2063,0.1906915162
2064,0.1911028003
2065,0.1916272454
2066,0.1920414045
2067,0.1924581608
2068,0.1929923658
2069,0.1932962489
2070,0.193719805
2071,0.1942602996
2072,0.1945709682
2073,0.1949992559
2074,0.1955541204
2075,0.1958614327
2076,0.1962997537
2077,0.1967348169
2078,0.1970505868
2079,0.19748906
2080,0.1979278836
2081,0.1982469606
2082,0.198689821
2083,0.1991362247
2084,0.19945431
2085,0.1997761826
2086,0.2002247479
2087,0.2006808564
2088,0.2010027852
2089,0.2013286264
2090,0.2017881634
2091,0.2021113164
2092,0.2024442563
2093,0.2029092494
2094,0.2032458809
2095,0.2035794625
2096,0.2039190901
2097,0.2043980767
2098,0.2047389958
2099,0.2050881424
2100,0.2054340353
2101,0.2059323755
2102,0.2061442199
2103,0.2066458691
2104,0.2070109802
2105,0.2073767307
2106,0.207601945
2107,0.207975664
2108,0.2083504374
2109,0.2087361206
2110,0.2091205646
2111,0.2093632857
2112,0.2097553179
2113,0.2101558795
2114,0.2104014773
2115,0.2108051538
2116,0.2110530054
2117,0.2114549911
2118,0.2117075892
2119,0.2121124616
2120,0.212520765
2121,0.2129241612
2122,0.2131719889
2123,0.2135722257
2124,0.2138161402
2125,0.214210349
2126,0.2144433659
2127,0.214673769
2128,0.2150538675
2129,0.2152731772
2130,0.2154772795
2131,0.215845124
2132,0.2160353404
2133,0.2162220302
2134,0.2164021873
2135,0.2167334119
2136,0.2168974379
2137,0.2170450592
2138,0.217188276
2139,0.2173257346
2140,0.2174455492
2141,0.2175626609
2142,0.2176683658
2143,0.2177609525
2144,0.2178482419
2145,0.2179261841
2146,0.2179936013
2147,0.2180463115
2148,0.2179239684
2149,0.2179632899
2150,0.2179837928
2151,0.2180036518
2152,0.2180128799
2153,0.2180163836
2154,0.2180015722
2155,0.2178148775
2156,0.217794317
2157,0.2177643884
2158,0.2177272646
2159,0.2175119143
2160,0.2174681692
2161,0.2174215539
2162,0.2171883155
2163,0.2171330177
2164,0.2170760146
2165,0.2168417918
2166,0.2167703331
2167,0.2165290843
2168,0.2164646073
2169,0.2162195116
2170,0.2161515566
2171,0.2159010565
2172,0.2158309299
2173,0.2155834174
2174,0.2155077134
2175,0.2152481181
2176,0.2151701972
2177,0.2149117204
2178,0.2146528743
2179,0.214555997
2180,0.2144622118
2181,0.2141863044
2182,0.2140864225
2183,0.2137951553
2184,0.213510936
2185,0.2133972418
2186,0.2131054289
2187,0.2129809303
2188,0.212684908
2189,0.2123854492
2190,0.2122564601
2191,0.2119587733
2192,0.2116614994
2193,0.211364592
2194,0.2110715644
2195,0.2107879328
2196,0.2105150579
2197,0.2102462317
2198,0.2099950087
2199,0.2097609309
2200,0.2097098085
2201,0.2095102651
2202,0.2093216331
2203,0.2091652048
2204,0.2090305591
2205,0.2089158393
2206,0.208833763
2207,0.2087824728
2208,0.2087515802
2209,0.2087643307
2210,0.2088014469
2211,0.2088803939
2212,0.2089830755
2213,0.209117502
2214,0.2092709555
2215,0.209433091
2216,0.2096118332
2217,0.2096145344
2218,0.2097930908
2219,0.2099662675
2220,0.2101189829
2221,0.2102627317
2222,0.2103823934
2223,0.2104941754
2224,0.2105840277
2225,0.2106723247
2226,0.2105670634
2227,0.2106337282
2228,0.2106919772
2229,0.2107387401
2230,0.2106125209
2231,0.2106521352
2232,0.210695436
2233,0.2107294233
2234,0.2105935939
2235,0.2106287164
2236,0.210655644
2237,0.2105141656
2238,0.2105373227
2239,0.2105650535
2240,0.2104186998
2241,0.2104376268
2242,0.2102917627
2243,0.2103153036
2244,0.2101642473
2245,0.2101929371
2246,0.2100538582
2247,0.2100778038
2248,0.2099430444
2249,0.2099836003
2250,0.2098494967
2251,0.2097302651
2252,0.2097839003
2253,0.2096661761
2254,0.2095577796
2255,0.2096239881
2256,0.2095225287
2257,0.2094148958
2258,0.2094865842
2259,0.2093915739
2260,0.2094639661
2261,0.2093630945
2262,0.2092654724
2263,0.2091691446
2264,0.2090686318
2265,0.2089644983
2266,0.209022551
2267,0.2089026677
2268,0.2087818779
2269,0.2086542633
2270,0.2085187137
2271,0.2085408435
2272,0.2083851808
2273,0.2082249978
2274,0.2078916063
2275,0.2077171472
2276,0.2075385127
2277,0.2075137214
2278,0.2073223482
2279,0.2071269959
2280,0.2069312817
2281,0.2067305075
2282,0.206533035
2283,0.2063289157
2284,0.2061223801
2285,0.2059179806
2286,0.2055547678
2287,0.2053495402
2288,0.2049893652
2289,0.2047945583
2290,0.204599065
2291,0.2044030534
2292,0.2040547828
2293,0.2038662076
2294,0.2036787447
2295,0.2034964962
2296,0.2031557283
2297,0.2029700559
2298,0.2026307767
2299,0.2024413286
2300,0.2022542312
2301,0.2020619688
2302,0.2017145776
2303,0.2015165991
2304,0.2011703902
2305,0.200975427
2306,0.2006254213
2307,0.2004259125
2308,0.2000775949
2309,0.1998782181
2310,0.1995329609
2311,0.1993389572
2312,0.1989964238
2313,0.1988014253
2314,0.1983185075
2315,0.1981250477
2316,0.1977878406
2317,0.1974549065
2318,0.1972687763
2319,0.1969336935
2320,0.1967425228
2321,0.1964134104
2322,0.1959441578
2323,0.19575422
2324,0.1954278383
2325,0.1951021575
2326,0.1947801893
2327,0.1945918577
2328,0.194137063
2329,0.1938177427
2330,0.1936347083
2331,0.1933186133
2332,0.1930021245
2333,0.1926904698
2334,0.192513466
2335,0.191947878
2336,0.1917742131
2337,0.1914748054
2338,0.1911732319
2339,0.1908797666
2340,0.1903376289
2341,0.1901785066
2342,0.1898969428
2343,0.1896211743
2344,0.1893528282
2345,0.1890918694
2346,0.1887101495
2347,0.1884664976
2348,0.1882321341
2349,0.1880031435
2350,0.1877909181
2351,0.1873474902
2352,0.1872730569
2353,0.1869706573
2354,0.1867958701
2355,0.1866244995
2356,0.1864603911
2357,0.1860676187
2358,0.1859077589
2359,0.1857480832
2360,0.1855853081
2361,0.1854207467
2362,0.1849164677
2363,0.1847446411
2364,0.1845706754
2365,0.1843913562
2366,0.1839875145
2367,0.1837992636
2368,0.1836066141
2369,0.1832981492
2370,0.1830943614
2371,0.1826683772
2372,0.1824522248
2373,0.1821279907
2374,0.1819038276
2375,0.1813661384
2376,0.1812442055
2377,0.1809145059
2378,0.1805866948
2379,0.180363258
2380,0.1798399493
2381,0.1796238936
2382,0.1793105727
2383,0.1791009983
2384,0.1785990876
2385,0.1783941971
2386,0.1780936561
2387,0.1778913677
2388,0.1774053337
2389,0.1772124581
2390,0.176913181
2391,0.1767132522
2392,0.1762352681
2393,0.1759446177
2394,0.1756504806
2395,0.1754483248
2396,0.1749730053
2397,0.1747650605
2398,0.1744644824
2399,0.1742501642
2400,0.1737686247
