  3.9108313e+002
  3.6746808e+002
  3.9874321e+002
  3.7393095e+002
  4.0834340e+002
  3.6537860e+002
  3.6123814e+002
  3.7512422e+002
  3.8582986e+002
  4.2710062e+002
  3.5066958e+002
  4.0900730e+002
  4.3245269e+002
  4.1408791e+002
  4.2772826e+002
  4.2843668e+002
  4.2131548e+002
  4.2342211e+002
  4.1595518e+002
  4.2561495e+002
  4.0223041e+002
  4.5883539e+002
  4.4916906e+002
  3.9141715e+002
  4.2618033e+002
  4.3855544e+002
  4.1641341e+002
  4.1161447e+002
  4.2705599e+002
  4.0564590e+002
  3.2969991e+002
  3.0953139e+002
  4.8178487e+002
  4.3728188e+002
  3.9795226e+002
  4.5820207e+002
  4.8582762e+002
  4.9711467e+002
  4.4576635e+002
  4.3860284e+002
  4.8697338e+002
  4.8292676e+002
  5.0686252e+002
  5.2186331e+002
  5.1300594e+002
  5.4034400e+002
  4.7437926e+002
  5.3047584e+002
  5.4253087e+002
  5.5438214e+002
  5.5151391e+002
  5.9338613e+002
  5.6653805e+002
  5.2224643e+002
  5.5797096e+002
  5.5011802e+002
  5.7391564e+002
  5.7592970e+002
  5.7590566e+002
  5.6450112e+002
  5.6359014e+002
  5.8618132e+002
  5.9337303e+002
  5.9941449e+002
  5.8388704e+002
  5.7424259e+002
  5.9462133e+002
  5.5743049e+002
  5.8676893e+002
  5.9662370e+002
  5.7454681e+002
  5.8255597e+002
  6.0695565e+002
  5.9152724e+002
  6.0271689e+002
  6.1677487e+002
  5.9532040e+002
  5.8906830e+002
  6.2735064e+002
  6.0406118e+002
  6.2704040e+002
  6.1206827e+002
  6.3028671e+002
  6.1691241e+002
  6.0590140e+002
  6.1224017e+002
  4.8131468e+002
  5.4334524e+002
  6.0318459e+002
  5.6599467e+002
  6.3828538e+002
  6.1575080e+002
  5.8246805e+002
  6.2046050e+002
  6.0073726e+002
  6.4137295e+002
  6.1267886e+002
  6.2434985e+002
  6.1173804e+002
  6.0923566e+002
  6.1010220e+002
  5.8625235e+002
  5.7391479e+002
  6.1837772e+002
  5.7142214e+002
  6.1495448e+002
  6.4880113e+002
  6.0962823e+002
  5.9666829e+002
  6.3712525e+002
  6.1761910e+002
  6.1736623e+002
  6.4555611e+002
  6.0555828e+002
  5.8926086e+002
  6.1090840e+002
  6.2245186e+002
  4.8569911e+002
  5.9311755e+002
  5.5600659e+002
  6.2179630e+002
  6.0466138e+002
  6.2808049e+002
  5.8075998e+002
  6.3979939e+002
  6.3203310e+002
  6.2808623e+002
  5.3950861e+002
  6.2215238e+002
  6.4773452e+002
  6.1923732e+002
  6.6241424e+002
  6.4566308e+002
  5.8419940e+002
  6.3342682e+002
  6.3521576e+002
  6.6222721e+002
  6.0858400e+002
  6.4490085e+002
  6.3475047e+002
  6.2735409e+002
  5.9387651e+002
  6.3774901e+002
  6.1959899e+002
  6.4290585e+002
  6.3517610e+002
  6.2554000e+002
  6.4743477e+002
  6.1182069e+002
  6.4975518e+002
  6.3695136e+002
  6.3303566e+002
  6.5155483e+002
  6.3002331e+002
  6.4407665e+002
  6.5472600e+002
  6.4140809e+002
  6.1578821e+002
  6.4190377e+002
  6.0553231e+002
  6.0331741e+002
  6.5883527e+002
  6.1753291e+002
  6.3320528e+002
  6.2395036e+002
  6.3811539e+002
  6.0289048e+002
  6.3628884e+002
  6.2951088e+002
  6.1393149e+002
  6.2097228e+002
  5.9483410e+002
  6.3067228e+002
  6.3482219e+002
  6.3703392e+002
  6.2585237e+002
  6.1430660e+002
  6.3821197e+002
  6.2134600e+002
  6.1836109e+002
  6.3879853e+002
  6.3379254e+002
  6.4114348e+002
  6.4985476e+002
  6.4839600e+002
  6.4527068e+002
  6.1917203e+002
  6.4296785e+002
  6.3248291e+002
  5.4747747e+002
  5.6775720e+002
  6.1638189e+002
  6.0204719e+002
  6.1171850e+002
  6.1303913e+002
  5.9920344e+002
  6.2225791e+002
  6.2567325e+002
  6.2137523e+002
  6.1525737e+002
  6.2533453e+002
  6.2616980e+002
  6.1379387e+002
  6.2939546e+002
  6.3970557e+002
  6.4304138e+002
  6.3527292e+002
  6.3812174e+002
  6.3325300e+002
  6.2987545e+002
  6.2307270e+002
  6.3255211e+002
  6.2427730e+002
  6.3337492e+002
  6.0838597e+002
  6.3420979e+002
  6.0456507e+002
  6.0938120e+002
  6.2891606e+002
  6.2332128e+002
  6.3698918e+002
  6.4317611e+002
  6.2002978e+002
  6.1838732e+002
  6.2778136e+002
  6.1012457e+002
  6.1071395e+002
  6.2481361e+002
  5.9884619e+002
  6.1839695e+002
  6.0195793e+002
  6.2564308e+002
  5.9765254e+002
  6.2896841e+002
  6.1448570e+002
  6.2614665e+002
  6.1503943e+002
  6.2935120e+002
  6.3522187e+002
  6.3723467e+002
  6.1460693e+002
  6.1872687e+002
  6.1899686e+002
  6.2911569e+002
  6.2729887e+002
  6.2564618e+002
  6.0725965e+002
  6.0871950e+002
  5.9676878e+002
  6.0145161e+002
  5.8148918e+002
  6.2726493e+002
  5.9513805e+002
  6.1764071e+002
  6.2196438e+002
  5.9537835e+002
  5.1494180e+002
  5.4138980e+002
  6.0827134e+002
  6.1332800e+002
  6.1590434e+002
  6.2333436e+002
  6.3359476e+002
  6.2955153e+002
  6.2101473e+002
  6.2745659e+002
  6.3120823e+002
  6.2494914e+002
  6.2534646e+002
  6.3527393e+002
  6.2861005e+002
  6.2641535e+002
  6.1489983e+002
  6.2740372e+002
  6.2684191e+002
  6.2155608e+002
  6.2880984e+002
  6.2080623e+002
  6.2981793e+002
  6.2421751e+002
  6.2242114e+002
  6.2073365e+002
  6.2256552e+002
  6.2195170e+002
  6.0746210e+002
  6.1863594e+002
  6.0681718e+002
  4.5556166e+002
  5.0659482e+002
  5.2170854e+002
  5.2963752e+002
  5.6151145e+002
  5.6597693e+002
  5.5133617e+002
  5.3605461e+002
  5.5755045e+002
  5.5599470e+002
  6.0062030e+002
  5.8136473e+002
  5.6918455e+002
  5.6446203e+002
  5.4837226e+002
  5.5693941e+002
  5.5893676e+002
  5.7325173e+002
  5.7962835e+002
  5.8374282e+002
  5.8202334e+002
  5.8997184e+002
  5.8118227e+002
  5.8823019e+002
  5.8730283e+002
  5.8277010e+002
  5.8280005e+002
  5.8527706e+002
  5.6440586e+002
  5.6950632e+002
  4.6120971e+002
  4.2808477e+002
  3.8651857e+002
  3.9616657e+002
  4.6250323e+002
  5.4098391e+002
  4.8788997e+002
  4.4502512e+002
  4.3646984e+002
  4.5783557e+002
  4.6577264e+002
  4.3743295e+002
  4.5473039e+002
  4.8434450e+002
  4.5237030e+002
  5.0302618e+002
  5.2835587e+002
  5.4906002e+002
  5.3615202e+002
  5.3718383e+002
  5.3912533e+002
  5.5631245e+002
  5.3810728e+002
  5.5485178e+002
  5.5383535e+002
  5.5543522e+002
  5.6726682e+002
  5.7150044e+002
  5.6687846e+002
  5.7030394e+002
  5.7681153e+002
  5.7084288e+002
  5.7218228e+002
  5.6399414e+002
  5.5892882e+002
  5.7378808e+002
  5.5918722e+002
  5.7283049e+002
  5.6868985e+002
  5.6337636e+002
  5.6674651e+002
  5.6758400e+002
  5.5351373e+002
  1.6960823e+002
  1.0740727e+002
  3.5250735e+002
  2.0434466e+002
  2.8518337e+002
  3.4995307e+002
  4.0707032e+002
  4.6612443e+002
  5.2987873e+002
  5.3378794e+002
  5.4413825e+002
  5.5173692e+002
  5.4530107e+002
  5.4914745e+002
  5.5092938e+002
  5.4034941e+002
  5.5256887e+002
  5.5137777e+002
  5.3997291e+002
  5.4920075e+002
  5.4305042e+002
  5.4376809e+002
  5.5062001e+002
  5.4143918e+002
  5.4059388e+002
  5.4154881e+002
  5.4166736e+002
  5.3190096e+002
  5.2320222e+002
  5.2234451e+002
  5.0351740e+002
  5.1555603e+002
  5.0837238e+002
  5.0050771e+002
  5.1906115e+002
  5.1111760e+002
  4.9828002e+002
  5.0662294e+002
  5.2244204e+002
  5.1536196e+002
  4.9381396e+002
  5.0442641e+002
  5.0400578e+002
  4.9367736e+002
  5.0361518e+002
  4.9482141e+002
  5.1327172e+002
  5.0926254e+002
  5.0856905e+002
  4.9708220e+002
  4.8228328e+002
  4.8719766e+002
  4.6596081e+002
  4.5770622e+002
  3.9263307e+002
  3.8473101e+002
  3.6481506e+002
  3.7288923e+002
  3.6018518e+002
  4.0335650e+002
  3.6975365e+002
  4.6210441e+002
  4.3070632e+002
  2.7788658e+002
  4.2861157e+002
  4.4555866e+002
  4.2908429e+002
  4.5336173e+002
  3.6874600e+002
  4.3099529e+002
  4.2142337e+002
  4.2133252e+002
  4.0448989e+002
  4.4394249e+002
  4.2174915e+002
  4.6688042e+002
  4.4490846e+002
  4.7586197e+002
  4.6525743e+002
  4.6636854e+002
  4.7808297e+002
  4.7290923e+002
  4.7915658e+002
  4.8059868e+002
  4.6901599e+002
  4.8041823e+002
  4.8802607e+002
  4.8014958e+002
  4.8349827e+002
  4.8400840e+002
  4.2512363e+002
  4.7708431e+002
  4.6861226e+002
  4.7417612e+002
  3.8575719e+002
  4.2582083e+002
  4.6750341e+002
  4.7898925e+002
  4.7604304e+002
  4.7751963e+002
  4.6959127e+002
  4.7182573e+002
  4.7383841e+002
  4.7963549e+002
  4.7885312e+002
  4.6883663e+002
  4.0769962e+002
  4.3242520e+002
  4.6405882e+002
  4.6195532e+002
  4.7170685e+002
  4.7046624e+002
  4.6685269e+002
  4.6838703e+002
  4.6153404e+002
  4.5644946e+002
  4.6406036e+002
  4.6365003e+002
  4.5972606e+002
  4.6248151e+002
  4.5982484e+002
  4.3641266e+002
  4.6375069e+002
  4.5610195e+002
  4.5716875e+002
  4.6001659e+002
  4.4836045e+002
  4.3989963e+002
  4.4793611e+002
  4.5858182e+002
  4.4733953e+002
  4.4889428e+002
  4.4247141e+002
  4.1349590e+002
  4.1282503e+002
  3.7827082e+002
  3.6088443e+002
  3.0277985e+002
  3.2989561e+002
  2.3396987e+002
  3.4240233e+002
  2.7092265e+002
  3.1877328e+002
  2.9803811e+002
  3.9776375e+002
  3.9355525e+002
  3.5656830e+002
  3.0053985e+002
  2.8565564e+002
  3.1651411e+002
  2.7992410e+002
  3.1066645e+002
  3.1173804e+002
  2.7849885e+002
  2.8305473e+002
  2.9448462e+002
  2.6674056e+002
  3.2834750e+002
  2.5312398e+002
  3.3804977e+002
  3.4471380e+002
  3.6169578e+002
  3.1887988e+002
  3.4616420e+002
  3.2018296e+002
  3.1596035e+002
  3.1458057e+002
  3.5717892e+002
  2.5020376e+002
  2.3765950e+002
  1.7677784e+002
  1.5751691e+002
  1.1151127e+002
  8.2121838e+001
  3.9558160e+001
  9.9251841e+001
  4.7133693e+001
  6.2229590e+001
  6.5917091e+001
  1.5924467e+002
  1.9965719e+002
  1.3628283e+002
  1.5539537e+002
  1.0289114e+002
  1.1307235e+002
  1.4485851e+002
  7.2741560e+001
  1.4087379e+002
  1.0862298e+002
  2.0110047e+002
  4.1739968e+001
  2.2809381e+002
  9.3277526e+001
  1.3221710e+002
  1.8166574e+002
  1.4697704e+002
  1.4236693e+002
  1.1840967e+002
  2.0576493e+002
  1.5786699e+002
  1.7339191e+002
  1.9199810e+002
  1.9119215e+002
  2.2030650e+002
  1.9680613e+002
  2.2421766e+002
  2.1412882e+002
  2.2446964e+002
  3.0875923e+002
  3.2088278e+002
  3.0286310e+002
  3.4905832e+002
  3.3069624e+002
  2.8285061e+002
  2.6944034e+002
  2.7978180e+002
  2.6666506e+002
  2.9852702e+002
  2.9854883e+002
  3.0362957e+002
  2.8696004e+002
  3.4891666e+002
  3.3485894e+002
  3.1734979e+002
  3.6831663e+002
  3.2895795e+002
  3.7007645e+002
  3.6450560e+002
  3.6233014e+002
  3.7093352e+002
  3.6288640e+002
  3.7555011e+002
  3.7700548e+002
  3.6381315e+002
  3.7683735e+002
  3.7577191e+002
  3.7489003e+002
  3.7647973e+002
  3.7513048e+002
  3.7390059e+002
  3.6716224e+002
  3.7447117e+002
  3.6372020e+002
  3.6829523e+002
  3.6347926e+002
  3.4374220e+002
  3.5854840e+002
  3.6690444e+002
  3.6590592e+002
  3.6220400e+002
  3.6159637e+002
  3.6702754e+002
  3.6446766e+002
  3.6478487e+002
  3.6728316e+002
  3.6013485e+002
  3.6241610e+002
  3.5855662e+002
  3.6429112e+002
  3.4944745e+002
  3.5921852e+002
  3.5957993e+002
  3.5380523e+002
  3.5977519e+002
  3.5351419e+002
  3.5982737e+002
  3.5873687e+002
  3.5753640e+002
  3.5776552e+002
  3.5107471e+002
  3.5760269e+002
  3.5566329e+002
  3.5571607e+002
  3.4827543e+002
  3.5395591e+002
  3.4858527e+002
  3.5363992e+002
  3.4591650e+002
  3.5042158e+002
  3.5156649e+002
  3.4812715e+002
  3.4949344e+002
  3.5045206e+002
  3.4456139e+002
  3.4819949e+002
  3.4689927e+002
  3.3696751e+002
  3.4326460e+002
  3.4671214e+002
  3.4463373e+002
  3.4271121e+002
  3.4274095e+002
  3.4055778e+002
  3.4121202e+002
  3.3701000e+002
  3.3956823e+002
  3.3858821e+002
  3.3787362e+002
  3.3499702e+002
  3.2331725e+002
  3.3438286e+002
  3.2290174e+002
  3.3131341e+002
  3.2533133e+002
  3.3013133e+002
  3.2846123e+002
  3.1934229e+002
  3.2654230e+002
  3.2553729e+002
  3.0064496e+002
  3.1773853e+002
  3.2389066e+002
  3.2201548e+002
  3.1315769e+002
  3.2728582e+002
  3.0398566e+002
  3.2361201e+002
  3.1388737e+002
  3.1814374e+002
  3.1340960e+002
  3.0977508e+002
  2.9708472e+002
  3.1134107e+002
  3.0572290e+002
  2.9704186e+002
  3.0717337e+002
  2.8873254e+002
  2.8405313e+002
  3.0931099e+002
  2.9255758e+002
  2.8250038e+002
  3.0583890e+002
  3.0703244e+002
  2.5940899e+002
  2.6724709e+002
  2.6097406e+002
  2.4949869e+002
  2.9622741e+002
  2.4417840e+002
  2.5130479e+002
  2.4020070e+002
  2.4188397e+002
  2.1920172e+002
  2.2342248e+002
  2.1827538e+002
  2.5319556e+002
  1.6899725e+002
  2.3313650e+002
  1.9184606e+002
  1.8956240e+002
  2.2603105e+002
  1.3898297e+002
  2.0018137e+002
  1.0922568e+002
  1.3711391e+002
  1.0340309e+002
  7.8550937e+001
  2.6316271e+001
  8.9126972e+001
  3.9596466e+001
  4.4074483e+001
  6.7137490e+001
  2.2205676e+001
  4.4382583e+001
  3.5887076e+001
  4.4644580e+001
  1.3621029e+001
  5.7207300e+001
  2.9216764e+001
  3.2312106e+001
  1.8257453e+001
  1.1352397e+002
  9.6636572e+001
  4.8060768e+001
  1.0733169e+001
  5.0674318e+000
  4.3803401e+001
  1.1707009e+002
  7.4207405e+001
  1.3089783e+002
  9.2367939e+001
  8.0927792e+001
  9.3669356e+001
  1.2414105e+002
  4.6719771e+001
  4.8110667e+001
  5.9782647e+001
  1.5502986e+001
  1.1103563e+002
  9.0542441e+001
  4.5194496e+001
  7.3390773e+001
  1.0267295e+002
  1.0053196e+002
  4.6915859e+001
  1.3175734e+002
  1.1048952e+002
  1.4419760e+002
  1.3372985e+002
  1.5784341e+002
  1.2091264e+002
  1.6322050e+002
  1.7072349e+002
  2.2655143e+002
  1.8755973e+002
  1.7973093e+002
  1.8263720e+002
  1.9813023e+002
  1.9904647e+002
  2.1088552e+002
  2.3325664e+002
  2.1891592e+002
  2.3128346e+002
  2.3019355e+002
  1.5728952e+002
  2.3092516e+002
  2.3812132e+002
  2.3645064e+002
  1.6786690e+002
  2.5542169e+002
  2.1727741e+002
  2.1971304e+002
  1.5955556e+002
  2.1926667e+002
  2.1021617e+002
  2.0134072e+002
  2.4542314e+002
  2.2673517e+002
  1.5633150e+002
  2.1526780e+002
  2.3681074e+002
  2.2049069e+002
  2.4138888e+002
  2.2359044e+002
  2.4281739e+002
  2.2567972e+002
  2.1145558e+002
  2.4784003e+002
  2.1610053e+002
  1.7373527e+002
  2.2497382e+002
  2.1911515e+002
  2.2283946e+002
  2.2069974e+002
  1.7525177e+002
  2.2704797e+002
  2.4927996e+002
  2.1292196e+002
  2.2051126e+002
  2.1145375e+002
  2.3295316e+002
  2.1577852e+002
  2.1127760e+002
  2.4372773e+002
  2.1718045e+002
  2.1929774e+002
  2.3706680e+002
  2.3500072e+002
  2.4184591e+002
  2.2914509e+002
  2.3975014e+002
  2.4247181e+002
  2.3712413e+002
  2.3176616e+002
  2.2957992e+002
  2.4014810e+002
  2.4795617e+002
  2.2321183e+002
  2.4621089e+002
  2.4641967e+002
  2.3987907e+002
  2.4996835e+002
  2.4684599e+002
  2.3569587e+002
  2.4985783e+002
  2.4561457e+002
  2.4984091e+002
  2.4564351e+002
  2.4903779e+002
  2.4621685e+002
  2.4548596e+002
  2.4513777e+002
  2.4596832e+002
  2.4407475e+002
  2.4013185e+002
  2.4529612e+002
  2.4301809e+002
  2.4160628e+002
  2.4218684e+002
  2.4275028e+002
  2.4088480e+002
  2.3784030e+002
  2.3830187e+002
  2.3468248e+002
  2.3314552e+002
  2.3558751e+002
  2.3014791e+002
  2.2736742e+002
  2.3124784e+002
  2.2228364e+002
  2.2431603e+002
  2.1785803e+002
  2.0596957e+002
  2.0995537e+002
  1.9141066e+002
  2.0306158e+002
  2.0253381e+002
  2.0100712e+002
  1.9330603e+002
  1.3173285e+002
  2.0208419e+002
  2.0967619e+002
  2.1303524e+002
  2.1016228e+002
  2.1298166e+002
  2.1394826e+002
  2.1879525e+002
  2.1740130e+002
  2.2331235e+002
  2.1977887e+002
  2.1810105e+002
  2.1534924e+002
  1.9490299e+002
  2.1276466e+002
  2.2204191e+002
  2.2140875e+002
  2.2642863e+002
  2.2243157e+002
  2.1621772e+002
  2.1258150e+002
  2.1901890e+002
  2.2629994e+002
  2.0694793e+002
  2.1740757e+002
  2.1497703e+002
  2.1457118e+002
  1.9661325e+002
  1.8518023e+002
  2.0510804e+002
  2.2192297e+002
  1.8817668e+002
  1.8209217e+002
  2.0855754e+002
  1.8570890e+002
  1.4277882e+002
  2.0467143e+002
  2.0752028e+002
  1.3925563e+002
  1.8329985e+002
  1.9602601e+002
  1.4308363e+002
  1.6765969e+002
  1.7535489e+002
  1.4936679e+002
  1.3184936e+002
  1.2585670e+002
  1.6731276e+002
  1.4665482e+002
  1.7119647e+002
  1.1766418e+002
  1.1977188e+002
  1.5481982e+002
  1.5674667e+002
  9.8408091e+001
  1.1368746e+002
  1.6465056e+002
  1.3411552e+002
  1.1985544e+002
  1.0943088e+002
  7.4475489e+001
  1.0486245e+002
  4.7176095e+001
  5.3533661e+001
  8.8711641e+001
  7.3318266e+001
  9.5396901e+001
  6.8796023e+001
  8.4165329e+001
  7.0777359e+001
  7.7253324e+001
  6.6783495e+001
  7.1992182e+001
  8.1266744e+001
  5.5810702e+001
  2.5790928e+001
  3.7232762e+001
  1.4092951e+001
  1.3463304e+001
  2.4366542e-001
  1.7255216e+000
  3.3727900e+000
  2.1870705e-001
  1.0197467e-001
  9.3798770e-003
  5.1061338e-003
  0.0000000e+000
  3.1664304e-004
  5.1698694e-004
  0.0000000e+000
  0.0000000e+000
  0.0000000e+000
  0.0000000e+000
  0.0000000e+000
  0.0000000e+000
  0.0000000e+000
  0.0000000e+000
  0.0000000e+000
  0.0000000e+000
  0.0000000e+000
  0.0000000e+000
  0.0000000e+000
  0.0000000e+000
  0.0000000e+000
  0.0000000e+000
  8.8932255e-004
  2.3929093e-003
  4.8554447e-003
  2.7659524e-004
  2.5484659e-002
  0.0000000e+000
  5.3693479e-004
  0.0000000e+000
  0.0000000e+000
  0.0000000e+000
  0.0000000e+000
  0.0000000e+000
  0.0000000e+000
  1.4945883e-003
  0.0000000e+000
  1.3180950e-002
  9.9910077e-003
  1.8460588e-002
  5.9055714e-004
  2.3478503e-003
  8.0709005e-004
  0.0000000e+000
  0.0000000e+000
  6.2987628e-004
  6.6411666e-002
  1.3283704e-002
  0.0000000e+000
  0.0000000e+000
  8.0207116e-002
  1.2780508e-001
  2.0271957e-002
  4.3938519e-005
  7.4598105e-002
  0.0000000e+000
  6.0663713e-002
  3.0096922e-002
  8.0681641e-003
  9.7194351e-002
  2.9164565e-001
  2.7562782e+000
  6.4715824e-003
  4.1535828e-003
  4.7303748e+000
  7.1671271e-001
  1.0996461e+000
  6.4451102e-003
  6.3254681e-001
  1.1711842e+000
  8.7110413e+000
  3.0547981e-001
  2.2477497e+000
  6.4029802e+000
  4.5905639e+000
  1.1403901e+001
  5.3691587e-001
  8.6225754e+000
  1.7018871e+001
  1.4494376e+001
  2.4135532e-001
  1.2847216e+001
  1.7205193e+000
  3.8893932e+000
  1.0326095e+001
  5.5010185e+000
  3.2983852e+000
  1.0128583e+001
  1.3446646e+001
  4.8364241e+000
  5.1184963e+000
  1.0176663e+001
  1.5246320e+001
  1.2231875e+001
  2.7919994e+000
  8.0473339e+000
  4.1031281e+001
  2.6258973e+001
  4.7047567e+000
  1.3303297e+000
  1.3561986e+001
  2.5720154e+001
  5.7225440e+001
  2.1825333e+001
  2.6643490e+001
  4.1883451e+001
  5.2935838e+001
  6.3904553e+001
  2.4098013e+001
  2.8346071e+001
  4.4644030e+001
  1.1581397e+001
  6.4461803e+001
  3.8693028e+001
  1.8287996e+001
  8.9867493e+000
  2.3495543e+001
  3.0520273e+001
  1.0078667e+001
  4.9027944e+000
  1.0095089e+001
  1.8065971e+001
  3.9077581e+001
  7.3041642e+001
  2.2175213e+001
  1.1882145e+001
  2.0500842e+001
  4.9114689e+001
  1.5472290e+001
  4.3614416e+001
  1.9154919e+001
  5.7815758e+001
  5.2487777e+001
  4.3452970e+001
  4.8315103e+001
  1.6927717e+001
  2.9767204e+001
  8.0735391e+001
  6.8671543e+001
  9.2181193e+001
  6.6848622e+001
  7.7533165e+001
  9.0190625e+001
  8.6999790e+001
  8.7578865e+001
  1.1198101e+002
  8.9711675e+001
  1.1072335e+002
  1.2758113e+002
  1.2830105e+002
  1.3140631e+002
  9.1613025e+001
  6.8056828e+001
  9.0872457e+001
  1.3564928e+002
  1.4093020e+002
  1.3053377e+002
  9.0061392e+001
  1.4771466e+002
  1.3863186e+002
  1.3878384e+002
  1.3180002e+002
  1.1434558e+002
  1.4799661e+002
  1.3312145e+002
  1.3041763e+002
  1.3163484e+002
  1.2451021e+002
  1.3663522e+002
  1.5826257e+002
  1.4045659e+002
  1.5437935e+002
  1.5541206e+002
  1.3773362e+002
  1.4404814e+002
  1.3749450e+002
  1.5775191e+002
  1.4993033e+002
  1.3973220e+002
  1.4489702e+002
  1.5865075e+002
  1.5603572e+002
  1.5232748e+002
  1.4726210e+002
  1.5327096e+002
  1.5244665e+002
  1.5426179e+002
  1.5230331e+002
  1.5053536e+002
  1.5221250e+002
  1.5072653e+002
  1.5341948e+002
  1.5002054e+002
  1.5770765e+002
  1.5505270e+002
  1.5576155e+002
  1.5112686e+002
  1.5525383e+002
  1.5387127e+002
  1.5238145e+002
  1.5288835e+002
  1.5538363e+002
  1.4952257e+002
  1.5257940e+002
  1.5004864e+002
  1.5496072e+002
  1.5374037e+002
  1.5317489e+002
  1.5043433e+002
  1.5417879e+002
  1.5370156e+002
  1.5097603e+002
  1.4884987e+002
  1.5252236e+002
  1.4883810e+002
  1.4920573e+002
  1.4563163e+002
  1.4538557e+002
  1.3731886e+002
  1.3406137e+002
  1.3416446e+002
  1.3197661e+002
  1.3870784e+002
  1.3199731e+002
  1.4301560e+002
  1.2139163e+002
  1.3396569e+002
  1.3597387e+002
  1.3918529e+002
  1.4227168e+002
  1.3646916e+002
  1.3944387e+002
  1.4224085e+002
  1.4668835e+002
  1.4455241e+002
  1.4216050e+002
  1.4140018e+002
  1.2994095e+002
  1.3787175e+002
  1.3560704e+002
  1.4192908e+002
  1.4723886e+002
  1.4465508e+002
  1.4719932e+002
  1.3720068e+002
  1.4169556e+002
  1.4521414e+002
  1.3795975e+002
  1.3610286e+002
  1.2892352e+002
  1.2771090e+002
  1.2687804e+002
  1.3002023e+002
  1.3484823e+002
  1.3742045e+002
  1.3433999e+002
  1.3128169e+002
  1.3016845e+002
  1.2386660e+002
  1.2794771e+002
  1.3091449e+002
  1.3554646e+002
  1.3739228e+002
  1.3927742e+002
  1.3107475e+002
  1.3496460e+002
  1.3975590e+002
  1.3882983e+002
  1.3424647e+002
  1.3510529e+002
  1.3706948e+002
  1.4077707e+002
  1.4113495e+002
  1.3721850e+002
  1.3954464e+002
  1.3907648e+002
  1.4004470e+002
  1.4042084e+002
  1.3658330e+002
  1.3799916e+002
  1.3697326e+002
  1.3512498e+002
  1.3327414e+002
  1.3534502e+002
  1.3653529e+002
  1.3065520e+002
  1.2872069e+002
  1.2562722e+002
  1.2334481e+002
  1.2789192e+002
  1.2653896e+002
  1.2708805e+002
  1.3035291e+002
  1.2777307e+002
  1.2471665e+002
  1.3207492e+002
  1.2622613e+002
  1.2786222e+002
  1.3089009e+002
  1.2181159e+002
  1.2820815e+002
  1.2815162e+002
  1.2666581e+002
  1.2860405e+002
  1.2797952e+002
  1.2952203e+002
  1.3064381e+002
  1.2893913e+002
  1.3057049e+002
  1.2914273e+002
  1.2605705e+002
  1.2963279e+002
  1.2725409e+002
  1.2715093e+002
  1.0619445e+002
  1.2429496e+002
  1.2620711e+002
  1.2374091e+002
  1.2923152e+002
  1.2598615e+002
  1.2022400e+002
  1.2539963e+002
  1.2378022e+002
  1.2528970e+002
  1.2063470e+002
  1.2086290e+002
  1.1883570e+002
  1.2355372e+002
  1.1821913e+002
  1.1193077e+002
  1.1759832e+002
  1.2038044e+002
  1.1420399e+002
  1.2396226e+002
  1.2137375e+002
  1.1899630e+002
  1.2268060e+002
  1.1883924e+002
  1.2247610e+002
  1.0442334e+002
  1.1976786e+002
  1.2320746e+002
  1.1710532e+002
  1.2263608e+002
  1.2241705e+002
  9.3686299e+001
  1.2050088e+002
  1.2143237e+002
  1.1364249e+002
  1.0391428e+002
  1.1923908e+002
  1.1471727e+002
  1.1377420e+002
  1.1621527e+002
  1.1351962e+002
  1.0856013e+002
  1.0428643e+002
  9.2401041e+001
  1.1846499e+002
  1.0512934e+002
  1.1669216e+002
  1.1493932e+002
  9.8488060e+001
  1.0597476e+002
  1.0284916e+002
  1.1633425e+002
  1.1409011e+002
  1.1678615e+002
  1.1208193e+002
  8.2651642e+001
  1.1246115e+002
  1.0621710e+002
  7.6049173e+001
  9.5437038e+001
  1.0150114e+002
  1.1104790e+002
  1.0582484e+002
  8.6278971e+001
  1.1241206e+002
  1.1014102e+002
  7.2871830e+001
  8.7809765e+001
  1.0379478e+002
  1.0587777e+002
  7.5363889e+001
  7.3763622e+001
  1.0034898e+002
  1.0468021e+002
  8.1666103e+001
  7.4794766e+001
  8.8308593e+001
  1.0450066e+002
  9.8282433e+001
  8.9106320e+001
  9.7239405e+001
  2.3383252e+001
  9.1699339e+001
  1.0143764e+002
  1.0333762e+002
  8.7228638e+001
  7.5732197e+001
  9.9425206e+001
  1.0320367e+002
  6.7477962e+001
  9.3174939e+001
  5.2690492e+001
  9.2489325e+001
  1.0390189e+002
  1.0138091e+002
  7.9463746e+001
  7.5220710e+001
  6.2648905e+001
  9.6076100e+001
  8.8649905e+001
  3.3029881e+001
  8.3702184e+001
  7.6041515e+001
  8.4974746e+001
  5.7608711e+001
  6.7205390e+001
  8.8207947e+001
  8.2868104e+001
  3.8127033e+001
  6.5761819e+001
  3.2157204e+001
  6.2274594e+001
  5.3875272e+001
  2.4187911e+001
  7.0717808e+001
  3.7733848e+001
  4.9871687e+001
  6.6193883e+001
  3.7182304e+001
  1.8107173e+001
  1.9163622e+001
  3.0451278e+001
  5.9434973e+001
  5.4841601e+001
  6.8680878e+001
  1.5187296e+001
  2.2055002e+001
  1.5530245e+001
  8.8834257e+000
  1.5433015e+001
  1.8789427e+001
  1.4870793e+001
  1.7929323e+001
  3.8645847e+001
  4.9816711e+000
  1.0947138e-001
  3.1654216e-001
  2.8491587e+000
  5.3721981e+000
  1.1053061e+001
  3.8785187e-003
  5.8220588e-001
  4.9904070e+000
  1.6738706e+000
  2.9084785e+000
  3.5611232e-004
  2.0286499e-001
  1.3036788e-002
  1.3400651e+000
  5.0980286e-001
  1.2948924e-003
  2.6712001e-002
  3.1415279e-001
  2.1442563e-002
  5.9078134e-003
  0.0000000e+000
  0.0000000e+000
  8.7270645e-002
  3.1743336e-001
  5.0131895e-003
  0.0000000e+000
  4.1476048e-004
  6.8807348e-005
  0.0000000e+000
  0.0000000e+000
  0.0000000e+000
  0.0000000e+000
  0.0000000e+000
  1.3672660e-004
  0.0000000e+000
  0.0000000e+000
  0.0000000e+000
  0.0000000e+000
  0.0000000e+000
  0.0000000e+000
  0.0000000e+000
  0.0000000e+000
  0.0000000e+000
  0.0000000e+000
  2.6535446e-004
  0.0000000e+000
  0.0000000e+000
  0.0000000e+000
  0.0000000e+000
  0.0000000e+000
  0.0000000e+000
  6.6020576e-005
  0.0000000e+000
  0.0000000e+000
  0.0000000e+000
  0.0000000e+000
  0.0000000e+000
  0.0000000e+000
  0.0000000e+000
  0.0000000e+000
  0.0000000e+000
  3.1627204e-004
  6.3480523e-005
  0.0000000e+000
  0.0000000e+000
  4.7296826e-004
  0.0000000e+000
  0.0000000e+000
  0.0000000e+000
  0.0000000e+000
  0.0000000e+000
  0.0000000e+000
  0.0000000e+000
  0.0000000e+000
  0.0000000e+000
  0.0000000e+000
  0.0000000e+000
  0.0000000e+000
  5.8232242e-004
  1.8818636e-003
  0.0000000e+000
  2.5333235e-003
  3.6536642e-003
  0.0000000e+000
  0.0000000e+000
  3.8203837e-004
  0.0000000e+000
  2.6024737e-002
  8.2606452e-003
  0.0000000e+000
  0.0000000e+000
  0.0000000e+000
  0.0000000e+000
  0.0000000e+000
  1.4832152e-002
  7.1380545e-003
  1.3930306e-003
  0.0000000e+000
  0.0000000e+000
  0.0000000e+000
  0.0000000e+000
  0.0000000e+000
  0.0000000e+000
  0.0000000e+000
  0.0000000e+000
  0.0000000e+000
  0.0000000e+000
  2.3376612e-004
  2.6585984e-004
  4.4308872e-005
  0.0000000e+000
  0.0000000e+000
  0.0000000e+000
  0.0000000e+000
  5.8380728e-005
  5.7854637e-005
  0.0000000e+000
  3.6723458e-002
  6.5885211e-003
  0.0000000e+000
  0.0000000e+000
  7.0254997e-003
  3.0349202e-002
  0.0000000e+000
  8.0387651e-002
  1.3803184e-001
  0.0000000e+000
  4.5109500e-004
  6.7356307e-003
  2.3692021e-002
  0.0000000e+000
  1.4857654e-001
  6.6790875e-002
  0.0000000e+000
  1.6985234e+000
  8.8306832e-002
  9.3131924e-002
  6.0935793e-002
  2.4425308e-002
  2.3616077e-001
  2.2828081e-001
  1.5069948e+000
  6.9119999e+000
  1.8578341e-001
  9.9501692e-003
  1.7066809e+000
  3.6758245e+000
  1.0172587e+000
  1.4943723e+000
  3.2784631e+000
  6.1408180e+000
  1.0976257e+001
  2.7837515e+000
  3.4992733e+000
  2.8294635e+000
  1.8952783e+000
  1.5472482e+000
  2.2981892e+000
  8.4974555e-001
  1.3794934e+001
  3.0107373e+000
  1.2081220e+001
  1.3180114e+000
  9.3562020e+000
  1.1672398e+001
  1.3773443e+001
  2.4355347e+001
  1.3949134e+001
  2.8760976e+001
  4.1876727e+001
  1.6870847e+001
  8.1853844e+000
  3.5818990e+001
  2.1214198e+001
  4.1296760e+001
  2.6352713e+001
  4.8758122e+001
  4.3824423e+001
  4.1324429e+001
  4.1284316e+000
  3.3618893e+001
  5.2281272e+001
  3.4300994e+001
  5.9283230e+001
  4.2811978e+001
  5.3716934e+001
  1.0693873e+001
  4.7733617e+001
  5.7342132e+001
  2.2336005e+001
  4.2903923e+001
  5.4318595e+001
  5.9584802e+001
  4.1640955e+001
  4.6493353e+001
  3.5786470e+001
  2.8089589e+001
  2.1055589e+001
  2.3705147e+001
  2.1017884e+001
  1.1254813e+001
  8.2617229e+000
  7.8996330e+000
  5.4062012e+000
  5.8708671e+000
  6.6905937e+000
  8.2960523e+000
  1.9013102e+001
  3.4073419e+001
  1.8115330e+001
  1.5034073e+001
  1.5147993e+001
  1.0838215e+001
  1.2806771e+001
  1.4762006e+001
  1.4066861e+001
  8.7048511e+000
  1.5358037e+001
  2.2735812e+001
  2.2452621e+001
  1.9298113e+001
  3.4064215e+001
  3.6149655e+001
  3.7825621e+001
  3.5845711e+001
  5.0277101e+001
  4.9856784e+001
  3.9514573e+001
  3.7922870e+001
  5.0068359e+001
  5.0721223e+001
  5.7325198e+001
  4.7343106e+001
  5.7946436e+001
  5.7516757e+001
  6.0240305e+001
  6.0348749e+001
  4.9278679e+001
  5.8976335e+001
  4.1222977e+001
  5.5125762e+001
  5.5700003e+001
  5.3618425e+001
  4.4200760e+001
  5.2744096e+001
  5.6851026e+001
  5.7592149e+001
  4.7027263e+001
  4.4738707e+001
  3.7052338e+001
  4.3308708e+001
  3.1008309e+001
  3.3927761e+001
  2.4519388e+001
  3.0225699e+001
  3.6201642e+001
  3.2359787e+001
  3.5709410e+001
  3.6560805e+001
  5.2518386e+001
  4.1798466e+001
  3.4920676e+001
  3.4226179e+001
  3.3812571e+001
  3.8529876e+001
  3.3519460e+001
  3.4940501e+001
  4.1606344e+001
  3.8712582e+001
  3.3579851e+001
  4.1828829e+001
  4.0021926e+001
  4.3069932e+001
  4.5130046e+001
  4.4057366e+001
  4.9848721e+001
  4.6015052e+001
  3.8900227e+001
  5.4170967e+001
  5.6779358e+001
  5.4959804e+001
  5.3106647e+001
  4.9922940e+001
  5.3003041e+001
  4.5447335e+001
  5.1932760e+001
  5.5614040e+001
  5.5879454e+001
  5.3496768e+001
  5.1442221e+001
  5.6202350e+001
  5.2695865e+001
  5.5498652e+001
  4.6736158e+001
  5.5936261e+001
  5.6057861e+001
  5.6108282e+001
  5.6667413e+001
  4.1137350e+001
  5.3499848e+001
  5.6242947e+001
  4.2619376e+001
  5.7077117e+001
  5.7536055e+001
  5.4856341e+001
  5.7175909e+001
  5.6463639e+001
  5.7202798e+001
  5.6923303e+001
  5.0920389e+001
  5.6185907e+001
  4.6111666e+001
  5.5830422e+001
  5.7012500e+001
  5.5883914e+001
  5.4254548e+001
  5.4867305e+001
  5.4128785e+001
  4.4833111e+001
  4.9679874e+001
  5.5250073e+001
  5.5940950e+001
  5.6129057e+001
  4.9574763e+001
  5.2779852e+001
  5.6075373e+001
  5.4695219e+001
  4.3144534e+001
  5.5880543e+001
  5.5458847e+001
  5.6056892e+001
  5.5963784e+001
  5.5574784e+001
  5.5762605e+001
  5.5572231e+001
  4.7949656e+001
  5.5379776e+001
  5.5311493e+001
  5.4112396e+001
  5.4942453e+001
  5.5183231e+001
  5.4851144e+001
  5.4616517e+001
  5.4747014e+001
  5.3851495e+001
  5.3071530e+001
  5.4185346e+001
  5.2498708e+001
  5.3663569e+001
  5.0974956e+001
  4.7187375e+001
  4.5428307e+001
  4.4702677e+001
  4.9099760e+001
  5.1268707e+001
  5.1999455e+001
  5.2701398e+001
  5.1255136e+001
  4.7241979e+001
  4.9221144e+001
  4.9645307e+001
  5.1387898e+001
  4.7166186e+001
  3.5629097e+001
  4.8943468e+001
  4.2562792e+001
  4.6611148e+001
  4.8861089e+001
  4.1161721e+001
  5.0218977e+001
  5.1553272e+001
  5.0564838e+001
  4.9512381e+001
  4.2049467e+001
  4.8670572e+001
  4.2761810e+001
  5.0442583e+001
  5.0793401e+001
  4.2339229e+001
  4.9460150e+001
  5.0942926e+001
  4.9899470e+001
  3.6022691e+001
  4.7814511e+001
  3.1994942e+001
  5.0364564e+001
  4.5815786e+001
  3.9910660e+001
  4.8206668e+001
  4.8914485e+001
  4.4200560e+001
  5.0568803e+001
  5.0280830e+001
  4.5315585e+001
  4.1820047e+001
  4.7255749e+001
  4.5733477e+001
  3.5914756e+001
  4.3150039e+001
  3.9444432e+001
  4.4680528e+001
  4.5324549e+001
  4.6669795e+001
  4.3847457e+001
  3.8959070e+001
  4.6409351e+001
  4.3457636e+001
  4.5609657e+001
  4.7220318e+001
  4.6452817e+001
  4.8267583e+001
  4.8844125e+001
  4.8459261e+001
  4.7780868e+001
  4.3375830e+001
  4.0690433e+001
  4.6597298e+001
  4.6523712e+001
  4.7929855e+001
  4.6722745e+001
  4.6606551e+001
  4.6121958e+001
  4.6214064e+001
  4.6912337e+001
  4.3720860e+001
  4.4444883e+001
  4.3727543e+001
  4.6390671e+001
  4.6942169e+001
  4.7181672e+001
  4.6329941e+001
  4.3824361e+001
  4.5612644e+001
  4.5243303e+001
  4.6151191e+001
  4.3042635e+001
  4.5127992e+001
  4.3723759e+001
  4.5328919e+001
  4.4237474e+001
  4.5220591e+001
  4.4779230e+001
  4.4080678e+001
  4.0806751e+001
  4.5922028e+001
  4.3439850e+001
  3.9572086e+001
  4.3552091e+001
  4.4942241e+001
  4.3741016e+001
  4.3262822e+001
  4.3655868e+001
  4.3637813e+001
  4.0199289e+001
  4.2777997e+001
  4.2016354e+001
  3.9501880e+001
  4.2143313e+001
  4.4122726e+001
  4.2673560e+001
  3.9795842e+001
  3.6265186e+001
  4.2231571e+001
  3.9638860e+001
  3.8846256e+001
  4.3337390e+001
  4.3406187e+001
  3.9342260e+001
  3.5281691e+001
  4.1562544e+001
  4.1820186e+001
  3.9404484e+001
  4.1853638e+001
  4.2546669e+001
  3.7922343e+001
  3.5496552e+001
  3.9983194e+001
  4.2239926e+001
  4.2912653e+001
  4.3068639e+001
  3.8193493e+001
  3.9585921e+001
  3.3725259e+001
  3.7411906e+001
  3.8824398e+001
  4.1851777e+001
  4.0967076e+001
  4.0627370e+001
  3.8965855e+001
  3.4983746e+001
  3.7349525e+001
  3.5407682e+001
  3.8216357e+001
  3.7135710e+001
  3.2862685e+001
  3.1556139e+001
  3.8453233e+001
  3.5442182e+001
  3.5638547e+001
  3.5804872e+001
  3.7134736e+001
  3.7706605e+001
  3.8095418e+001
  3.5055193e+001
  3.5772621e+001
  3.8166376e+001
  3.5741659e+001
  3.8906347e+001
  3.7237536e+001
  3.8542943e+001
  4.0648761e+001
  3.8069804e+001
  4.1231326e+001
  4.0986212e+001
  3.8798243e+001
  3.0658472e+001
  2.4160704e+001
  2.4387022e+001
  3.2720926e+001
  3.4513613e+001
  3.6184094e+001
  2.7206315e+001
  2.5663304e+001
  3.1791897e+001
  3.7727370e+001
  3.5101619e+001
  3.7265264e+001
  3.3913987e+001
  3.5929109e+001
  3.7264631e+001
  3.2207285e+001
  3.2911721e+001
  3.6960310e+001
  3.5699337e+001
  3.2142870e+001
  3.5341497e+001
  3.7212645e+001
  3.4600617e+001
  2.9328317e+001
  2.2175188e+001
  2.6799617e+001
  2.6749417e+001
  3.4575597e+001
  3.3681554e+001
  2.6647336e+001
  3.2099019e+001
  2.7884186e+001
  2.7011549e+001
  3.2118572e+001
  2.5084858e+001
  2.4331643e+001
  1.0377440e+001
  2.5122027e+001
  3.3288422e+001
  3.1716561e+001
  2.7423470e+001
  2.7055583e+001
  2.3879700e+001
  2.7972313e+001
  3.5211340e+001
  3.4793052e+001
  3.1234306e+001
  3.3601904e+001
  2.1159496e+001
  3.2269466e+001
  3.3593933e+001
  2.3810146e+001
  2.9133829e+001
  1.9728095e+001
  2.2419112e+001
  6.6086782e+000
  2.0642274e+001
  2.3633223e+001
  2.9123436e+001
  3.0511589e+001
  2.0689733e+001
  2.1200447e+001
  1.3891233e+001
  2.4111683e+001
  2.2321761e+001
  2.1274570e+001
  3.0900023e+001
  1.5135815e+001
  8.1469516e+000
  2.4476440e+001
  7.7573704e+000
  2.3447213e+001
  1.4354895e+001
  2.7753447e+001
  2.5942557e+001
  1.9549068e+001
  1.6092141e+001
  2.7586236e+001
  2.7587127e+001
  2.4706461e+001
  2.3426819e+001
  6.6376482e+000
  1.9891397e+001
  2.7868781e+001
  1.9531189e+001
  2.8261068e+000
  0.0000000e+000
  0.0000000e+000
  7.7621646e-005
  3.6016078e-001
  2.2403691e+000
  1.7459966e+000
  3.1305499e+000
  2.7232211e+000
  7.0440386e+000
  9.8289786e+000
  8.8170872e+000
  8.1752203e+000
  7.6833983e+000
  6.6301498e+000
  6.2732079e+000
  4.1710307e+000
  6.9692543e-001
  0.0000000e+000
  5.3588029e-004
  2.2213918e-001
  1.7574279e+000
  1.8544208e+000
  1.1078565e+000
  1.0714190e+000
  4.7624966e-001
  2.8225383e-001
  3.2721928e-002
  5.5846909e-003
  4.1773033e-005
  6.6812468e-008
  0.0000000e+000
  0.0000000e+000
  0.0000000e+000
  0.0000000e+000
  0.0000000e+000
  0.0000000e+000
  0.0000000e+000
  0.0000000e+000
  0.0000000e+000
  0.0000000e+000
  0.0000000e+000
  0.0000000e+000
  0.0000000e+000
  0.0000000e+000
  0.0000000e+000
  0.0000000e+000
  8.5737102e-008
  4.0619537e-008
  2.9250208e-004
  4.8869548e-003
  1.1176000e-003
  1.6853987e-002
  3.4507416e-002
  1.2894700e-002
  1.1857831e-001
  2.6075585e-001
  1.6946213e-001
  2.4691634e-001
  2.4694089e-001
  2.3199224e-001
  2.6478415e-001
  2.4943946e-001
  2.1866389e-001
  2.4280065e-001
  2.2616398e-001
  2.2992535e-001
  2.1475517e-001
  1.9555299e-001
  9.2247320e-002
  3.2901895e-002
  6.9134127e-002
  5.2242151e-002
  6.0951142e-002
  8.5942613e-002
  1.2542677e-001
  1.5215505e-001
  1.4045590e-001
  1.3113264e-001
  1.3701241e-001
  1.1581149e-001
  1.2070014e-001
  1.2085029e-001
  1.0465472e-001
  1.0693941e-001
  9.3866547e-002
  1.0121421e-001
  9.1644068e-002
  7.8590172e-002
  8.3632388e-002
  7.8263145e-002
  7.4979318e-002
  5.6827208e-002
  6.8412687e-002
  6.1310309e-002
  6.5959161e-002
  5.2550683e-002
  6.0519014e-002
  4.7321614e-002
  3.9727844e-002
  2.6467019e-002
  2.3213073e-002
  4.0611344e-002
  3.1169158e-002
  2.6819335e-002
  2.7534899e-002
  2.9680835e-002
  1.7368167e-002
  8.3114558e-003
  6.0394685e-003
  1.9845697e-003
  2.6192893e-003
  1.4623100e-003
  3.1254779e-003
  1.5405328e-004
  3.8885259e-004
  4.1300206e-005
  7.8201907e-008
  0.0000000e+000
  0.0000000e+000
  0.0000000e+000
  0.0000000e+000
  0.0000000e+000
  0.0000000e+000
  0.0000000e+000
  0.0000000e+000
  3.0446828e-005
  5.7746103e-005
  8.0582356e-005
  2.4356784e-005
  1.8925620e-006
  1.4650463e-007
  1.0327118e-008
  0.0000000e+000
  0.0000000e+000
  0.0000000e+000
  0.0000000e+000
  0.0000000e+000
  0.0000000e+000
  0.0000000e+000
  0.0000000e+000
  0.0000000e+000
  0.0000000e+000
  0.0000000e+000
  0.0000000e+000
  0.0000000e+000
  0.0000000e+000
  0.0000000e+000
  0.0000000e+000
  0.0000000e+000
  0.0000000e+000
  0.0000000e+000
  0.0000000e+000
  0.0000000e+000
  0.0000000e+000
  0.0000000e+000
  0.0000000e+000
  0.0000000e+000
  0.0000000e+000
  0.0000000e+000
  0.0000000e+000
