  400.   576.11717   499.97770  1076.09487   5.06991   0.00000   5.06991   0.01480   0.01480   0.01478   0.99884  85.83124  85.83124  80.49897  80.49897
  401.   587.24507   505.58234  1092.82741   5.15455   0.00000   5.15455   0.01482   0.01482   0.01480   0.99884  86.55086  86.55086  81.07835  81.07835
  402.   594.14432   507.51242  1101.65674   5.20042   0.00000   5.20042   0.01483   0.01483   0.01481   0.99884  86.52860  86.52860  80.95969  80.95969
  403.   583.37749   494.43378  1077.81127   5.09255   0.00000   5.09255   0.01484   0.01484   0.01483   0.99884  83.95797  83.95797  78.45989  78.45989
  404.   589.68745   495.89207  1085.57952   5.13457   0.00000   5.13457   0.01486   0.01486   0.01484   0.99884  83.81235  83.81235  78.22903  78.22903
  405.   570.96340   476.28349  1047.24689   4.96490   0.00000   4.96490   0.01489   0.01489   0.01488   0.99883  80.06985  80.06985  74.64718  74.64718
  406.   578.34405   478.87462  1057.21867   5.01567   0.00000   5.01567   0.01490   0.01490   0.01489   0.99883  80.30075  80.30075  74.77260  74.77260
  407.   551.62966   453.23401  1004.86367   4.77232   0.00000   4.77232   0.01492   0.01492   0.01490   0.99883  75.55745  75.55745  70.26959  70.26959
  408.   584.24069   476.32706  1060.56775   5.04272   0.00000   5.04272   0.01494   0.01494   0.01492   0.99883  79.19231  79.19231  73.55995  73.55995
  409.   652.55461   528.05164  1180.60625   5.61957   0.00000   5.61957   0.01495   0.01495   0.01494   0.99883  87.46219  87.46219  81.14215  81.14215
  410.   571.56020   459.20895  1030.76914   4.91241   0.00000   4.91241   0.01497   0.01497   0.01495   0.99883  75.73358  75.73358  70.17606  70.17606
  411.   636.51389   507.38923  1143.90312   5.45890   0.00000   5.45890   0.01499   0.01499   0.01497   0.99883  83.28693  83.28693  77.07589  77.07589
  412.   676.18651   535.30405  1211.49056   5.78834   0.00000   5.78834   0.01501   0.01501   0.01499   0.99883  87.52803  87.52803  80.89993  80.89993
  413.   627.47149   493.05106  1120.52255   5.36207   0.00000   5.36207   0.01503   0.01503   0.01502   0.99883  80.29270  80.29270  74.12067  74.12067
  414.   635.28533   495.52761  1130.81294   5.42210   0.00000   5.42210   0.01506   0.01506   0.01505   0.99883  80.49612  80.49612  74.21481  74.21481
  415.   649.25912   502.78481  1152.04392   5.53191   0.00000   5.53191   0.01509   0.01509   0.01507   0.99883  81.33045  81.33045  74.88754  74.88754
  416.   678.73163   521.94867  1200.68030   5.77360   0.00000   5.77360   0.01511   0.01511   0.01509   0.99883  84.12025  84.12025  77.35626  77.35626
  417.   648.25511   495.04237  1143.29749   5.50659   0.00000   5.50659   0.01513   0.01513   0.01511   0.99883  79.55609  79.55609  73.06656  73.06656
  418.   632.28855   479.29895  1111.58750   5.36343   0.00000   5.36343   0.01516   0.01516   0.01514   0.99883  76.72524  76.72524  70.37439  70.37439
  419.   631.49116   475.41577  1106.90693   5.35226   0.00000   5.35226   0.01519   0.01519   0.01517   0.99883  75.85380  75.85380  69.48662  69.48662
  420.   579.27016   433.03968  1012.30984   4.90286   0.00000   4.90286   0.01522   0.01522   0.01520   0.99883  68.68218  68.68218  62.83445  62.83445
  421.   670.62233   497.94262  1168.56495   5.67217   0.00000   5.67217   0.01525   0.01525   0.01523   0.99883  78.75875  78.75875  71.95858  71.95858
  422.   650.19084   479.54750  1129.73834   5.49808   0.00000   5.49808   0.01529   0.01529   0.01527   0.99883  75.56790  75.56790  68.95454  68.95454
  423.   588.15690   430.75288  1018.90977   4.97105   0.00000   4.97105   0.01533   0.01533   0.01531   0.99883  67.71926  67.71926  61.71166  61.71166
  424.   617.40631   449.09485  1066.50116   5.21417   0.00000   5.21417   0.01536   0.01536   0.01534   0.99883  70.32201  70.32201  63.99872  63.99872
  425.   620.25390   448.20762  1068.46153   5.23225   0.00000   5.23225   0.01538   0.01538   0.01537   0.99883  69.97222  69.97222  63.59431  63.59431
  426.   623.18274   447.36817  1070.55091   5.25064   0.00000   5.25064   0.01541   0.01541   0.01539   0.99883  69.62736  69.62736  63.19285  63.19285
  427.   598.11647   426.62849  1024.74495   5.03164   0.00000   5.03164   0.01543   0.01543   0.01541   0.99883  66.18794  66.18794  59.98866  59.98866
  428.   591.60141   419.08727  1010.68868   4.96993   0.00000   4.96993   0.01545   0.01545   0.01543   0.99883  64.68162  64.68162  58.54038  58.54038
  429.   547.86103   385.66299   933.52403   4.59677   0.00000   4.59677   0.01547   0.01547   0.01545   0.99883  59.47037  59.47037  53.74879  53.74879
  430.   445.77665   311.88200   757.65865   3.73558   0.00000   3.73558   0.01549   0.01549   0.01547   0.99883  47.88862  47.88862  43.22086  43.22086
  431.   416.17631   289.04371   705.22003   3.48258   0.00000   3.48258   0.01551   0.01551   0.01550   0.99883  44.25126  44.25126  39.87815  39.87815
  432.   666.73685   460.33630  1127.07315   5.57432   0.00000   5.57432   0.01554   0.01554   0.01552   0.99883  70.26648  70.26648  63.23438  63.23438
  433.   653.54276   448.30215  1101.84491   5.46004   0.00000   5.46004   0.01557   0.01557   0.01555   0.99883  68.23153  68.23153  61.31527  61.31527
  434.   619.59338   422.44137  1042.03474   5.17319   0.00000   5.17319   0.01560   0.01560   0.01558   0.99883  64.13837  64.13837  57.55815  57.55815
  435.   653.42235   442.71957  1096.14193   5.44954   0.00000   5.44954   0.01562   0.01562   0.01560   0.99883  66.89244  66.89244  59.94098  59.94098
  436.   721.26812   485.45017  1206.71828   6.00634   0.00000   6.00634   0.01564   0.01564   0.01562   0.99883  73.15226  73.15226  65.45259  65.45259
  437.   721.14695   482.53250  1203.67945   5.99843   0.00000   5.99843   0.01566   0.01566   0.01564   0.99883  72.62079  72.62079  64.88173  64.88173
  438.   670.47638   445.87481  1116.35119   5.57227   0.00000   5.57227   0.01568   0.01568   0.01566   0.99883  66.92237  66.92237  59.70320  59.70320
  439.   642.70832   424.65271  1067.36104   5.33672   0.00000   5.33672   0.01571   0.01571   0.01569   0.99883  63.41926  63.41926  56.49352  56.49352
  440.   701.86541   461.00514  1162.87055   5.82516   0.00000   5.82516   0.01574   0.01574   0.01572   0.99883  68.57761  68.57761  60.99971  60.99971
  441.   721.57901   471.21745  1192.79646   5.99039   0.00000   5.99039   0.01578   0.01578   0.01576   0.99883  69.97072  69.97072  62.11236  62.11236
  442.   770.61664   500.00079  1270.61743   6.39983   0.00000   6.39983   0.01582   0.01582   0.01580   0.99883  74.22509  74.22509  65.76604  65.76604
  443.   759.73888   489.45263  1249.19151   6.31407   0.00000   6.31407   0.01588   0.01588   0.01586   0.99883  72.59174  72.59174  64.21130  64.21130
  444.   771.11529   494.25931  1265.37460   6.41832   0.00000   6.41832   0.01593   0.01593   0.01592   0.99883  73.04241  73.04241  64.46159  64.46159
  445.   776.75286   494.96896  1271.72182   6.47360   0.00000   6.47360   0.01599   0.01599   0.01597   0.99883  72.93606  72.93606  64.24481  64.24481
  446.   730.03955   462.48184  1192.52139   6.09271   0.00000   6.09271   0.01605   0.01605   0.01603   0.99883  68.09019  68.09019  59.85123  59.85123
  447.   805.68549   507.74274  1313.42823   6.73621   0.00000   6.73621   0.01611   0.01611   0.01609   0.99883  74.62302  74.62302  65.44905  65.44905
  448.   829.05271   519.65814  1348.71084   6.94613   0.00000   6.94613   0.01618   0.01618   0.01616   0.99883  76.15543  76.15543  66.65436  66.65436
  449.   821.98870   512.49836  1334.48706   6.90376   0.00000   6.90376   0.01625   0.01625   0.01623   0.99883  74.83295  74.83295  65.36303  65.36303
  450.   863.71006   535.42341  1399.13347   7.27180   0.00000   7.27180   0.01633   0.01633   0.01631   0.99883  78.06939  78.06939  68.05074  68.05074
  451.   913.42404   563.05367  1476.47771   7.71166   0.00000   7.71166   0.01641   0.01641   0.01639   0.99883  81.98971  81.98971  71.30200  71.30200
  452.   861.39559   528.29451  1389.69010   7.29313   0.00000   7.29313   0.01649   0.01649   0.01647   0.99884  76.87055  76.87055  66.69139  66.69139
  453.   794.51405   484.58086  1279.09491   6.74428   0.00000   6.74428   0.01656   0.01656   0.01655   0.99884  70.37616  70.37616  60.91178  60.91178
  454.   846.04828   513.06041  1359.10870   7.19838   0.00000   7.19838   0.01664   0.01664   0.01662   0.99884  74.51660  74.51660  64.33946  64.33946
  455.   853.20469   514.62087  1367.82556   7.27360   0.00000   7.27360   0.01671   0.01671   0.01669   0.99884  74.66063  74.66063  64.30654  64.30654
  456.   884.97019   530.84116  1415.81135   7.55695   0.00000   7.55695   0.01677   0.01677   0.01675   0.99884  76.81392  76.81392  65.99848  65.99848
  457.   897.49014   535.54429  1433.03443   7.67897   0.00000   7.67897   0.01683   0.01683   0.01681   0.99884  77.47526  77.47526  66.40193  66.40193
  458.   868.55544   515.52001  1384.07545   7.44284   0.00000   7.44284   0.01689   0.01689   0.01687   0.99884  74.43363  74.43363  63.63760  63.63760
  459.   870.76744   513.87772  1384.64516   7.47233   0.00000   7.47233   0.01695   0.01695   0.01693   0.99884  74.09151  74.09151  63.18555  63.18555
  460.   868.75472   510.09126  1378.84598   7.46447   0.00000   7.46447   0.01701   0.01701   0.01699   0.99884  73.43722  73.43722  62.46853  62.46853
  461.   896.37806   523.45492  1419.83298   7.70469   0.00000   7.70469   0.01705   0.01705   0.01703   0.99884  75.11979  75.11979  63.78758  63.78758
  462.   878.45972   510.35358  1388.81330   7.55231   0.00000   7.55231   0.01708   0.01708   0.01706   0.99884  73.20902  73.20902  62.05290  62.05290
  463.   884.27338   511.00089  1395.27427   7.60055   0.00000   7.60055   0.01711   0.01711   0.01709   0.99884  73.09132  73.09132  61.84084  61.84084
  464.   882.20812   507.21038  1389.41849   7.58358   0.00000   7.58358   0.01715   0.01715   0.01713   0.99884  72.39014  72.39014  61.13615  61.13615
  465.   877.52517   501.91034  1379.43552   7.53968   0.00000   7.53968   0.01717   0.01717   0.01715   0.99884  71.63148  71.63148  60.38280  60.38280
  466.   906.32650   515.88985  1422.21635   7.78662   0.00000   7.78662   0.01720   0.01720   0.01718   0.99884  73.42731  73.42731  61.78056  61.78056
  467.   882.75829   499.87895  1382.63723   7.58341   0.00000   7.58341   0.01723   0.01723   0.01721   0.99884  71.09363  71.09363  59.70771  59.70771
  468.   919.17262   517.83901  1437.01163   7.89443   0.00000   7.89443   0.01726   0.01726   0.01724   0.99884  73.38380  73.38380  61.51930  61.51930
  469.   917.19667   513.99795  1431.19461   7.87700   0.00000   7.87700   0.01729   0.01729   0.01727   0.99884  72.74265  72.74265  60.87435  60.87435
  470.   906.64195   505.27019  1411.91215   7.78567   0.00000   7.78567   0.01732   0.01732   0.01730   0.99884  71.48965  71.48965  59.72397  59.72397
  471.   891.55766   494.69007  1386.24773   7.65855   0.00000   7.65855   0.01736   0.01736   0.01734   0.99884  69.86557  69.86557  58.24580  58.24580
  472.   933.11080   515.11114  1448.22195   8.01529   0.00000   8.01529   0.01739   0.01739   0.01737   0.99884  72.52048  72.52048  60.34102  60.34102
  473.   912.34906   501.29395  1413.64302   7.83969   0.00000   7.83969   0.01742   0.01742   0.01740   0.99884  70.43773  70.43773  58.49402  58.49402
  474.   915.18962   500.39780  1415.58742   7.86456   0.00000   7.86456   0.01745   0.01745   0.01743   0.99884  70.21549  70.21549  58.18928  58.18928
  475.   949.15555   516.56170  1465.71725   8.16035   0.00000   8.16035   0.01749   0.01749   0.01747   0.99884  72.32404  72.32404  59.81694  59.81694
  476.   937.71758   507.82820  1445.54578   8.06793   0.00000   8.06793   0.01753   0.01753   0.01751   0.99884  71.01104  71.01104  58.61839  58.61839
  477.   934.94224   503.92340  1438.86564   8.05106   0.00000   8.05106   0.01758   0.01758   0.01756   0.99884  70.32493  70.32493  57.93933  57.93933
  478.   966.05843   518.33123  1484.38966   8.32401   0.00000   8.32401   0.01762   0.01762   0.01760   0.99884  72.30096  72.30096  59.45183  59.45183
  479.   925.95778   494.44237  1420.40015   7.98419   0.00000   7.98419   0.01766   0.01766   0.01764   0.99884  68.83146  68.83146  56.48955  56.48955
  480.   937.26238   498.07373  1435.33611   8.08728   0.00000   8.08728   0.01770   0.01770   0.01768   0.99885  69.23945  69.23945  56.71510  56.71510
  481.   934.64342   494.33350  1428.97692   8.07242   0.00000   8.07242   0.01775   0.01775   0.01773   0.99885  68.63840  68.63840  56.10031  56.10031
  482.   954.92988   502.70116  1457.63104   8.25632   0.00000   8.25632   0.01779   0.01779   0.01777   0.99885  69.69654  69.69654  56.84240  56.84240
  483.   952.53482   499.21933  1451.75415   8.24677   0.00000   8.24677   0.01785   0.01785   0.01783   0.99885  69.13849  69.13849  56.26515  56.26515
  484.   922.35773   481.27622  1403.63395   7.99572   0.00000   7.99572   0.01790   0.01790   0.01788   0.99885  66.60518  66.60518  54.08651  54.08651
  485.   905.94959   470.34560  1376.29520   7.86542   0.00000   7.86542   0.01795   0.01795   0.01793   0.99885  65.09570  65.09570  52.75645  52.75645
  486.   780.82927   403.61596  1184.44523   6.79330   0.00000   6.79330   0.01802   0.01802   0.01800   0.99885  55.80704  55.80704  45.13347  45.13347
  487.   834.20347   429.21124  1263.41471   7.27310   0.00000   7.27310   0.01809   0.01809   0.01806   0.99885  59.25579  59.25579  47.81633  47.81633
  488.   903.23088   462.74668  1365.97756   7.89854   0.00000   7.89854   0.01817   0.01817   0.01814   0.99885  63.89857  63.89857  51.45747  51.45747
  489.   876.18691   446.82214  1323.00905   7.68539   0.00000   7.68539   0.01825   0.01825   0.01823   0.99885  61.63702  61.63702  49.53856  49.53856
  490.   954.22816   484.61140  1438.83956   8.40045   0.00000   8.40045   0.01834   0.01834   0.01832   0.99885  66.78887  66.78887  53.56754  53.56754
  491.   911.70107   461.07386  1372.77494   8.05925   0.00000   8.05925   0.01844   0.01844   0.01842   0.99885  63.39269  63.39269  50.74485  50.74485
  492.   866.37440   436.33326  1302.70766   7.69431   0.00000   7.69431   0.01856   0.01856   0.01853   0.99885  59.96325  59.96325  47.90881  47.90881
  493.   936.33872   469.41361  1405.75233   8.35888   0.00000   8.35888   0.01868   0.01868   0.01866   0.99885  64.56429  64.56429  51.49068  51.49068
  494.   921.85157   460.31836  1382.16992   8.27659   0.00000   8.27659   0.01881   0.01881   0.01879   0.99885  63.14542  63.14542  50.26933  50.26933
  495.   968.91025   481.83015  1450.74040   8.75666   0.00000   8.75666   0.01896   0.01896   0.01894   0.99885  66.19229  66.19229  52.60607  52.60607
  496.   944.32850   467.63718  1411.96568   8.59582   0.00000   8.59582   0.01913   0.01913   0.01910   0.99885  64.07362  64.07362  50.84005  50.84005
  497.   932.28485   459.71465  1391.99951   8.55490   0.00000   8.55490   0.01931   0.01931   0.01929   0.99885  63.00833  63.00833  49.91852  49.91852
  498.   896.74602   440.43033  1337.17636   8.30508   0.00000   8.30508   0.01951   0.01951   0.01949   0.99885  60.42806  60.42806  47.80720  47.80720
  499.   901.91865   441.03158  1342.95024   8.43530   0.00000   8.43530   0.01973   0.01973   0.01971   0.99885  60.42763  60.42763  47.74276  47.74276
  500.   894.17101   435.46316  1329.63417   8.45358   0.00000   8.45358   0.01997   0.01997   0.01995   0.99886  59.70240  59.70240  47.11701  47.11701
  501.   875.01472   424.35619  1299.37091   8.37158   0.00000   8.37158   0.02024   0.02024   0.02022   0.99886  58.13168  58.13168  45.82572  45.82572
  502.   878.70790   423.82910  1302.53700   8.51255   0.00000   8.51255   0.02053   0.02053   0.02051   0.99886  58.06220  58.06220  45.74949  45.74949
  503.   905.86257   434.05019  1339.91276   8.89244   0.00000   8.89244   0.02085   0.02085   0.02083   0.99886  59.55442  59.55442  46.93561  46.93561
  504.   863.82430   409.88959  1273.71388   8.59455   0.00000   8.59455   0.02120   0.02120   0.02117   0.99886  56.26500  56.26500  44.43342  44.43342
  505.   916.93588   436.11277  1353.04865   9.28934   0.00000   9.28934   0.02157   0.02157   0.02154   0.99886  59.79158  59.79158  47.04297  47.04297
  506.   966.34574   457.61747  1423.96322   9.96375   0.00000   9.96375   0.02198   0.02198   0.02196   0.99886  62.84386  62.84386  49.43633  49.43633
  507.   928.89909   437.97349  1366.87258   9.76023   0.00000   9.76023   0.02243   0.02243   0.02241   0.99886  60.24465  60.24465  47.38373  47.38373
  508.   893.00905   419.71090  1312.71995   9.57775   0.00000   9.57775   0.02292   0.02292   0.02290   0.99886  57.84788  57.84788  45.48765  45.48765
  509.   940.26737   441.26515  1381.53253  10.31323   0.00000  10.31323   0.02345   0.02345   0.02343   0.99886  60.80845  60.80845  47.76605  47.76605
  510.   928.43921   434.77732  1363.21653  10.42645   0.00000  10.42645   0.02403   0.02403   0.02400   0.99886  59.98194  59.98194  47.10755  47.10755
  511.   933.34594   435.85648  1369.20242  10.74731   0.00000  10.74731   0.02466   0.02466   0.02463   0.99886  60.38387  60.38387  47.39486  47.39486
  512.   959.02224   446.64187  1405.66411  11.33647   0.00000  11.33647   0.02534   0.02534   0.02531   0.99887  61.96899  61.96899  48.63243  48.63243
  513.   903.45725   419.46776  1322.92501  10.97805   0.00000  10.97805   0.02607   0.02607   0.02604   0.99887  58.45711  58.45711  45.88992  45.88992
  514.   890.30975   411.98009  1302.28984  11.13117   0.00000  11.13117   0.02685   0.02685   0.02682   0.99887  57.61070  57.61070  45.24861  45.24861
  515.   890.33781   410.75542  1301.09323  11.46605   0.00000  11.46605   0.02769   0.02769   0.02765   0.99887  57.54002  57.54002  45.23043  45.23043
  516.   917.37330   421.77985  1339.15315  12.17554   0.00000  12.17554   0.02856   0.02856   0.02853   0.99887  59.36911  59.36911  46.71878  46.71878
  517.   748.37220   343.16108  1091.53328  10.24403   0.00000  10.24403   0.02948   0.02948   0.02945   0.99888  48.38531  48.38531  38.12244  38.12244
  518.   820.01829   374.77758  1194.79587  11.57746   0.00000  11.57746   0.03044   0.03044   0.03041   0.99888  53.11635  53.11635  41.90910  41.90910
  519.   827.17037   376.78553  1203.95590  12.04602   0.00000  12.04602   0.03143   0.03143   0.03140   0.99888  53.67955  53.67955  42.41845  42.41845
  520.   885.70485   402.32661  1288.03146  13.30397   0.00000  13.30397   0.03245   0.03245   0.03241   0.99888  57.41354  57.41354  45.44563  45.44563
  521.   899.21388   407.17630  1306.39017  13.92330   0.00000  13.92330   0.03348   0.03348   0.03345   0.99889  58.48845  58.48845  46.38360  46.38360
  522.   928.60618   419.30650  1347.91267  14.81499   0.00000  14.81499   0.03453   0.03453   0.03449   0.99889  60.37652  60.37652  47.97403  47.97403
  523.   886.10321   398.87988  1284.98308  14.55013   0.00000  14.55013   0.03557   0.03557   0.03553   0.99889  57.75832  57.75832  45.98177  45.98177
  524.   939.85788   421.61607  1361.47395  15.86001   0.00000  15.86001   0.03660   0.03660   0.03656   0.99890  61.20374  61.20374  48.82232  48.82232
  525.   935.74933   418.59485  1354.34418  16.20808   0.00000  16.20808   0.03760   0.03760   0.03756   0.99890  60.99963  60.99963  48.74324  48.74324
  526.   887.13023   395.78903  1282.91926  15.74765   0.00000  15.74765   0.03856   0.03856   0.03852   0.99890  57.90147  57.90147  46.33282  46.33282
  527.   802.57273   356.79887  1159.37160  14.57021   0.00000  14.57021   0.03948   0.03948   0.03944   0.99890  52.40386  52.40386  41.99403  41.99403
  528.   921.52609   408.61517  1330.14126  17.08181   0.00000  17.08181   0.04034   0.04034   0.04030   0.99891  60.06290  60.06290  48.18006  48.18006
  529.   962.54688   425.53995  1388.08683  18.18553   0.00000  18.18553   0.04116   0.04116   0.04111   0.99891  62.76212  62.76212  50.39160  50.39160
  530.   924.92978   407.54561  1332.47539  17.77879   0.00000  17.77879   0.04192   0.04192   0.04187   0.99891  60.40320  60.40320  48.52979  48.52979
  531.   979.25684   430.23758  1409.49442  19.11847   0.00000  19.11847   0.04261   0.04261   0.04257   0.99891  63.82276  63.82276  51.30788  51.30788
  532.   941.25876   412.31759  1353.57635  18.63277   0.00000  18.63277   0.04325   0.04325   0.04320   0.99892  61.38853  61.38853  49.36637  49.36637
  533.   860.38116   375.81544  1236.19660  17.24331   0.00000  17.24331   0.04382   0.04382   0.04377   0.99892  56.00470  56.00470  45.04177  45.04177
  534.   893.51768   388.91301  1282.43068  18.09993   0.00000  18.09993   0.04434   0.04434   0.04429   0.99892  58.21956  58.21956  46.81742  46.81742
  535.   935.04338   405.89006  1340.93344  19.12184   0.00000  19.12184   0.04480   0.04480   0.04475   0.99892  60.87204  60.87204  48.93318  48.93318
  536.   971.91492   420.47506  1392.38998  20.03747   0.00000  20.03747   0.04521   0.04521   0.04516   0.99892  63.22262  63.22262  50.79672  50.79672
  537.   923.03600   398.17392  1321.20992  19.16505   0.00000  19.16505   0.04557   0.04557   0.04552   0.99892  60.00590  60.00590  48.17681  48.17681
  538.   958.80745   412.19133  1370.99878  20.02943   0.00000  20.02943   0.04590   0.04590   0.04585   0.99892  62.19583  62.19583  49.89443  49.89443
  539.   944.78674   404.76086  1349.54760  19.84078   0.00000  19.84078   0.04619   0.04619   0.04614   0.99893  61.20565  61.20565  49.05668  49.05668
  540.   904.70877   385.85796  1290.56673  19.08126   0.00000  19.08126   0.04645   0.04645   0.04640   0.99893  58.50672  58.50672  46.85929  46.85929
  541.   876.77859   371.62798  1248.40657  18.55694   0.00000  18.55694   0.04670   0.04670   0.04665   0.99893  56.47608  56.47608  45.20997  45.20997
  542.   936.92109   396.06355  1332.98464  19.91192   0.00000  19.91192   0.04693   0.04693   0.04688   0.99893  60.16669  60.16669  48.08437  48.08437
  543.   919.42373   387.95274  1307.37647  19.62196   0.00000  19.62196   0.04715   0.04715   0.04710   0.99893  59.02918  59.02918  47.07453  47.07453
  544.   951.28488   399.89182  1351.17670  20.37335   0.00000  20.37335   0.04737   0.04737   0.04732   0.99893  61.01850  61.01850  48.59564  48.59564
  545.   945.66785   396.30082  1341.96867  20.32995   0.00000  20.32995   0.04759   0.04759   0.04754   0.99893  60.48846  60.48846  48.09352  48.09352
  546.   940.95850   392.63536  1333.59387  20.29843   0.00000  20.29843   0.04782   0.04782   0.04777   0.99893  60.10386  60.10386  47.73742  47.73742
  547.   948.81536   395.19861  1344.01397  20.55042   0.00000  20.55042   0.04804   0.04804   0.04798   0.99893  60.60039  60.60039  48.03205  48.03205
  548.   915.20001   380.52329  1295.72330  19.89886   0.00000  19.89886   0.04825   0.04825   0.04820   0.99893  58.41716  58.41716  46.20638  46.20638
  549.   931.83101   386.41020  1318.24121  20.32848   0.00000  20.32848   0.04845   0.04845   0.04839   0.99893  59.41062  59.41062  46.90593  46.90593
  550.   934.03134   386.09089  1320.12223  20.43333   0.00000  20.43333   0.04863   0.04863   0.04857   0.99894  59.50728  59.50728  46.90090  46.90090
  551.   931.30229   383.38604  1314.68833  20.41333   0.00000  20.41333   0.04878   0.04878   0.04873   0.99894  59.26676  59.26676  46.61863  46.61863
  552.   953.77568   391.11096  1344.88664  20.93141   0.00000  20.93141   0.04889   0.04889   0.04884   0.99894  60.58829  60.58829  47.55697  47.55697
  553.   929.88572   379.72669  1309.61241  20.41129   0.00000  20.41129   0.04896   0.04896   0.04891   0.99894  58.96155  58.96155  46.17680  46.17680
  554.   957.12096   389.25383  1346.37479  20.99115   0.00000  20.99115   0.04898   0.04898   0.04893   0.99894  60.53217  60.53217  47.28943  47.28943
  555.   957.69934   387.77903  1345.47836  20.95968   0.00000  20.95968   0.04894   0.04894   0.04889   0.99894  60.35708  60.35708  47.02766  47.02766
  556.   942.50008   379.89189  1322.39196  20.55560   0.00000  20.55560   0.04883   0.04883   0.04878   0.99894  59.15568  59.15568  45.95639  45.95639
  557.   923.21478   370.57063  1293.78541  20.04225   0.00000  20.04225   0.04867   0.04867   0.04862   0.99894  57.75888  57.75888  44.72756  44.72756
  558.   934.53732   373.35826  1307.89558  20.16553   0.00000  20.16553   0.04844   0.04844   0.04839   0.99894  58.23153  58.23153  44.93842  44.93842
  559.   899.31487   357.68473  1256.99960  19.26493   0.00000  19.26493   0.04815   0.04815   0.04810   0.99894  55.81017  55.81017  42.90885  42.90885
  560.   920.46391   364.42336  1284.88727  19.55341   0.00000  19.55341   0.04781   0.04781   0.04776   0.99894  56.83458  56.83458  43.52299  43.52299
  561.   965.77716   380.64448  1346.42164  20.32491   0.00000  20.32491   0.04742   0.04742   0.04737   0.99893  59.22410  59.22410  45.16435  45.16435
  562.   921.04027   361.45421  1282.49448  19.18409   0.00000  19.18409   0.04699   0.04699   0.04694   0.99893  56.26866  56.26866  42.72203  42.72203
  563.   956.63060   373.66778  1330.29838  19.70017   0.00000  19.70017   0.04652   0.04652   0.04647   0.99893  58.05148  58.05148  43.87457  43.87457
  564.   947.84958   368.50347  1316.35306  19.27910   0.00000  19.27910   0.04601   0.04601   0.04596   0.99893  57.25362  57.25362  43.06400  43.06400
  565.   949.31227   367.31324  1316.62551  19.05318   0.00000  19.05318   0.04546   0.04546   0.04541   0.99893  57.06035  57.06035  42.70341  42.70341
  566.   896.37620   345.22471  1241.60091  17.73651   0.00000  17.73651   0.04488   0.04488   0.04483   0.99893  53.49751  53.49751  39.82898  39.82898
  567.   938.77738   359.73932  1298.51670  18.29494   0.00000  18.29494   0.04426   0.04426   0.04421   0.99893  55.70503  55.70503  41.25784  41.25784
  568.   947.19548   360.20722  1307.40270  18.15430   0.00000  18.15430   0.04362   0.04362   0.04358   0.99893  55.77131  55.77131  41.13129  41.13129
  569.   924.98633   348.16372  1273.15005  17.41307   0.00000  17.41307   0.04297   0.04297   0.04292   0.99892  53.83894  53.83894  39.58999  39.58999
  570.   932.56850   349.91170  1282.48020  17.26829   0.00000  17.26829   0.04230   0.04230   0.04226   0.99892  53.99904  53.99904  39.44465  39.44465
  571.   909.67733   341.61535  1251.29268  16.57999   0.00000  16.57999   0.04163   0.04163   0.04158   0.99892  52.65391  52.65391  38.15975  38.15975
  572.   952.20017   354.94626  1307.14643  17.04742   0.00000  17.04742   0.04097   0.04097   0.04093   0.99892  54.53295  54.53295  39.36423  39.36423
  573.   970.12151   360.20990  1330.33141  17.08083   0.00000  17.08083   0.04034   0.04034   0.04029   0.99892  55.28686  55.28686  39.68566  39.68566
  574.   962.76871   356.02547  1318.79418  16.67909   0.00000  16.67909   0.03973   0.03973   0.03969   0.99892  54.63217  54.63217  38.99978  38.99978
  575.   943.00029   347.30728  1290.30757  16.08314   0.00000  16.08314   0.03916   0.03916   0.03912   0.99892  53.20184  53.20184  37.77718  37.77718
  576.   942.30345   346.01787  1288.32132  15.83813   0.00000  15.83813   0.03862   0.03862   0.03858   0.99892  53.02300  53.02300  37.43744  37.43744
  577.   959.68344   351.08164  1310.76508  15.90586   0.00000  15.90586   0.03812   0.03812   0.03808   0.99892  53.73370  53.73370  37.74407  37.74407
  578.   945.87198   344.81495  1290.68693  15.47198   0.00000  15.47198   0.03766   0.03766   0.03762   0.99892  52.72208  52.72208  36.83725  36.83725
  579.   940.30991   341.65372  1281.96363  15.19067   0.00000  15.19067   0.03723   0.03723   0.03719   0.99892  52.32756  52.32756  36.37557  36.37557
  580.   962.17745   348.30485  1310.48230  15.35965   0.00000  15.35965   0.03682   0.03682   0.03678   0.99892  53.26400  53.26400  36.85442  36.85442
  581.   955.05373   344.45156  1299.50529  15.07263   0.00000  15.07263   0.03644   0.03644   0.03640   0.99892  52.73212  52.73212  36.32625  36.32625
  582.   967.86593   347.61418  1315.48011  15.10825   0.00000  15.10825   0.03608   0.03608   0.03604   0.99892  53.23842  53.23842  36.52615  36.52615
  583.   974.07857   348.35437  1322.43293  15.04763   0.00000  15.04763   0.03575   0.03575   0.03571   0.99892  53.32936  53.32936  36.44800  36.44800
  584.   970.36767   345.54016  1315.90783  14.84161   0.00000  14.84161   0.03543   0.03543   0.03539   0.99892  52.91653  52.91653  36.03003  36.03003
  585.   960.06083   340.33613  1300.39696  14.54553   0.00000  14.54553   0.03514   0.03514   0.03510   0.99892  52.10369  52.10369  35.35123  35.35123
  586.   931.57838   328.49594  1260.07432  13.98818   0.00000  13.98818   0.03488   0.03488   0.03484   0.99892  50.23744  50.23744  33.99049  33.99049
  587.   952.51452   333.16687  1285.68139  14.17150   0.00000  14.17150   0.03463   0.03463   0.03459   0.99892  50.88051  50.88051  34.38851  34.38851
  588.   931.63305   320.34431  1251.97736  13.71363   0.00000  13.71363   0.03441   0.03441   0.03437   0.99892  48.95461  48.95461  33.24441  33.24441
  589.   826.80215   275.89710  1102.69925  12.01207   0.00000  12.01207   0.03422   0.03422   0.03419   0.99891  42.15966  42.15966  28.93514  28.93514
  590.   844.99325   280.46942  1125.46267  12.19385   0.00000  12.19385   0.03404   0.03404   0.03400   0.99891  42.83879  42.83879  29.34952  29.34952
  591.   906.36068   303.93797  1210.29865  13.04343   0.00000  13.04343   0.03386   0.03386   0.03382   0.99892  46.40169  46.40169  31.45798  31.45798
  592.   896.32989   297.08053  1193.41042  12.80590   0.00000  12.80590   0.03371   0.03371   0.03367   0.99891  45.29537  45.29537  30.75489  30.75489
  593.   909.31266   304.65113  1213.96379  12.96847   0.00000  12.96847   0.03356   0.03356   0.03352   0.99892  46.62576  46.62576  31.26951  31.26951
  594.   917.71088   304.88736  1222.59825  13.01545   0.00000  13.01545   0.03344   0.03344   0.03341   0.99892  46.59473  46.59473  31.25460  31.25460
  595.   896.19444   293.42946  1189.62390  12.62778   0.00000  12.62778   0.03335   0.03335   0.03331   0.99892  44.88742  44.88742  30.21804  30.21804
  596.   926.44969   308.45224  1234.90193  13.06303   0.00000  13.06303   0.03323   0.03323   0.03320   0.99892  47.19164  47.19164  31.30329  31.30329
  597.   929.74541   308.04421  1237.78962  13.05672   0.00000  13.05672   0.03314   0.03314   0.03310   0.99892  47.12518  47.12518  31.20542  31.20542
  598.   921.31650   306.06853  1227.38503  12.90990   0.00000  12.90990   0.03304   0.03304   0.03301   0.99892  46.81871  46.81871  30.80680  30.80680
  599.   927.81870   308.36140  1236.18011  12.96482   0.00000  12.96482   0.03295   0.03295   0.03291   0.99892  47.23313  47.23313  30.92386  30.92386
  600.   930.26069   309.48508  1239.74576  12.96148   0.00000  12.96148   0.03285   0.03285   0.03281   0.99892  47.48977  47.48977  30.91049  30.91049
  601.   924.19032   307.63669  1231.82701  12.83367   0.00000  12.83367   0.03273   0.03273   0.03270   0.99892  47.17732  47.17732  30.53366  30.53366
  602.   922.38534   306.36957  1228.75491  12.75298   0.00000  12.75298   0.03261   0.03261   0.03257   0.99892  47.05101  47.05101  30.33198  30.33198
  603.   931.66148   308.87923  1240.54071  12.82005   0.00000  12.82005   0.03247   0.03247   0.03243   0.99892  47.49522  47.49522  30.49430  30.49430
  604.   956.48431   316.07260  1272.55691  13.08608   0.00000  13.08608   0.03231   0.03231   0.03227   0.99892  48.69336  48.69336  31.15393  31.15393
  605.   957.28603   315.22709  1272.51312  13.01309   0.00000  13.01309   0.03213   0.03213   0.03209   0.99892  48.56232  48.56232  30.95712  30.95712
  606.   948.29780   311.17931  1259.47711  12.80140   0.00000  12.80140   0.03193   0.03193   0.03190   0.99893  47.98830  47.98830  30.48240  30.48240
  607.   945.97420   309.33067  1255.30487  12.67268   0.00000  12.67268   0.03172   0.03172   0.03168   0.99893  47.80281  47.80281  30.25360  30.25360
  608.   941.50060   306.78862  1248.28922  12.51042   0.00000  12.51042   0.03149   0.03149   0.03145   0.99893  47.41482  47.41482  29.89379  29.89379
  609.   936.42760   304.08741  1240.51501  12.33561   0.00000  12.33561   0.03124   0.03124   0.03121   0.99893  46.97107  46.97107  29.49759  29.49759
  610.   929.51368   300.84538  1230.35907  12.13780   0.00000  12.13780   0.03099   0.03099   0.03096   0.99893  46.59777  46.59777  29.14810  29.14810
  611.   926.56968   298.72707  1225.29675  11.99141   0.00000  11.99141   0.03075   0.03075   0.03071   0.99893  46.35509  46.35509  28.87894  28.87894
  612.   927.75706   298.05052  1225.80759  11.89729   0.00000  11.89729   0.03049   0.03049   0.03046   0.99893  46.26423  46.26423  28.70500  28.70500
  613.   907.25469   290.40157  1197.65625  11.52726   0.00000  11.52726   0.03024   0.03024   0.03021   0.99893  45.11587  45.11587  27.87702  27.87702
  614.   887.24075   283.03792  1170.27866  11.16992   0.00000  11.16992   0.02999   0.02999   0.02995   0.99893  44.02625  44.02625  27.09145  27.09145
  615.   916.22649   291.25232  1207.47881  11.43399   0.00000  11.43399   0.02975   0.02975   0.02972   0.99893  45.31564  45.31564  27.77314  27.77314
  616.   888.81739   281.61872  1170.43611  10.99878   0.00000  10.99878   0.02952   0.02952   0.02949   0.99893  43.80204  43.80204  26.73873  26.73873
  617.   885.08964   279.37548  1164.46512  10.86316   0.00000  10.86316   0.02931   0.02931   0.02928   0.99893  43.51504  43.51504  26.46006  26.46006
  618.   930.80711   292.78338  1223.59048  11.33656   0.00000  11.33656   0.02911   0.02911   0.02908   0.99893  45.61932  45.61932  27.63431  27.63431
  619.   927.66334   290.89583  1218.55917  11.22132   0.00000  11.22132   0.02893   0.02893   0.02890   0.99894  45.40054  45.40054  27.40118  27.40118
  620.   935.19035   292.24362  1227.43397  11.24214   0.00000  11.24214   0.02877   0.02877   0.02874   0.99894  45.67887  45.67887  27.47377  27.47377
  621.   943.56616   293.81341  1237.37957  11.28172   0.00000  11.28172   0.02864   0.02864   0.02861   0.99894  46.04543  46.04543  27.60141  27.60141
  622.   919.99033   285.54517  1205.53551  10.94928   0.00000  10.94928   0.02853   0.02853   0.02850   0.99894  44.70664  44.70664  26.71314  26.71314
  623.   917.75540   284.04815  1201.80356  10.88145   0.00000  10.88145   0.02844   0.02844   0.02841   0.99894  44.60550  44.60550  26.57082  26.57082
  624.   902.79099   278.48145  1181.27244  10.66902   0.00000  10.66902   0.02837   0.02837   0.02834   0.99894  43.83139  43.83139  26.03478  26.03478
  625.   896.80656   275.57207  1172.37863  10.56944   0.00000  10.56944   0.02832   0.02832   0.02829   0.99894  43.39962  43.39962  25.71075  25.71075
  626.   901.04222   275.68141  1176.72363  10.59510   0.00000  10.59510   0.02829   0.02829   0.02826   0.99894  43.42333  43.42333  25.67777  25.67777
  627.   919.50332   279.51342  1199.01674  10.79057   0.00000  10.79057   0.02827   0.02827   0.02824   0.99894  44.02603  44.02603  26.04190  26.04190
  628.   899.65749   267.33350  1166.99099  10.50547   0.00000  10.50547   0.02828   0.02828   0.02825   0.99894  41.68859  41.68859  24.89656  24.89656
  629.   920.68867   275.47309  1196.16177  10.76138   0.00000  10.76138   0.02826   0.02826   0.02823   0.99894  43.30179  43.30179  25.64360  25.64360
  630.   902.95480   269.49911  1172.45391  10.54288   0.00000  10.54288   0.02825   0.02825   0.02822   0.99894  42.48471  42.48471  25.06970  25.06970
  631.   917.41589   274.87575  1192.29164  10.70900   0.00000  10.70900   0.02822   0.02822   0.02819   0.99894  43.52000  43.52000  25.52095  25.52095
  632.   882.77284   263.38768  1146.16052  10.27850   0.00000  10.27850   0.02817   0.02817   0.02814   0.99895  41.79798  41.79798  24.49830  24.49830
  633.   923.38128   275.74937  1199.13065  10.72619   0.00000  10.72619   0.02810   0.02810   0.02807   0.99895  43.86231  43.86231  25.58050  25.58050
  634.   906.37522   270.16236  1176.53758  10.48730   0.00000  10.48730   0.02800   0.02800   0.02797   0.99895  43.13551  43.13551  25.06024  25.06024
  635.   917.88159   272.52218  1190.40376  10.56283   0.00000  10.56283   0.02788   0.02788   0.02785   0.99895  43.52720  43.52720  25.23036  25.23036
  636.   898.87811   266.29135  1165.16946  10.27814   0.00000  10.27814   0.02771   0.02771   0.02768   0.99895  42.62998  42.62998  24.61489  24.61489
  637.   916.98765   270.78531  1187.77296  10.40219   0.00000  10.40219   0.02751   0.02751   0.02748   0.99895  43.34489  43.34489  24.93961  24.93961
  638.   931.05275   274.22119  1205.27394  10.46712   0.00000  10.46712   0.02728   0.02728   0.02725   0.99895  43.92759  43.92759  25.15723  25.15723
  639.   924.90540   271.59172  1196.49711  10.29404   0.00000  10.29404   0.02703   0.02703   0.02700   0.99895  43.43271  43.43271  24.77372  24.77372
  640.   906.13703   265.27893  1171.41596   9.97606   0.00000   9.97606   0.02675   0.02675   0.02673   0.99895  42.53923  42.53923  24.15695  24.15695
  641.   910.99655   265.68241  1176.67896   9.91176   0.00541   9.91717   0.02646   0.02648   0.02644   0.99896  42.52504  42.52886  24.05427  24.05810
  642.   902.67620   262.65864  1165.33484   9.70374   0.01118   9.71492   0.02616   0.02619   0.02613   0.99896  42.06678  42.07471  23.68354  23.69147
  643.   914.96675   265.17636  1180.14311   9.71401   0.01742   9.73143   0.02586   0.02591   0.02583   0.99896  42.46128  42.47364  23.81536  23.82772
  644.   906.73147   261.73291  1168.46438   9.50723   0.02415   9.53138   0.02556   0.02563   0.02554   0.99896  41.78127  41.79837  23.34512  23.36222
  645.   911.52138   261.65670  1173.17807   9.43942   0.03146   9.47088   0.02528   0.02536   0.02525   0.99896  41.76297  41.78522  23.27980  23.30205
  646.   885.02142   251.15165  1136.17308   9.04790   0.03938   9.08728   0.02502   0.02513   0.02499   0.99896  40.01085  40.03846  22.37258  22.40019
  647.   869.56008   242.62400  1112.18408   8.77595   0.04796   8.82391   0.02479   0.02492   0.02476   0.99896  38.51915  38.55226  21.69214  21.72526
  648.   872.69574   240.07274  1112.76847   8.70682   0.05732   8.76414   0.02458   0.02474   0.02456   0.99897  38.10899  38.14825  21.54853  21.58779
  649.   873.86154   241.72822  1115.58976   8.65828   0.06750   8.72578   0.02438   0.02457   0.02436   0.99897  38.30913  38.35567  21.45359  21.50013
  650.   851.29627   237.94430  1089.24057   8.39145   0.07858   8.47004   0.02420   0.02443   0.02418   0.99897  37.83773  37.89286  20.89400  20.94914
  651.   901.17616   251.48480  1152.66096   8.82944   0.09071   8.92015   0.02406   0.02431   0.02404   0.99897  40.07121  40.13509  22.03613  22.10001
  652.   871.78360   237.90027  1109.68387   8.46519   0.10389   8.56908   0.02397   0.02426   0.02394   0.99897  37.72094  37.79243  21.01857  21.09006
  653.   902.15403   250.91046  1153.06449   8.74619   0.11804   8.86422   0.02383   0.02415   0.02381   0.99897  40.09390  40.17757  21.87780  21.96147
  654.   895.24807   248.07000  1143.31807   8.63117   0.13325   8.76442   0.02372   0.02408   0.02369   0.99898  39.60890  39.70325  21.56644  21.66079
  655.   865.24637   237.27416  1102.52053   8.28527   0.14940   8.43466   0.02361   0.02403   0.02358   0.99898  37.85694  37.96202  20.67362  20.77870
  656.   762.45821   208.90732   971.36554   7.25736   0.16414   7.42150   0.02347   0.02400   0.02345   0.99898  33.30735  33.42293  18.11052  18.22610
  657.   778.47148   213.50429   991.97576   7.36293   0.18044   7.54337   0.02332   0.02389   0.02329   0.99898  34.06622  34.19391  18.40834  18.53603
  658.   880.21518   241.45736  1121.67254   8.26345   0.19889   8.46235   0.02314   0.02370   0.02312   0.99898  38.70558  38.84756  20.77692  20.91890
  659.   890.80409   244.56358  1135.36767   8.29633   0.22000   8.51634   0.02296   0.02356   0.02293   0.99898  39.22486  39.38263  20.92086  21.07863
  660.   894.67095   245.40592  1140.07688   8.25741   0.24431   8.50171   0.02275   0.02343   0.02273   0.99899  39.38548  39.56134  20.88535  21.06121
  661.   905.50067   248.34755  1153.84822   8.28057   0.27369   8.55426   0.02255   0.02329   0.02252   0.99899  39.89096  40.08890  21.02037  21.21831
  662.   919.38500   251.84222  1171.22722   8.32784   0.30687   8.63471   0.02234   0.02316   0.02232   0.99899  40.41672  40.63907  21.18426  21.40661
  663.   905.02662   247.13337  1152.15998   8.11740   0.34419   8.46159   0.02213   0.02307   0.02211   0.99899  39.76198  40.01222  20.76337  21.01362
  664.   898.56280   244.69001  1143.25281   7.98513   0.38579   8.37091   0.02194   0.02300   0.02192   0.99900  39.30304  39.58340  20.43806  20.71842
  665.   905.65169   245.98048  1151.63218   7.97941   0.43191   8.41131   0.02177   0.02295   0.02175   0.99900  39.50545  39.81966  20.46610  20.78031
  666.   903.83170   244.80016  1148.63185   7.90019   0.48254   8.38273   0.02161   0.02293   0.02159   0.99900  39.43929  39.79175  20.35462  20.70708
  667.   903.07046   243.97901  1147.04946   7.83960   0.53847   8.37807   0.02147   0.02295   0.02145   0.99900  39.23972  39.63274  20.18454  20.57756
  668.   903.90054   243.63284  1147.53339   7.80017   0.60027   8.40044   0.02135   0.02300   0.02133   0.99900  39.17586  39.61434  20.08462  20.52310
  669.   912.91596   245.26475  1158.18071   7.83940   0.66834   8.50773   0.02126   0.02308   0.02124   0.99900  39.55152  40.04111  20.22220  20.71178
  670.   902.54572   241.92568  1144.47140   7.71975   0.74334   8.46308   0.02119   0.02323   0.02117   0.99901  39.04968  39.59510  19.91425  20.45968
  671.   901.62697   240.94975  1142.57672   7.68856   0.83254   8.52110   0.02114   0.02343   0.02112   0.99901  38.85952  39.46986  19.77527  20.38561
  672.   891.32342   237.61241  1128.93583   7.58352   0.92796   8.51148   0.02110   0.02369   0.02108   0.99901  38.37299  39.05447  19.48931  20.17079
  673.   900.27839   239.34229  1139.62068   7.64943   1.02821   8.67763   0.02109   0.02392   0.02107   0.99901  38.76213  39.51935  19.65410  20.41131
  674.   904.21934   239.75464  1143.97398   7.67736   1.13246   8.80982   0.02108   0.02419   0.02106   0.99901  38.75013  39.58242  19.61727  20.44955
  675.   894.57481   236.55653  1131.13134   7.59630   1.23929   8.83559   0.02110   0.02454   0.02108   0.99901  38.33493  39.24793  19.38164  20.29464
  676.   902.33298   237.98405  1140.31703   7.66720   1.35768   9.02488   0.02112   0.02486   0.02110   0.99901  38.63892  39.64074  19.51200  20.51383
  677.   892.17752   234.72508  1126.90260   7.59204   1.56382   9.15586   0.02117   0.02552   0.02114   0.99901  38.19514  39.35136  19.26878  20.42500
  678.   898.54293   235.80381  1134.34674   7.66556   1.67811   9.34367   0.02123   0.02588   0.02121   0.99901  38.39819  39.63922  19.35776  20.59879
  679.   893.04237   233.78626  1126.82863   7.64460   1.78264   9.42725   0.02131   0.02628   0.02129   0.99901  38.11284  39.43196  19.20515  20.52427
  680.   888.58697   231.93737  1120.52434   7.64337   1.87409   9.51746   0.02143   0.02668   0.02141   0.99901  37.91836  39.30740  19.10875  20.49779
  681.   887.92771   231.20005  1119.12776   7.68883   1.92922   9.61805   0.02158   0.02700   0.02156   0.99901  37.81143  39.24042  19.06745  20.49643
  682.   889.76736   230.97842  1120.74578   7.77318   1.96711   9.74029   0.02179   0.02730   0.02177   0.99901  37.91644  39.37610  19.14496  20.60462
  683.   890.47057   230.63961  1121.11019   7.86981   1.98981   9.85963   0.02205   0.02763   0.02203   0.99900  37.94927  39.42679  19.19745  20.67497
  684.   882.65334   228.06866  1110.72199   7.92062   1.99712   9.91775   0.02240   0.02805   0.02238   0.99900  37.55451  39.03502  19.05847  20.53899
  685.   883.22076   227.69473  1110.91549   8.07676   1.98875  10.06551   0.02284   0.02846   0.02282   0.99900  37.62278  39.09791  19.16627  20.64140
  686.   859.64164   220.33328  1079.97492   8.04145   1.94486   9.98631   0.02339   0.02905   0.02337   0.99899  36.43492  37.87001  18.70459  20.13967
  687.   733.50672   166.71778   900.22450   6.93866   1.88653   8.82520   0.02421   0.03080   0.02419   0.99898  25.48752  26.67891  14.37366  15.56505
  688.   762.90905   175.97386   938.88291   7.48493   1.81597   9.30090   0.02505   0.03112   0.02502   0.99898  27.43267  28.61921  15.37989  16.56643
  689.   789.71122   187.89831   977.60953   8.10249   1.69670   9.79920   0.02604   0.03149   0.02601   0.99898  29.91262  31.05488  16.54709  17.68935
  690.   799.41222   190.74964   990.16186   8.59525   1.60226  10.19751   0.02727   0.03235   0.02724   0.99897  30.91708  32.00722  17.22866  18.31880
  691.   820.26130   197.74678  1018.00808   9.31289   1.53170  10.84459   0.02874   0.03347   0.02871   0.99896  32.99349  34.06557  18.44794  19.52002
  692.   820.18315   199.13725  1019.32041   9.88582   1.46206  11.34787   0.03047   0.03497   0.03044   0.99896  33.95838  34.99419  19.20268  20.23849
  693.   805.57751   192.25105   997.82855  10.31992   1.39440  11.71432   0.03249   0.03688   0.03246   0.99895  33.19341  34.16010  19.30235  20.26905
  694.   796.84255   187.13577   983.97833  10.89862   1.32941  12.22802   0.03480   0.03904   0.03476   0.99895  32.95476  33.86773  19.65879  20.57176
  695.   798.62521   190.27195   988.89716  11.75918   1.27089  13.03007   0.03736   0.04139   0.03732   0.99895  34.12730  35.01258  20.58253  21.46781
  696.   816.06318   197.22322  1013.28639  12.97031   1.23530  14.20561   0.04021   0.04404   0.04017   0.99895  35.99669  36.86804  21.97650  22.84785
  697.   853.64606   212.13442  1065.78048  14.70369   1.21094  15.91463   0.04334   0.04691   0.04330   0.99895  39.92633  40.81447  24.50000  25.38814
  698.   840.08344   208.07309  1048.15653  15.60477   1.19660  16.80137   0.04677   0.05036   0.04672   0.99895  39.94133  40.81763  25.10467  25.98097
  699.   823.36167   197.74819  1021.10985  16.40699   1.19160  17.59858   0.05048   0.05414   0.05043   0.99896  38.56575  39.41278  25.14283  25.98987
  700.   814.12523   196.31629  1010.44152  17.49522   1.19377  18.68899   0.05439   0.05811   0.05434   0.99896  39.12107  39.97186  26.04280  26.89359
  701.   797.38302   191.19808   988.58111  18.41298   1.19419  19.60716   0.05851   0.06231   0.05845   0.99897  38.92598  39.77245  26.53663  27.38310
  702.   793.84762   190.18591   984.03353  19.67044   1.19875  20.86919   0.06280   0.06663   0.06274   0.99898  39.67249  40.52431  27.60813  28.45995
  703.   809.58215   195.35000  1004.93215  21.50849   1.20711  22.71560   0.06724   0.07101   0.06717   0.99899  41.86151  42.72847  29.65338  30.52034
  704.   829.91295   202.94867  1032.86162  23.60601   1.21819  24.82420   0.07180   0.07551   0.07173   0.99901  44.66178  45.55008  32.12566  33.01395
  705.   835.82087   203.80350  1039.62438  25.30793   1.23166  26.53959   0.07648   0.08020   0.07640   0.99902  45.97953  46.87754  33.73730  34.63532
  706.   824.60504   200.46377  1025.06881  26.51200   1.24033  27.75233   0.08125   0.08505   0.08117   0.99903  46.40737  47.31248  34.69720  35.60231
  707.   824.85895   201.94888  1026.80783  28.15419   1.25020  29.40439   0.08614   0.08996   0.08606   0.99904  47.87015  48.78851  36.35125  37.26961
  708.   837.93696   205.42098  1043.35794  30.26830   1.26214  31.53044   0.09114   0.09494   0.09105   0.99906  49.83226  50.76030  38.47395  39.40199
  709.   829.56973   204.65712  1034.22685  31.68422   1.27598  32.96019   0.09624   0.10012   0.09616   0.99907  51.05154  51.99951  39.99470  40.94267
  710.   839.46183   206.57142  1046.03325  33.78725   1.29222  35.07947   0.10147   0.10536   0.10138   0.99909  52.70033  53.65800  41.95073  42.90840
  711.   836.50027   206.33242  1042.83269  35.45316   1.31282  36.76598   0.10680   0.11076   0.10671   0.99910  53.91329  54.88942  43.54428  44.52042
  712.   832.20606   206.00192  1038.20799  37.09919   1.33622  38.43541   0.11226   0.11630   0.11216   0.99912  55.34791  56.34980  45.31888  46.32077
  713.   821.86057   202.51762  1024.37819  38.43084   1.36263  39.79347   0.11786   0.12204   0.11776   0.99913  55.65810  56.67536  46.24028  47.25755
  714.   832.46567   205.01325  1037.47892  40.81817   1.39135  42.20952   0.12360   0.12781   0.12350   0.99914  57.56730  58.60411  48.46812  49.50493
  715.   797.99006   194.25439   992.24445  40.90168   1.42245  42.32413   0.12950   0.13400   0.12939   0.99916  55.78579  56.83462  47.64129  48.69012
  716.   797.09081   191.22857   988.31938  42.64433   1.45616  44.10049   0.13555   0.14018   0.13544   0.99917  56.10780  57.16645  48.57600  49.63466
  717.   688.75682   149.35261   838.10943  37.80709   1.49117  39.29826   0.14172   0.14731   0.14160   0.99918  43.63318  44.59472  38.62487  39.58641
  718.   646.48302   134.85045   781.33348  36.81621   1.52704  38.34325   0.14803   0.15417   0.14791   0.99919  39.88984  40.82811  35.80435  36.74262
  719.   614.19351   129.34993   743.54344  36.56721   1.56339  38.13060   0.15450   0.16111   0.15438   0.99921  38.19962  39.13716  34.60597  35.54350
  720.   629.54844   130.56520   760.11365  38.97886   1.59934  40.57820   0.16110   0.16771   0.16098   0.99922  39.88126  40.84162  36.47861  37.43898
  721.   693.04477   155.27267   848.31744  45.32858   1.63114  46.95973   0.16787   0.17391   0.16774   0.99924  49.35095  50.42249  45.26686  46.33841
  722.   765.96785   179.83675   945.80460  52.60906   1.66159  54.27066   0.17475   0.18027   0.17462   0.99926  60.51798  61.70044  55.81376  56.99623
  723.   735.27073   169.53847   904.80920  52.33018   1.69055  54.02072   0.18170   0.18757   0.18156   0.99927  57.40806  58.56926  53.45825  54.61945
  724.   677.44989   148.23166   825.68155  49.59178   1.71791  51.30970   0.18869   0.19523   0.18855   0.99929  49.98609  51.07808  47.03423  48.12622
  725.   679.64199   148.18090   827.82289  51.58314   1.74365  53.32680   0.19576   0.20238   0.19562   0.99930  51.61960  52.73840  48.92128  50.04007
  726.   680.48152   146.79129   827.27281  53.41898   1.76654  55.18552   0.20286   0.20957   0.20272   0.99931  52.70155  53.83624  50.29641  51.43110
  727.   699.25965   155.31737   854.57702  57.12321   1.78804  58.91125   0.21000   0.21657   0.20985   0.99933  56.92846  58.10436  54.64054  55.81644
  728.   672.61428   145.73158   818.34586  56.54341   1.80835  58.35175   0.21707   0.22401   0.21692   0.99934  54.25570  55.41326  52.42239  53.57996
  729.   677.16363   149.29601   826.45963  58.97273   1.82804  60.80077   0.22417   0.23112   0.22403   0.99935  57.97441  59.19209  56.31258  57.53026
  730.   696.39185   151.82421   848.21606  62.41785   1.84731  64.26516   0.23118   0.23802   0.23103   0.99936  60.48729  61.71409  59.07635  60.30315
  731.   691.24954   151.82839   843.07792  63.90471   1.87259  65.77730   0.23813   0.24511   0.23798   0.99938  61.37219  62.61618  60.23391  61.47790
  732.   725.08531   164.61967   889.70498  69.40081   1.89701  71.29781   0.24506   0.25176   0.24491   0.99939  68.18971  69.49434  67.23113  68.53576
  733.   758.67695   180.21144   938.88839  75.27718   1.91910  77.19628   0.25188   0.25830   0.25173   0.99940  77.11349  78.50481  76.37106  77.76238
  734.   790.43496   190.80539   981.24035  80.74256   1.93770  82.68026   0.25851   0.26471   0.25836   0.99941  83.23813  84.66459  82.79326  84.21972
  735.   780.90596   187.08111   967.98707  81.62499   1.95160  83.57659   0.26491   0.27125   0.26476   0.99942  83.18846  84.61967  83.06672  84.49793
  736.   769.18054   183.59675   952.77729  82.22771   1.95252  84.18022   0.27113   0.27757   0.27098   0.99943  83.22460  84.65711  83.40225  84.83476
  737.   775.63948   185.29333   960.93281  84.78115   1.94810  86.72925   0.27718   0.28355   0.27702   0.99944  85.28149  86.71140  85.75163  87.18154
  738.   794.07515   194.19442   988.26957  89.03799   1.93888  90.97687   0.28304   0.28920   0.28289   0.99945  90.80725  92.25964  91.62032  93.07271
  739.   769.87608   188.85048   958.72656  88.09956   1.92552  90.02508   0.28869   0.29500   0.28853   0.99946  89.99444  91.44797  91.06758  92.52112
  740.   788.17834   194.58111   982.75945  91.99480   1.90861  93.90341   0.29408   0.30018   0.29392   0.99947  94.04776  95.49775  95.43106  96.88105
  741.   783.83887   195.56043   979.39929  93.27142   1.89282  95.16424   0.29918   0.30526   0.29903   0.99947  95.73335  97.18461  97.40763  98.85890
  742.   780.87567   195.70777   976.58344  94.51309   1.87381  96.38690   0.30404   0.31007   0.30388   0.99948  96.89848  98.34062  98.83211 100.27425
  743.   806.02062   202.79882  1008.81944  99.10917   1.85113 100.96030   0.30864   0.31440   0.30848   0.99949 101.80470 103.23855 104.06573 105.49958
  744.   811.11502   204.88991  1016.00493 101.21560   1.82449 103.04010   0.31297   0.31861   0.31281   0.99949 104.09832 105.51927 106.62383 108.04478
  745.   800.52753   202.51709  1003.04463 101.23179   1.79348 103.02527   0.31706   0.32268   0.31690   0.99950 103.98076 105.38118 106.69380 108.09422
  746.   814.41674   205.89117  1020.30790 104.22082   1.75276 105.97358   0.32090   0.32630   0.32074   0.99950 106.77305 108.14294 109.73131 111.10121
  747.   815.72985   206.14158  1021.87143 105.52938   1.70799 107.23737   0.32443   0.32969   0.32427   0.99951 107.91435 109.25111 111.05788 112.39464
  748.   810.52703   204.66387  1015.19090 105.90318   1.66028 107.56346   0.32773   0.33286   0.32757   0.99951 108.12756 109.42883 111.41360 112.71486
  749.   809.47356   204.18870  1013.66226 106.72118   1.61029 108.33147   0.33076   0.33575   0.33059   0.99951 108.54176 109.80243 111.95976 113.22042
  750.   803.26193   202.28727  1005.54920 106.74977   1.55893 108.30870   0.33351   0.33838   0.33335   0.99952 108.33671 109.55758 111.84938 113.07025
  751.   803.94899   202.00501  1005.95400 107.32349   1.50789 108.83138   0.33517   0.33988   0.33501   0.99952 108.81104 109.99281 112.38821 113.56998
  752.   806.71641   202.28995  1009.00636 108.17728   1.45725 109.63453   0.33682   0.34135   0.33665   0.99952 109.81651 110.96200 113.47518 114.62067
  753.   805.62350   201.59516  1007.21866 108.51225   1.40750 109.91974   0.33846   0.34285   0.33830   0.99952 109.84131 110.94639 113.54847 114.65356
  754.   814.72802   203.29168  1018.01969 110.20421   1.35891 111.56312   0.34009   0.34428   0.33993   0.99952 111.67236 112.74220 115.48666 116.55650
  755.   812.90888   202.38056  1015.28944 110.40434   1.31203 111.71637   0.34162   0.34568   0.34146   0.99952 111.48281 112.51374 115.33099 116.36192
  756.   801.14454   199.07139  1000.21593 109.24693   1.27088 110.51781   0.34314   0.34713   0.34297   0.99953 110.30293 111.30299 114.15021 115.15027
  757.   802.61949   199.03327  1001.65276 109.89112   1.23143 111.12255   0.34466   0.34853   0.34450   0.99953 110.95930 111.92986 114.86863 115.83919
  758.   802.32048   198.49880  1000.81928 110.28519   1.19330 111.47850   0.34619   0.34993   0.34602   0.99953 111.15123 112.09144 115.10501 116.04522
  759.   760.02569   184.11241   944.13810 104.48282   1.15597 105.63879   0.34766   0.35151   0.34750   0.99953 101.04717 101.92245 104.60977 105.48505
  760.   388.90372    71.22499   460.12871  51.08067   1.11904  52.19971   0.34876   0.35640   0.34859   0.99952  27.90349  28.37441  28.62849  29.09942
  761.   258.67182    39.42392   298.09574  33.21219   1.07864  34.29083   0.35002   0.36139   0.34985   0.99951  13.37452  13.69567  13.64814  13.96929
  762.   524.98894   112.03491   637.02385  71.35949   1.03852  72.39802   0.35192   0.35704   0.35176   0.99953  50.95173  51.53080  52.59075  53.16982
  763.   440.24403    88.12310   528.36713  59.41616   0.99911  60.41527   0.35328   0.35922   0.35311   0.99953  36.22380  36.69526  37.32690  37.79837
  764.   476.63126    96.02472   572.65598  64.66050   0.96081  65.62131   0.35473   0.36000   0.35456   0.99953  41.66964  42.15186  42.96289  43.44511
  765.   572.47422   121.00402   693.47823  78.63135   0.92395  79.55530   0.35622   0.36040   0.35605   0.99953  59.28442  59.83177  61.24660  61.79395
  766.   627.08979   134.20401   761.29380  86.66601   0.89267  87.55868   0.35764   0.36132   0.35747   0.99953  73.25485  73.85286  75.72803  76.32604
  767.   701.20120   156.28925   857.49046  98.01295   0.86270  98.87565   0.35909   0.36225   0.35892   0.99954  89.67934  90.30654  92.84925  93.47645
  768.   754.44180   171.08126   925.52306 106.19689   0.83359 107.03048   0.36047   0.36330   0.36031   0.99954 101.07973 101.71142 104.73542 105.36711
  769.   768.67654   178.08056   946.75710 109.05065   0.80485 109.85550   0.36186   0.36453   0.36169   0.99954 106.26156 106.88592 110.21814 110.84250
  770.   771.72593   181.93135   953.65728 110.25540   0.77591 111.03131   0.36321   0.36577   0.36304   0.99955 108.64176 109.25017 112.79158 113.40000
  771.   779.16646   185.95011   965.11657 111.99254   0.74945 112.74199   0.36455   0.36699   0.36439   0.99955 111.25162 111.84418 115.57160 116.16417
  772.   775.14006   185.16957   960.30963 111.83586   0.72097 112.55683   0.36586   0.36822   0.36570   0.99955 111.30467 111.87637 115.65210 116.22380
  773.   776.60319   185.31951   961.92270 112.41487   0.68914 113.10401   0.36714   0.36939   0.36698   0.99955 111.93877 112.48612 116.32679 116.87414
  774.   784.30462   186.87773   971.18236 113.88922   0.65265 114.54186   0.36841   0.37052   0.36824   0.99955 113.41486 113.93383 117.87594 118.39492
  775.   758.60560   180.44400   939.04959 110.48817   0.62912 111.11728   0.36964   0.37174   0.36947   0.99955 110.02075 110.52152 114.35998 114.86075
  776.   785.02405   186.32855   971.35259 114.66240   0.60666 115.26906   0.37085   0.37281   0.37068   0.99955 114.03205 114.51484 118.53966 119.02245
  777.   781.00171   184.97857   965.98028 114.39069   0.58575 114.97645   0.37203   0.37393   0.37186   0.99955 113.97690 114.44442 118.49038 118.95790
  778.   779.27006   184.15175   963.42182 114.44236   0.56613 115.00850   0.37318   0.37503   0.37302   0.99956 113.69292 114.14391 118.20140 118.65239
  779.   780.68557   184.07955   964.76512 114.94843   0.54742 115.49585   0.37431   0.37609   0.37414   0.99956 114.26134 114.69811 118.79749 119.23426
  780.   773.87440   181.98837   955.86277 114.22069   0.52244 114.74313   0.37540   0.37712   0.37524   0.99956 113.41012 113.82690 117.91540 118.33218
  781.   773.74782   181.58097   955.32879 114.47587   0.50074 114.97661   0.37645   0.37810   0.37629   0.99956 113.53625 113.93566 118.05344 118.45284
  782.   777.14032   181.92396   959.06428 115.23262   0.48008 115.71270   0.37747   0.37904   0.37730   0.99956 114.61154 114.99592 119.17615 119.56053
  783.   768.70892   179.51275   948.22167 114.22385   0.46039 114.68424   0.37844   0.37997   0.37827   0.99956 113.28238 113.65027 117.79681 118.16471
  784.   764.06618   178.01096   942.07714 113.76717   0.44151 114.20868   0.37939   0.38086   0.37922   0.99956 112.98857 113.34220 117.49210 117.84573
  785.   767.86637   177.89840   945.76477 114.48740   0.42339 114.91078   0.38030   0.38170   0.38013   0.99956 113.23830 113.57630 117.74292 118.08093
  786.   758.11887   174.69316   932.81203 113.18692   0.40518 113.59210   0.38120   0.38256   0.38103   0.99956 111.46807 111.79041 115.89264 116.21498
  787.   756.68208   171.24454   927.92662 112.84123   0.38768 113.22891   0.38204   0.38335   0.38187   0.99956 110.02686 110.33245 114.34681 114.65241
  788.   744.66240   166.79946   911.46186 111.06676   0.37100 111.43776   0.38282   0.38410   0.38265   0.99956 107.52805 107.81866 111.72147 112.01208
  789.   737.40992   162.10249   899.51241 109.82101   0.35523 110.17623   0.38356   0.38480   0.38339   0.99956 105.32092 105.59682 109.37399 109.64989
  790.   728.43170   158.33945   886.77115 108.47336   0.34045 108.81381   0.38429   0.38550   0.38412   0.99956 102.84104 103.10267 106.76349 107.02512
  791.   729.07324   159.84083   888.91406 108.92632   0.32836 109.25469   0.38497   0.38613   0.38480   0.99956 104.06607 104.32055 108.06649 108.32097
  792.   721.09300   158.24336   879.33636 107.93239   0.31706 108.24945   0.38561   0.38674   0.38544   0.99956 103.64228 103.88946 107.63548 107.88265
  793.   723.52986   159.07595   882.60581 108.49489   0.30619 108.80108   0.38618   0.38727   0.38601   0.99957 104.41501 104.65441 108.44564 108.68505
  794.   725.67229   163.26055   888.93284 109.43267   0.29546 109.72813   0.38675   0.38779   0.38658   0.99957 107.20499 107.44028 111.41504 111.65033
  795.   724.23368   161.17019   885.40387 109.13136   0.28461 109.41596   0.38722   0.38823   0.38705   0.99957 106.65248 106.87873 110.81008 111.03633
  796.   713.84873   152.73731   866.58604 106.92128   0.27133 107.19262   0.38762   0.38860   0.38745   0.99957 101.49535 101.70504 105.33999 105.54967
  797.   719.73082   154.31977   874.05059 107.95350   0.25776 108.21126   0.38802   0.38894   0.38785   0.99957 102.37442 102.57348 106.25657 106.45564
  798.   736.82034   161.50479   898.32513 111.06022   0.24404 111.30426   0.38840   0.38925   0.38823   0.99957 107.41595 107.60830 111.54912 111.74146
  799.   735.92217   160.68209   896.60427 110.93498   0.23034 111.16532   0.38870   0.38951   0.38853   0.99957 107.11587 107.29722 111.21981 111.40116
  800.   712.93250   153.79232   866.72482 107.31140   0.21687 107.52826   0.38897   0.38975   0.38880   0.99957 103.14921 103.31928 107.05958 107.22964
  801.   714.98017   152.48049   867.46066 107.42140   0.20330 107.62470   0.38904   0.38977   0.38887   0.99957 101.85440 102.01173 105.67882 105.83614
  802.   720.27206   153.72114   873.99320 108.25088   0.19022 108.44110   0.38911   0.38979   0.38894   0.99957 103.23800 103.38615 107.11414 107.26229
  803.   703.64858   148.48647   852.13505 105.56799   0.17781 105.74579   0.38920   0.38986   0.38903   0.99957 100.17786 100.31572 103.90559 104.04345
  804.   714.08226   151.35647   865.43872 107.24446   0.16617 107.41063   0.38930   0.38991   0.38913   0.99957 102.19528 102.32474 106.00500 106.13446
  805.   705.80860   151.18265   856.99125 106.22945   0.15542 106.38487   0.38942   0.38999   0.38925   0.99957 102.58171 102.70448 106.42878 106.55156
  806.   731.99642   158.07693   890.07335 110.35955   0.14704 110.50658   0.38952   0.39004   0.38936   0.99957 107.32297 107.44001 111.36704 111.48408
  807.   725.86297   156.23224   882.09521 109.40584   0.13951 109.54534   0.38965   0.39015   0.38948   0.99957 106.40477 106.51589 110.40005 110.51117
  808.   717.86713   153.90439   871.77152 108.16264   0.13263 108.29527   0.38978   0.39026   0.38962   0.99957 104.98324 105.08871 108.91209 109.01757
  809.   703.05461   148.74910   851.80371 105.71711   0.12621 105.84332   0.38990   0.39037   0.38973   0.99957 101.53834 101.63770 105.30110 105.40046
  810.   690.98433   143.87702   834.86135 103.65003   0.12007 103.77010   0.39004   0.39049   0.38987   0.99957  98.81514  98.90902 102.43471 102.52859
  811.   694.39372   141.57496   835.96868 103.83706   0.11295 103.95002   0.39022   0.39065   0.39005   0.99957  97.74292  97.83019 101.26610 101.35337
  812.   678.52623   135.07397   813.60021 101.10350   0.10603 101.20953   0.39040   0.39081   0.39023   0.99957  93.23405  93.31435  96.53019  96.61049
  813.   655.19218   126.94552   782.13771  97.24499   0.09942  97.34441   0.39060   0.39100   0.39043   0.99956  86.97858  87.05163  89.98132  90.05436
  814.   614.57178   111.68889   726.26067  90.33646   0.09322  90.42968   0.39077   0.39117   0.39060   0.99956  76.41447  76.47927  78.91784  78.98264
  815.   586.18031   102.56338   688.74369  85.71941   0.08759  85.80699   0.39100   0.39139   0.39082   0.99956  70.14471  70.20362  72.36932  72.42823
  816.   575.86395   102.95670   678.82064  84.54688   0.08435  84.63122   0.39128   0.39167   0.39111   0.99956  68.26295  68.31882  70.45976  70.51563
  817.   572.06655   103.65083   675.71738  84.22085   0.08115  84.30200   0.39157   0.39194   0.39139   0.99956  67.67375  67.72719  69.87502  69.92846
  818.   564.10715   101.03038   665.13753  82.95495   0.07802  83.03297   0.39181   0.39218   0.39164   0.99956  66.84268  66.89428  68.99201  69.04361
  819.   589.03401   109.07696   698.11096  87.13880   0.07492  87.21372   0.39214   0.39247   0.39197   0.99956  73.37792  73.42979  75.80903  75.86090
  820.   585.91448   109.09103   695.00551  86.81154   0.07186  86.88339   0.39241   0.39273   0.39224   0.99956  73.90979  73.96015  76.36288  76.41324
  821.   655.98131   129.49296   785.47426  98.19275   0.06868  98.26143   0.39273   0.39301   0.39256   0.99957  91.17665  91.22928  94.33794  94.39057
  822.   626.21863   120.02917   746.24780  93.34177   0.06553  93.40730   0.39296   0.39323   0.39278   0.99957  83.28754  83.33578  86.09819  86.14643
  823.   488.91302    80.81433   569.72735  71.28255   0.06243  71.34498   0.39307   0.39341   0.39289   0.99956  51.73197  51.76906  53.26499  53.30207
  824.   602.11348   109.48592   711.59940  89.11919   0.05935  89.17854   0.39345   0.39371   0.39328   0.99956  76.17758  76.21946  78.63008  78.67196
  825.   661.17648   130.31533   791.49181  99.19573   0.05632  99.25206   0.39373   0.39395   0.39356   0.99957  91.83911  91.88220  94.96434  95.00744
  826.   632.28851   119.12300   751.41151  94.19091   0.05334  94.24425   0.39380   0.39403   0.39363   0.99957  83.86992  83.90919  86.61321  86.65247
  827.   657.47114   127.47818   784.94932  98.46508   0.05041  98.51549   0.39409   0.39429   0.39392   0.99957  90.64834  90.68672  93.66949  93.70787
  828.   598.14154   107.56721   705.70875  88.55209   0.04752  88.59960   0.39421   0.39442   0.39403   0.99957  75.17922  75.21255  77.53293  77.56626
  829.   614.88133   114.61647   729.49779  91.56506   0.04469  91.60975   0.39433   0.39452   0.39416   0.99957  79.59756  79.62967  82.14011  82.17222
  830.   624.63889   118.20807   742.84696  93.29193   0.04191  93.33384   0.39454   0.39472   0.39437   0.99957  82.82610  82.85688  85.49200  85.52279
  831.   622.42454   116.61771   739.04225  92.87248   0.03925  92.91173   0.39479   0.39496   0.39462   0.99957  83.50846  83.53769  86.16638  86.19561
  832.   614.77780   112.32424   727.10204  91.40104   0.03664  91.43768   0.39492   0.39508   0.39475   0.99957  80.59848  80.62525  83.10008  83.12685
  833.   622.23415   116.75351   738.98766  92.94219   0.03409  92.97628   0.39512   0.39526   0.39495   0.99957  84.36102  84.38667  87.01697  87.04262
  834.   626.63258   117.34350   743.97608  93.63863   0.03161  93.67024   0.39541   0.39554   0.39524   0.99957  85.29173  85.31562  87.95303  87.97691
  835.   656.95100   127.80596   784.75697  98.85715   0.02918  98.88633   0.39575   0.39587   0.39558   0.99957  93.00072  93.02350  95.97248  95.99526
  836.   653.87027   123.68888   777.55915  98.00245   0.02681  98.02927   0.39596   0.39607   0.39579   0.99957  90.95470  90.97536  93.78700  93.80766
  837.   663.52427   128.33637   791.86064  99.88264   0.02451  99.90715   0.39627   0.39637   0.39610   0.99957  94.69609  94.71539  97.67854  97.69783
  838.   662.08978   127.89441   789.98419  99.72127   0.02226  99.74353   0.39657   0.39666   0.39640   0.99957  94.34992  94.36741  97.30269  97.32018
  839.   656.47090   128.58378   785.05468  99.16248   0.02007  99.18256   0.39682   0.39690   0.39665   0.99957  95.22545  95.24147  98.21747  98.23348
  840.   677.23846   133.24536   810.48382 102.44261   0.01795 102.46056   0.39709   0.39716   0.39692   0.99957  98.77551  98.78989 101.86990 101.88428
  841.   673.02510   131.16329   804.18839 101.70699   0.01589 101.72287   0.39732   0.39738   0.39715   0.99957  97.50458  97.51724 100.52284 100.53550
  842.   672.36464   132.38398   804.74862 101.84175   0.01388 101.85562   0.39757   0.39763   0.39740   0.99957  98.62156  98.63274 101.67980 101.69098
  843.   677.96745   134.62310   812.59054 102.89138   0.01193 102.90331   0.39779   0.39784   0.39762   0.99957 100.66602 100.67573 103.78821 103.79792
  844.   665.54788   130.94811   796.49599 100.91139   0.01005 100.92144   0.39802   0.39806   0.39785   0.99957  98.14861  98.15674 101.15687 101.16500
  845.   679.62381   134.81863   814.44243 103.24823   0.00822 103.25645   0.39826   0.39830   0.39809   0.99957 101.33377 101.34049 104.44104 104.44776
  846.   683.81088   135.68027   819.49115 103.94105   0.00646 103.94751   0.39847   0.39849   0.39830   0.99957 102.25231 102.25761 105.36983 105.37512
  847.   671.33624   133.45362   804.78986 102.13822   0.00475 102.14297   0.39871   0.39873   0.39854   0.99957 100.79222 100.79612 103.85224 103.85615
  848.   681.45527   134.56478   816.02005 103.62355   0.00311 103.62666   0.39894   0.39895   0.39877   0.99957 101.83571 101.83826 104.89709 104.89964
  849.   674.61504   132.63254   807.24758 102.55825   0.00153 102.55979   0.39913   0.39914   0.39896   0.99957 100.66828 100.66954 103.66801 103.66927
  850.   607.16830   119.24710   726.41540  92.35191   0.00000  92.35191   0.39940   0.39940   0.39923   0.99957  90.69391  90.69391  93.38070  93.38070
  851.   659.25714   128.73579   787.99293 100.23310   0.00000 100.23310   0.39961   0.39961   0.39944   0.99957  98.18801  98.18801 101.07490 101.07490
  852.   656.92201   127.86281   784.78482  99.87587   0.00000  99.87587   0.39982   0.39982   0.39965   0.99957  97.76363  97.76363 100.62084 100.62084
  853.   658.50091   128.79556   787.29647 100.25801   0.00000 100.25801   0.40007   0.40007   0.39989   0.99957  98.66712  98.66712 101.55105 101.55105
  854.   552.24899   107.42294   659.67193  84.05962   0.00000  84.05962   0.40032   0.40032   0.40015   0.99957  82.52115  82.52115  84.91758  84.91758
  855.   573.49326   111.64387   685.13713  87.35943   0.00000  87.35943   0.40057   0.40057   0.40040   0.99957  85.97654  85.97654  88.46602  88.46602
  856.   662.77272   128.86408   791.63680 100.99128   0.00000 100.99128   0.40078   0.40078   0.40061   0.99957  99.46756  99.46756 102.33492 102.33492
  857.   675.33163   131.25836   806.58999 102.97058   0.00000 102.97058   0.40106   0.40106   0.40089   0.99957 101.57039 101.57039 104.48908 104.48908
  858.   668.03660   129.58598   797.62258 101.89835   0.00000 101.89835   0.40135   0.40135   0.40118   0.99958 100.51528 100.51528 103.39153 103.39153
  859.   661.67799   128.25566   789.93365 100.97172   0.00000 100.97172   0.40157   0.40157   0.40140   0.99958  99.72863  99.72863 102.57065 102.57065
  860.   663.62919   128.57324   792.20242 101.32898   0.00000 101.32898   0.40183   0.40183   0.40166   0.99958 100.20593 100.20593 103.05146 103.05146
  861.   662.96085   128.10223   791.06308 101.25252   0.00000 101.25252   0.40211   0.40211   0.40194   0.99958 100.09367 100.09367 102.92352 102.92352
  862.   660.30724   127.33724   787.64448 100.87401   0.00000 100.87401   0.40235   0.40235   0.40217   0.99958  99.78885  99.78885 102.59799 102.59799
  863.   669.55123   128.79901   798.35024 102.31227   0.00000 102.31227   0.40261   0.40261   0.40244   0.99958 101.19386 101.19386 104.03015 104.03015
  864.   670.05838   128.69289   798.75126 102.42879   0.00000 102.42879   0.40287   0.40287   0.40270   0.99958 101.33766 101.33766 104.16643 104.16643
  865.   657.95734   126.15090   784.10824 100.60974   0.00000 100.60974   0.40310   0.40310   0.40293   0.99958  99.56125  99.56125 102.32826 102.32826
  866.   570.89003   109.20993   680.09997  87.31455   0.00000  87.31455   0.40333   0.40333   0.40316   0.99958  86.40480  86.40480  88.79522  88.79522
  867.   575.10686   109.75746   684.86432  87.98831   0.00000  87.98831   0.40362   0.40362   0.40345   0.99958  87.03744  87.03744  89.43530  89.43530
  868.   639.85465   121.80542   761.66007  97.92930   0.00000  97.92930   0.40393   0.40393   0.40375   0.99958  96.89371  96.89371  99.55317  99.55317
  869.   633.97528   120.50021   754.47549  97.08884   0.00000  97.08884   0.40427   0.40427   0.40410   0.99958  96.07698  96.07698  98.70562  98.70562
  870.   653.11179   123.87723   776.98902 100.06091   0.00000 100.06091   0.40458   0.40458   0.40440   0.99958  99.01039  99.01039 101.70891 101.70891
  871.   654.48996   123.81594   778.30590 100.29125   0.00000 100.29125   0.40482   0.40482   0.40465   0.99958  99.19750  99.19750 101.89000 101.89000
  872.   655.05677   123.65928   778.71605 100.42159   0.00000 100.42159   0.40513   0.40513   0.40496   0.99958  99.35977  99.35977 102.04834 102.04834
  873.   655.54180   123.52840   779.07020 100.54886   0.00000 100.54886   0.40546   0.40546   0.40529   0.99958  99.50916  99.50916 102.19389 102.19389
  874.   646.62214   121.58862   768.21076  99.21100   0.00000  99.21100   0.40572   0.40572   0.40555   0.99958  98.17258  98.17258 100.81120 100.81120
  875.   637.96666   119.69162   757.65829  97.91286   0.00000  97.91286   0.40599   0.40599   0.40582   0.99958  96.81937  96.81937  99.41136  99.41136
  876.   638.89809   119.51861   758.41670  98.07593   0.00000  98.07593   0.40626   0.40626   0.40609   0.99958  96.97367  96.97367  99.55931  99.55931
  877.   651.01977   121.63975   772.65951  99.97303   0.00000  99.97303   0.40649   0.40649   0.40631   0.99958  98.84003  98.84003 101.46542 101.46542
  878.   648.62918   120.74327   769.37244  99.61071   0.00000  99.61071   0.40674   0.40674   0.40657   0.99958  98.40692  98.40692 101.00858 101.00858
  879.   644.19027   119.57158   763.76185  98.94052   0.00000  98.94052   0.40697   0.40697   0.40680   0.99958  97.67933  97.67933 100.25044 100.25044
  880.   638.71663   118.30673   757.02335  98.10648   0.00000  98.10648   0.40713   0.40713   0.40696   0.99958  96.84064  96.84064  99.37660  99.37660
  881.   614.67647   113.37366   728.05013  94.39213   0.00000  94.39213   0.40731   0.40731   0.40714   0.99958  93.01843  93.01843  95.44584  95.44584
  882.   634.42173   116.44746   750.86919  97.39658   0.00000  97.39658   0.40750   0.40750   0.40733   0.99958  95.77626  95.77626  98.26616  98.26616
  883.   633.38759   116.26361   749.65120  97.27324   0.00000  97.27324   0.40765   0.40765   0.40748   0.99958  95.75721  95.75721  98.24313  98.24313
  884.   634.15731   116.12190   750.27921  97.39176   0.00000  97.39176   0.40780   0.40780   0.40763   0.99958  95.84836  95.84836  98.32998  98.32998
  885.   639.18316   116.87858   756.06174  98.19097   0.00000  98.19097   0.40800   0.40800   0.40783   0.99958  96.70405  96.70405  99.20363  99.20363
  886.   615.16290   110.78004   725.94294  94.32651   0.00000  94.32651   0.40821   0.40821   0.40804   0.99958  91.91517  91.91517  94.26561  94.26561
  887.   610.52038   110.56233   721.08272  93.74249   0.00000  93.74249   0.40841   0.40841   0.40824   0.99958  91.88853  91.88853  94.24625  94.24625
  888.   626.32217   112.51365   738.83582  96.08496   0.00000  96.08496   0.40856   0.40856   0.40839   0.99958  93.74103  93.74103  96.12923  96.12923
  889.   634.78501   114.89566   749.68066  97.55360   0.00000  97.55360   0.40881   0.40881   0.40863   0.99958  95.89715  95.89715  98.35304  98.35304
  890.   630.51828   112.75879   743.27707  96.77382   0.00000  96.77382   0.40903   0.40903   0.40886   0.99958  94.35047  94.35047  96.74717  96.74717
  891.   630.48372   112.65429   743.13801  96.78396   0.00000  96.78396   0.40915   0.40915   0.40898   0.99958  94.49743  94.49743  96.90213  96.90213
  892.   614.10052   107.92880   722.02932  94.07315   0.00000  94.07315   0.40932   0.40932   0.40915   0.99958  90.67854  90.67854  92.96656  92.96656
  893.   579.85671    97.78264   677.63935  88.33002   0.00000  88.33002   0.40951   0.40951   0.40933   0.99958  82.05786  82.05786  84.07382  84.07382
  894.   583.18778    96.89033   680.07811  88.69681   0.00000  88.69681   0.40973   0.40973   0.40956   0.99958  81.69215  81.69215  83.68359  83.68359
  895.   534.59951    81.47270   616.07221  80.37252   0.00000  80.37252   0.40985   0.40985   0.40968   0.99958  69.54418  69.54418  71.14111  71.14111
  896.   514.73661    76.49108   591.22769  77.15467   0.00000  77.15467   0.40997   0.40997   0.40980   0.99957  63.41348  63.41348  64.83995  64.83995
  897.   473.78992    67.92327   541.71319  70.72628   0.00000  70.72628   0.41017   0.41017   0.40999   0.99957  54.94027  54.94027  56.14144  56.14144
  898.   493.10195    73.54559   566.64754  74.02875   0.00000  74.02875   0.41043   0.41043   0.41025   0.99958  59.47172  59.47172  60.82226  60.82226
  899.   414.16930    58.71667   472.88598  61.79650   0.00000  61.79650   0.41054   0.41054   0.41037   0.99957  42.89083  42.89083  43.81651  43.81651
  900.   469.93074    72.02699   541.95773  70.87068   0.00000  70.87068   0.41082   0.41082   0.41065   0.99958  55.70699  55.70699  57.00614  57.00614
  901.   418.85753    57.71391   476.57144  62.34982   0.00000  62.34982   0.41101   0.41101   0.41084   0.99957  45.33851  45.33851  46.30656  46.30656
  902.   434.63936    64.06204   498.70140  65.28668   0.00000  65.28668   0.41128   0.41128   0.41110   0.99958  49.62718  49.62718  50.75074  50.75074
  903.   479.94558    71.16806   551.11364  72.19156   0.00000  72.19156   0.41152   0.41152   0.41135   0.99958  57.49938  57.49938  58.81054  58.81054
  904.   555.98496    88.07053   644.05548  84.44014   0.00000  84.44014   0.41188   0.41188   0.41171   0.99958  75.25236  75.25236  77.05638  77.05638
  905.   551.27287    86.21602   637.48889  83.64238   0.00000  83.64238   0.41220   0.41220   0.41202   0.99958  73.95058  73.95058  75.70849  75.70849
  906.   525.34247    81.81315   607.15562  79.71133   0.00000  79.71133   0.41245   0.41245   0.41227   0.99958  68.73433  68.73433  70.36209  70.36209
  907.   463.50778    66.29386   529.80163  69.57577   0.00000  69.57577   0.41257   0.41257   0.41239   0.99958  53.89089  53.89089  55.08358  55.08358
  908.   452.00651    65.85406   517.86057  68.05206   0.00000  68.05206   0.41284   0.41284   0.41266   0.99958  52.14140  52.14140  53.30716  53.30716
  909.   436.65285    61.08054   497.73339  65.45136   0.00000  65.45136   0.41312   0.41312   0.41294   0.99958  49.55141  49.55141  50.62819  50.62819
  910.   432.76391    58.72657   491.49048  64.67567   0.00000  64.67567   0.41340   0.41340   0.41323   0.99958  48.01849  48.01849  49.03142  49.03142
  911.   447.74668    63.60494   511.35161  67.33888   0.00000  67.33888   0.41371   0.41371   0.41353   0.99958  51.30762  51.30762  52.42622  52.42622
  912.   458.32281    66.19635   524.51916  69.10453   0.00000  69.10453   0.41390   0.41390   0.41372   0.99958  54.15696  54.15696  55.35719  55.35719
  913.   437.20832    58.99365   496.20197  65.40010   0.00000  65.40010   0.41407   0.41407   0.41389   0.99958  48.09781  48.09781  49.10062  49.10062
  914.   420.71085    55.81688   476.52774  62.84921   0.00000  62.84921   0.41434   0.41434   0.41417   0.99958  44.90913  44.90913  45.82971  45.82971
  915.   446.24415    60.13006   506.37421  66.83023   0.00000  66.83023   0.41462   0.41462   0.41445   0.99958  50.79599  50.79599  51.85779  51.85779
  916.   414.24146    55.49513   469.73660  62.01284   0.00000  62.01284   0.41474   0.41474   0.41457   0.99958  44.05083  44.05083  44.95590  44.95590
  917.   454.12338    63.35538   517.47876  68.30295   0.00000  68.30295   0.41466   0.41466   0.41449   0.99958  52.98157  52.98157  54.10401  54.10401
  918.   411.70746    54.19849   465.90596  61.49324   0.00000  61.49324   0.41465   0.41465   0.41447   0.99958  43.98297  43.98297  44.86697  44.86697
  919.   486.21614    69.21048   555.42661  73.33535   0.00000  73.33535   0.41480   0.41480   0.41462   0.99958  60.05697  60.05697  61.34391  61.34391
  920.   505.95380    75.76895   581.72276  76.83258   0.00000  76.83258   0.41493   0.41493   0.41476   0.99958  65.68011  65.68011  67.13676  67.13676
  921.   497.86265    72.76297   570.62563  75.27583   0.00000  75.27583   0.41443   0.41443   0.41426   0.99958  64.57515  64.57515  65.97372  65.97372
  922.   476.51827    68.68747   545.20574  71.78965   0.00000  71.78965   0.41367   0.41367   0.41349   0.99958  59.81572  59.81572  61.08101  61.08101
  923.   485.50226    71.43910   556.94136  73.24129   0.00000  73.24129   0.41314   0.41314   0.41296   0.99958  63.48045  63.48045  64.83869  64.83869
  924.   458.11257    61.83175   519.94432  68.29578   0.00000  68.29578   0.41265   0.41265   0.41248   0.99957  55.14971  55.14971  56.24787  56.24787
  925.   466.92744    64.04472   530.97216  69.65740   0.00000  69.65740   0.41214   0.41214   0.41197   0.99957  56.66794  56.66794  57.80320  57.80320
  926.   466.60546    64.72470   531.33016  69.61864   0.00000  69.61864   0.41163   0.41163   0.41146   0.99957  57.58815  57.58815  58.74694  58.74694
  927.   482.46398    67.69448   550.15846  72.01301   0.00000  72.01301   0.41122   0.41122   0.41104   0.99957  59.82048  59.82048  61.03068  61.03068
  928.   392.52575    47.26205   439.78780  57.44730   0.00000  57.44730   0.41037   0.41037   0.41019   0.99957  39.78204  39.78204  40.48340  40.48340
  929.   342.65217    36.63148   379.28365  49.38803   0.00000  49.38803   0.40908   0.40908   0.40890   0.99957  30.79992  30.79992  31.27816  31.27816
  930.   297.67056    30.57332   328.24389  42.65474   0.00000  42.65474   0.40824   0.40824   0.40807   0.99956  23.80645  23.80645  24.15687  24.15687
  931.   257.63889    26.25520   283.89409  36.84051   0.00000  36.84051   0.40768   0.40768   0.40750   0.99956  18.34608  18.34608  18.60888  18.60888
  932.   176.00054    16.27777   192.27831  24.90410   0.00000  24.90410   0.40690   0.40690   0.40672   0.99956   9.43403   9.43403   9.54944   9.54944
  933.   154.01818    14.09133   168.10951  21.73485   0.00000  21.73485   0.40618   0.40618   0.40600   0.99956   7.53556   7.53556   7.62266   7.62266
  934.    89.32039     6.77832    96.09871  12.40428   0.00000  12.40428   0.40551   0.40551   0.40533   0.99956   3.24478   3.24478   3.26965   3.26965
  935.   154.35308    15.57395   169.92703  21.89576   0.00000  21.89576   0.40481   0.40481   0.40463   0.99956   7.63219   7.63219   7.72970   7.72970
  936.   132.24251    12.29975   144.54226  18.56113   0.00000  18.56113   0.40342   0.40342   0.40324   0.99956   5.89610   5.89610   5.96127   5.96127
  937.   123.51178    10.47361   133.98540  17.15570   0.00000  17.15570   0.40225   0.40225   0.40208   0.99955   5.22171   5.22171   5.27143   5.27143
  938.   128.87524    11.49680   140.37204  17.93883   0.00000  17.93883   0.40148   0.40148   0.40130   0.99955   5.60526   5.60526   5.66180   5.66180
  939.   249.55475    27.72387   277.27862  35.38628   0.00000  35.38628   0.40093   0.40093   0.40075   0.99956  17.52379  17.52379  17.76998  17.76998
  940.   290.39597    30.98053   321.37650  40.88559   0.00000  40.88559   0.39967   0.39967   0.39950   0.99956  22.89310  22.89310  23.19801  23.19801
  941.   233.90511    22.04345   255.94857  32.39688   0.00000  32.39688   0.39765   0.39765   0.39747   0.99955  15.67859  15.67859  15.85497  15.85497
  942.   243.81823    25.63708   269.45530  34.01058   0.00000  34.01058   0.39653   0.39653   0.39635   0.99955  17.16156  17.16156  17.37400  17.37400
  943.   193.09029    20.58553   213.67582  26.91859   0.00000  26.91859   0.39577   0.39577   0.39560   0.99955  11.14617  11.14617  11.28027  11.28027
  944.   197.62856    21.91065   219.53921  27.58273   0.00000  27.58273   0.39471   0.39471   0.39453   0.99955  11.77624  11.77624  11.92079  11.92079
  945.   222.13510    22.79937   244.93447  30.66575   0.00000  30.66575   0.39333   0.39333   0.39315   0.99955  14.16966  14.16966  14.32662  14.32662
  946.   175.41658    17.44127   192.85785  24.06485   0.00000  24.06485   0.39201   0.39201   0.39183   0.99955   9.32948   9.32948   9.42415   9.42415
  947.   215.47358    20.81687   236.29045  29.40227   0.00000  29.40227   0.39092   0.39092   0.39074   0.99955  13.18690  13.18690  13.31664  13.31664
  948.   213.31394    21.56459   234.87853  29.15516   0.00000  29.15516   0.38996   0.38996   0.38979   0.99955  12.95534  12.95534  13.08581  13.08581
  949.   259.13650    27.04423   286.18074  35.34057   0.00000  35.34057   0.38796   0.38796   0.38778   0.99955  18.23132  18.23132  18.41493  18.41493
  950.   169.35560    16.71219   186.06780  22.77289   0.00000  22.77289   0.38450   0.38450   0.38432   0.99954   8.63872   8.63872   8.71037   8.71037
  951.   288.07691    30.16098   318.23789  38.74048   0.00000  38.74048   0.38244   0.38244   0.38226   0.99954  21.95902  21.95902  22.15275  22.15275
  952.   197.63811    18.29207   215.93018  26.18649   0.00000  26.18649   0.38099   0.38099   0.38081   0.99954  11.10048  11.10048  11.17817  11.17817
  953.   217.91420    19.64410   237.55831  28.66456   0.00000  28.66456   0.37907   0.37907   0.37890   0.99953  13.10186  13.10186  13.18558  13.18558
  954.   263.99211    26.58492   290.57702  34.87121   0.00000  34.87121   0.37701   0.37701   0.37684   0.99953  18.81210  18.81210  18.93927  18.93927
  955.   228.68535    22.04181   250.72716  29.94030   0.00000  29.94030   0.37515   0.37515   0.37497   0.99953  14.91703  14.91703  15.00399  15.00399
  956.   236.10584    24.72686   260.83271  31.01532   0.00000  31.01532   0.37356   0.37356   0.37339   0.99953  15.33618  15.33618  15.42505  15.42505
  957.   246.60599    25.90677   272.51276  32.27324   0.00000  32.27324   0.37205   0.37205   0.37188   0.99953  16.51347  16.51347  16.60207  16.60207
  958.   326.37190    36.83671   363.20861  42.87172   0.00000  42.87172   0.37082   0.37082   0.37065   0.99953  27.32926  27.32926  27.47868  27.47868
  959.   253.56713    25.04529   278.61241  32.79773   0.00000  32.79773   0.36982   0.36982   0.36965   0.99953  16.97941  16.97941  17.05068  17.05068
  960.   268.02435    26.57391   294.59826  34.56748   0.00000  34.56748   0.36863   0.36863   0.36845   0.99953  18.82942  18.82942  18.90061  18.90061
  961.   303.28223    32.70264   335.98487  39.25698   0.00000  39.25698   0.36707   0.36707   0.36689   0.99953  23.75226  23.75226  23.83890  23.83890
  962.   307.34582    33.20006   340.54588  39.71160   0.00000  39.71160   0.36635   0.36635   0.36617   0.99953  24.27314  24.27314  24.35251  24.35251
  963.   326.37834    36.37554   362.75388  42.28591   0.00000  42.28591   0.36621   0.36621   0.36604   0.99953  27.36338  27.36338  27.44988  27.44988
  964.   333.05099    38.69267   371.74365  43.30617   0.00000  43.30617   0.36598   0.36598   0.36581   0.99953  28.61269  28.61269  28.70059  28.70059
  965.   340.68035    36.24047   376.92083  43.86602   0.00000  43.86602   0.36562   0.36562   0.36544   0.99952  29.31679  29.31679  29.38751  29.38751
  966.   337.63580    35.26461   372.90041  43.36635   0.00000  43.36635   0.36535   0.36535   0.36518   0.99952  29.07729  29.07729  29.13692  29.13692
  967.   359.59940    40.97542   400.57483  46.56705   0.00000  46.56705   0.36521   0.36521   0.36504   0.99953  32.66343  32.66343  32.73233  32.73233
  968.   449.78783    60.86036   510.64819  59.36225   0.00000  59.36225   0.36521   0.36521   0.36504   0.99953  50.68577  50.68577  50.81700  50.81700
  969.   448.69025    57.89463   506.58488  58.87600   0.00000  58.87600   0.36512   0.36512   0.36495   0.99953  50.00291  50.00291  50.10875  50.10875
  970.   449.54904    58.13540   507.68444  58.99290   0.00000  58.99290   0.36505   0.36505   0.36488   0.99953  50.11608  50.11608  50.20899  50.20899
  971.   467.91887    63.32511   531.24398  61.72165   0.00000  61.72165   0.36500   0.36500   0.36483   0.99953  54.64942  54.64942  54.74673  54.74673
  972.   458.05272    61.01215   519.06487  60.29521   0.00000  60.29521   0.36493   0.36493   0.36476   0.99953  52.18967  52.18967  52.26584  52.26584
  973.   425.78166    52.64432   478.42598  55.55545   0.00000  55.55545   0.36481   0.36481   0.36463   0.99953  45.36017  45.36017  45.40238  45.40238
  974.   387.80930    46.67368   434.48298  50.43017   0.00000  50.43017   0.36464   0.36464   0.36447   0.99953  38.51615  38.51615  38.53825  38.53825
  975.   410.88856    50.79411   461.68268  53.59144   0.00000  53.59144   0.36467   0.36467   0.36450   0.99953  42.73827  42.73827  42.75698  42.75698
  976.   386.87643    44.97185   431.84828  50.14098   0.00000  50.14098   0.36476   0.36476   0.36459   0.99953  37.83805  37.83805  37.84112  37.84112
  977.   440.05390    56.50031   496.55421  57.67612   0.00000  57.67612   0.36490   0.36490   0.36473   0.99953  49.03018  49.03018  49.03768  49.03768
  978.   434.89023    54.35555   489.24578  56.85034   0.00000  56.85034   0.36505   0.36505   0.36488   0.99953  47.51878  47.51878  47.51383  47.51383
  979.   426.00896    52.58240   478.59136  55.64909   0.00000  55.64909   0.36529   0.36529   0.36512   0.99953  46.33500  46.33500  46.32142  46.32142
  980.   428.19061    53.26641   481.45702  56.02824   0.00000  56.02824   0.36559   0.36559   0.36542   0.99953  46.52902  46.52902  46.50979  46.50979
  981.   475.55017    63.27254   538.82270  62.74869   0.00000  62.74869   0.36585   0.36585   0.36568   0.99953  56.88755  56.88755  56.86799  56.86799
  982.   469.40501    61.04007   530.44508  61.81249   0.00000  61.81249   0.36609   0.36609   0.36592   0.99953  55.35126  55.35126  55.32327  55.32327
  983.   465.79399    60.51461   526.30860  61.37673   0.00000  61.37673   0.36636   0.36636   0.36619   0.99953  54.90192  54.90192  54.86903  54.86903
  984.   492.78624    67.47066   560.25690  65.39773   0.00000  65.39773   0.36671   0.36671   0.36654   0.99953  61.69961  61.69961  61.66636  61.66636
  985.   475.82336    61.91469   537.73805  62.82717   0.00000  62.82717   0.36705   0.36705   0.36688   0.99953  57.34272  57.34272  57.30037  57.30037
  986.   507.57639    71.85079   579.42718  67.77630   0.00000  67.77630   0.36748   0.36748   0.36731   0.99954  65.87538  65.87538  65.83766  65.83766
  987.   501.12627    70.05588   571.18215  66.89003   0.00000  66.89003   0.36791   0.36791   0.36774   0.99954  64.40452  64.40452  64.36243  64.36243
  988.   505.43973    71.08017   576.51990  67.59784   0.00000  67.59784   0.36836   0.36836   0.36819   0.99954  65.47619  65.47619  65.43185  65.43185
  989.   510.85616    73.48007   584.33623  68.59227   0.00000  68.59227   0.36878   0.36878   0.36861   0.99954  67.81510  67.81510  67.76980  67.76980
  990.   499.38376    70.03473   569.41849  66.92572   0.00000  66.92572   0.36924   0.36924   0.36907   0.99954  64.90217  64.90217  64.85211  64.85211
  991.   513.08430    73.56952   586.65382  69.05836   0.00000  69.05836   0.36981   0.36981   0.36964   0.99954  68.23647  68.23647  68.19088  68.19088
  992.   515.77857    74.23142   590.00998  69.55828   0.00000  69.55828   0.37037   0.37037   0.37020   0.99954  69.02877  69.02877  68.98606  68.98606
  993.   508.71084    72.24377   580.95461  68.56694   0.00000  68.56694   0.37079   0.37079   0.37061   0.99954  67.11947  67.11947  67.07505  67.07505
  994.   520.30177    75.31436   595.61613  70.37657   0.00000  70.37657   0.37120   0.37120   0.37103   0.99954  70.33244  70.33244  70.28929  70.28929
  995.   520.57962    75.56284   596.14245  70.53976   0.00000  70.53976   0.37174   0.37174   0.37156   0.99954  70.76184  70.76184  70.72117  70.72117
  996.   518.80615    75.02529   593.83144  70.37859   0.00000  70.37859   0.37233   0.37233   0.37216   0.99954  70.44717  70.44717  70.40943  70.40943
  997.   519.45684    75.13450   594.59135  70.57681   0.00000  70.57681   0.37290   0.37290   0.37273   0.99954  70.69810  70.69810  70.66328  70.66328
  998.   518.37204    74.80801   593.18006  70.51138   0.00000  70.51138   0.37344   0.37344   0.37327   0.99954  70.64416  70.64416  70.61117  70.61117
  999.   515.21935    74.09544   589.31479  70.15442   0.00000  70.15442   0.37399   0.37399   0.37382   0.99954  70.14587  70.14587  70.11483  70.11483
 1000.   512.10206    73.39430   585.49635  69.80822   0.00000  69.80822   0.37457   0.37457   0.37440   0.99954  69.57572  69.57572  69.54736  69.54736