353.9
355.28
355.5
355.57
355.97
358.99
360.58
361.15
360.77
361.16
361.29
361.28
361.19
359.81
362.73
363.56
363.76
363.66
364.32
365.61
365.54
365.49
365.26
365.48
365.48
365.55
365.26
365.63
365.78
366.75
366.47
366.6
367.25
367.2
366.72
365.22
366.01
367.49
367.1
368.15
368.16
368.15
369.42
369.42
370.55
371.27
372.15
373.1
374.44
374.66
375.45
375.5
376.53
376.76
377.68
377.65
378.13
378.72
378.63
379.35
377.16
380.31
381.28
381.27
381.27
381.82
382.57
383.19
382.17
376.36
345.88
340.42
347.9
353.81
361.56
353.8
343.52
337.33
336.69
337.29
338.92
338.72
339.36
339.86
341.27
341.05
340.82
341.1
342.11
341.12
340.2
340.36
339.92
339.65
340.56
341.88
342.06
343.34
345.06
342.73
341.84
341.94
341.92
340.82
340.03
338.63
337.02
335.58
335.62
335.61
334.64
333.37
332.19
330.98
329.79
328.95
328.09
328.04
327.85
326.97
326.9
326.84
325.73
324.99
323.36
321.9
320.4
318.69
316.92
315.48
315.35
314.78
313.6
312.7
312.35
312.04
311.73
310.6
309.71
308.98
308.47
308.19
306.98
306.24
307.36
306.68
306.6
306.33
306.41
306.93
307.17
307.01
307.43
307.84
307.32
307.52
308.48
312.15
320.27
323.45
325.71
329.21
334.88
335.04
328.12
323.24
327.38
326.77
321.99
319.62
316.27
316.16
318.45
323.15
323.45
318.89
315.55
317.33
318.28
317
315.8
317.92
318.46
326.14
326.53
340.61
336.53
333.17
354.95
343.01
351.39
349.84
342.83
332.58
332.62
330.61
328.96
334.28
344.54
342.26
335.84
343.35
338.25
326
326.94
329.49
332.24
341.32
370.97
364.27
364.28
370.88
371.6
373.7
370.49
375.22
374.59
372.77
371.69
370.26
369.26
368.42
376.72
374.99
374.83
371.97
371.07
358.95
353.83
357.93
358.35
356.46
361.33
362.11
362.19
361.62
354.02
355.69
355.69
338.79
327.55
341.32
338.47
339.59
324.5
335.55
336.22
332.92
346.61
352.78
359.93
361.55
359.52
359.3
346.53
357.99
354.23
346.76
342.67
325.47
319.29
316.39
310.81
312.02
313.91
314.34
314.89
316
315.94
312.8
311.78
318.47
324.52
347.44
351.44
344.67
337.46
329.74
320.56
328.13
327.66
341.89
354.33
355.38
352.46
348.26
341.77
326.6
314.99
313.95
307.87
300.96
298.37
298.21
297.14
296.28
297.41
294.83
294.7
300.43
313.81
323.65
325.38
316.47
317.71
310.66
307.87
312.21
340.88
348.71
345.78
338.74
329.12
339.24
344.76
324.61
306.41
306.28
312.79
329.22
315.39
296.49
297.94
296.98
293.32
293.89
294.76
294.87
296.37
300.91
305.18
306.02
306.43
308
310.16
309.96
311.24
311.27
315.25
321.21
325.14
323.61
318.86
319.03
320.57
319.66
312.21
315.38
329.34
349.84
343.73
327.27
347.15
366.76
367.63
368.43
371.81
369.27
370.76
372.09
373.17
371.85
370.14
368.79
368.29
369.51
369.73
371.72
371.07
369.02
367.95
355.36
348.08
353.2
362.08
362.95
356.99
344.98
344.84
350.08
350
349.64
354.34
353.06
355.11
364.14
366.2
367.67
368.13
367.43
368.32
364.67
368.9
370.41
372.06
372.18
370.08
372.62
372.62
372.46
372.75
371.81
371.96
371.13
371.23
367.67
368.12
365.11
364.45
365.41
365.69
363.85
363.45
361.62
357.79
346
359.72
364.38
360.95
367.4
370.01
364.74
356.26
367.22
367.77
369.1
365.26
362.13
364.15
365.31
368.32
370.02
369.04
363.17
365.53
367.94
368.87
369.66
367.43
363.93
348.92
338.25
350
331.05
355.36
367.25
368.08
366.95
313.41
321.31
347.23
364.24
363.69
365.77
366.63
367.3
367.33
367.97
368.08
366.1
366.29
352.23
363.53
355.91
363.38
366.63
349.55
365.6
357.39
355.35
363.5
361.24
354.99
344.88
337.19
364.15
367.6
372.62
370.46
370.57
369.69
368.64
366.25
369.18
365.07
374.94
376.5
376.18
377.99
376.42
377.87
379.65
376.5
369.38
361.03
380.49
381.44
381.79
383.05
384.19
383.81
384.91
385.36
379.85
369.84
358.07
354.56
363.8
355.55
346.47
352.32
351.07
356.3
362.23
361.48
359.02
351.24
346.66
345.16
348.52
346.99
349.06
348.54
349.68
352.67
352.3
351.96
352.78
355.48
357.9
357.61
359.59
360.27
359.45
357.13
355.64
355.27
353.33
354.56
354.58
353.32
349.65
348.06
349.14
346.93
344.03
343.43
344.42
342.03
336.26
334.71
334.41
332.87
332.49
334.71
333.97
336.46
337.74
340.51
347.96
348.63
334.36
330.1
329.19
326.81
326.11
325.31
325.52
327.76
328.71
328.78
327.06
324.5
323.7
323.05
321.02
321.17
320.86
321.51
322.33
323.46
322.94
323.57
326.89
330.56
332.88
332.87
332.65
331.78
332.03
331.93
332.23
334.4
340.61
341.72
349.77
348.42
339.2
330.2
326.96
323.57
320.23
315.44
315.52
311.22
310.71
315.26
344.07
355.93
365.96
367.49
366.78
364.31
363.81
350.72
328.48
357.11
332.23
289.69
287.29
287.03
285.57
286.06
288.19
290.94
289.7
286.59
286.26
294.38
299.04
306.48
317.8
309.91
302.87
294.18
289.73
287.04
283.47
282.66
283.56
286.99
288.04
289.33
288.6
288.71
290.78
291.55
291.33
291.35
291.27
292.91
293.48
293.36
304.33
299.55
307.16
299.91
306.6
304.26
306.97
300.94
298.83
298.52
300.29
297.97
293.73
292.51
293.61
291.06
289.81
290.67
295.8
299.13
296.13
293.11
294.51
296.31
297.26
296.59
295.1
294.89
292.66
294.3
296.64
299.55
299.63
298.86
298.63
293.59
291.63
290.13
287.45
287.25
286.6
286.19
288.07
285.76
285.08
282.9
280.72
280.08
279.94
280.4
281.36
283.54
280.74
279.26
276.09
275.3
275.35
275.61
285.11
286.45
292.02
320.2
332.13
334.53
324.49
303.81
287.13
283.03
276.83
275.99
272.73
270.83
270.95
272.57
273.31
278.77
281.93
283.18
277.27
276.96
275.73
272.78
268.61
266.62
266.31
269.46
277.28
275.03
274.91
278.22
278.67
277.25
274.05
274.18
276.52
265.6
259.85
256.94
255.86
257.08
255.7
255.43
255.79
256.41
257.13
257.68
258.15
258.41
259.06
259.52
260.24
262.78
268.22
279.29
294.17
300.21
298.48
292.99
305.05
309.9
327.58
329.69
321.36
327.96
331.45
337.98
332.67
336.33
335.61
338.46
339.09
334.37
330.7
333.89
334.4
332.67
333.91
315
283.44
308.25
317.97
320.87
317.82
311.76
326.52
331.27
321.87
302.98
290.33
316.66
332.61
338.24
338.04
336.23
338.86
337.05
335.13
333.29
327.99
322.42
319.74
319.53
301.36
310.29
325.9
332.82
337.38
342.14
333.21
322.27
304.37
302.34
311.79
309.96
296.75
319.48
337.03
335.15
317.87
291.29
277.84
278.75
285.37
307.56
324.88
325.75
329.44
322.04
317.74
320.97
323.32
325.21
325.56
321.08
318.03
322.43
319.26
325.22
329.78
328.93
325.16
322.25
321.87
325.79
330.27
323.64
326.87
333.18
333.39
331.48
331
330.42
330.21
329.23
328.78
328.73
327.66
325.78
325.01
324.2
323.05
321.93
320.9
316.53
302.52
289.24
303.19
299.39
282.75
260.02
255.36
258.81
268.86
262.17
260.07
259.88
253.96
250.69
249.51
248.58
249.53
249.32
249.16
249.24
250.32
249.27
246.32
244.28
244.64
244.99
243.75
243.72
244.21
244.6
248.7
268.09
269.4
250.1
254.73
270.85
252.36
250.48
250.39
251.23
251.44
253
250.07
249.69
249.98
252.05
252.77
252.76
252.45
252.76
253.8
254.08
254.14
255
255.18
255.29
255.69
256.35
256.99
257.81
258.17
258.13
257.85
259.16
259.79
261.61
262.26
263.63
264.97
266.51
265.73
268.85
269.3
271.6
269.55
269.36
269.87
270.32
271.67
272.93
275.05
279.57
281.88
282.13
279.34
279.08
282.24
284.29
283.88
281.88
280.29
279.6
277.97
276.25
277.19
279.96
283.22
283.38
282.23
280.44
279.38
279.18
278.87
277.77
279.65
278.74
276.16
275.21
278.45
284.07
291.42
300.53
309.36
315.07
317.64
319.79
314.71
316.85
318.93
312.02
292.79
280.05
276.4
274.75
272.55
275.27
274.45
268.99
267.23
268.62
268.81
266.94
270.32
280.07
302.14
314.95
316.7
315.82
303.92
278.88
267.78
267.79
272.63
282.07
286.3
287.07
281.83
283.69
289.01
286.66
303.55
315.9
318.33
313.68
306.98
301.02
286.29
283.29
285.37
299.79
301.94
296.74
301.92
310.23
308.65
304.11
290.77
277.06
278.63
306.63
327.7
329.64
330.21
331.31
332.28
333.06
333.48
333.55
334.54
335.06
334.93
335.21
335.01
335.21
335.19
335.79
336.7
337.34
337.46
338.37
338.91
339.41
339.37
339.77
340.33
340.45
341.44
341.64
342.26
341.9
342.17
342.22
342.68
343.16
342.82
343.2
343.53
343.32
343.53
343.92
343.86
343.58
343.51
343.22
344.25
344.57
344.43
344.97
345.15
345.72
344.81
345.88
345.54
346
345.31
345.09
345.35
345.27
345.81
345.68
345.86
345.36
346.01
346.12
345.1
344.54
344.48
344.48
345.44
345.91
347.31
348
347.23
347.25
347.33
347.28
347.49
347.82
347.46
346.8
347.41
347.55
347.39
347.49
347.38
346.49
345.76
345.62
345.58
344.88
344.32
344.21
344.02
343.77
344.33
343.97
343.47
340.92
339.44
338.53
339.91
339.98
338.84
338.08
337.94
337.23
337.05
337.28
336.07
336.39
336.08
336.08
335.71
335.43
335.49
334.86
334.36
334.26
334.45
334.17
333.22
332.09
327.7
323.01
308.49
303.34
292.73
277.26
265.58
258.69
257.24
257.35
260.27
257.69
256.22
253.21
251.79
250.85
249.86
248.72
248.39
248.26
248.53
248.81
249.47
250.12
251.56
252.93
253.64
254.74
256
256.99
257.71
258.61
260.4
260.69
261.74
261.66
263.36
263.56
265.35
265.76
267.14
267.91
268.86
269.62
270.79
272.06
273.43
275.25
276.25
277.33
279.06
279.66
281.25
281.5
282.01
283.6
284.27
285.12
284.87
286.36
287.22
287.06
286.44
287.17
287.01
288.35
289.39
288.17
287.59
287.79
287.39
287.69
285.96
286.06
285.71
287.36
286.29
284.32
283.67
283.92
283.54
282.82
282.3
282.98
281.76
279.76
280.07
279.65
279.01
277.93
278.32
282.85
287.56
290.11
293.32
294.65
294.26
291.99
290.9
289.66
290.15
288.6
286.76
286.5
284.64
283.35
284.94
286.68
286.26
286.21
287.74
288.1
288.35
292.28
294.56
293.35
290.81
291.69
295.88
301.27
307.02
309.66
313.19
316.93
318.46
317.46
315.88
317.23
318.55
320.06
320.76
321.77
322.7
323.93
324.93
325.68
325.77
325.6
325.22
324.11
323.78
324.02
327.24
327.35
325.1
325.06
325.15
323.59
329.16
332.75
334.26
336.28
338.11
339.55
339.46
334.33
329.43
331.77
335.82
335.73
338.02
341.8
344.36
346.81
346.99
348.1
347.95
344.39
340.13
347.59
350.92
352.88
352.98
352.1
346.69
349.96
354.26
353.36
357.37
357.43
357.65
357.83
360.44
361.09
361.05
361.43
361.79
362.44
362.63
362.59
362.54
362.76
362.66
362.75
363.88
364.47
364.99
365.19
365.81
365.17
366
366.36
366.34
364.22
362.36
362.4
359.59
357.01
359.67
361.43
362.43
363.05
361.66
360.51
360.09
359.54
360.24
359.54
358.94
350.01
333.83
332.74
320.95
308.48
303.37
308.4
303.62
306.77
300.22
301.82
296.26
297.93
305.56
311.48
312.23
305.01
302.53
303.1
302.49
304.81
303.29
300.64
298.1
296.23
298.47
302.81
299.98
302.37
305.77
296.23
293.58
300.62
301.27
296.57
295.89
294.85
294.41
298.54
311.95
327.73
320.64
309.45
305.28
303.65
301.57
302.92
300.14
295.63
295.98
294.11
293.04
290.53
289.36
287.32
286.08
286.16
286.05
286.99
285.98
284.59
286.06
286.75
287.07
287.94
286.99
285.72
281.82
279.59
278.55
279.1
279.66
278.81
278.96
279.05
279.82
279.44
279.6
279.27
278.7
279.36
279.34
279.38
279.79
281.13
282.83
284.28
286.04
290.55
294.25
292.3
287.95
287.21
288.24
289.66
290.93
292.49
293.68
295.6
297.08
298.62
300.65
301.3
303.32
305.16
305.44
305.4
306.45
306.87
307.21
307.54
308.62
308.88
309.77
310.94
311.62
313.37
313.83
314.74
315.18
315.24
316.4
317.41
319.97
320.41
321.02
322
321.45
323.04
324.2
324.09
324.31
325.13
325.35
326.52
327.27
327.76
327.26
326.33
326.47
327.11
327
327.93
328.74
328.17
328.77
328.56
329.13
329.07
327.64
326.88
325.89
326.59
326.71
326.43
326.18
327.04
327.04
327.68
327.98
327.58
325.35
323.56
322.37
322.15
321.14
321.01
320.96
320.92
320.56
319.99
320.04
319.51
319.21
319.89
325.19
331.17
325.99
325.15
318.6
317.25
318.03
319.26
320.99
325.18
326.64
322.03
320.23
321.33
321.33
317.75
320.45
323.26
320.33
313.83
313.02
311.89
312.22
312.01
312.7
316.58
318.44
316.15
312.88
312.57
314.29
318.07
324.51
333
335.75
342.53
343.5
341.2
338.62
341.62
329.44
314.05
310.77
308.33
307.34
306.76
309.81
328.42
345.71
343.94
343.46
341.6
346.06
346.12
350.08
353.21
354.69
355.3
355.54
355.64
356.29
356.59
356.63
357.16
356.97
356.36
355.09
352.09
340.2
333.51
336.6
340.37
342.16
345.63
347.93
347.15
349.36
340.61
334.38
333.89
333.93
335.95
336.87
338.02
337.7
339.82
341.79
342.8
345.09
351.94
349.55
347.13
348.32
347.03
352.25
352.66
351.77
348.15
352
353.29
351.94
351.63
355.76
368.29
353.3
362.31
359.21
377.83
365.62
376.92
387.65
388.14
374.75
377.22
378.86
379.02
373.86
369.28
360.58
357.53
356.73
359.37
353.77
351.64
353.99
359.96
373.32
375.54
376.55
369.01
370.58
359.07
358.62
362.37
353.39
349.09
356.38
345.71
346.15
336.27
332.73
333.39
329.33
328.5
327.11
327.19
326.67
325.69
324.79
323.25
323.28
323.75
324.24
323.71
323.13
321.4
320.56
318.86
318.1
317.89
316.55
315.72
314.96
315.15
315.12
314.38
314.16
314.05
313.62
312.27
311.52
310.32
309.92
309.73
309.65
309.39
307.83
306.17
305.94
311.58
331.57
317.72
308.15
306.42
305.34
304.95
307.27
312.19
323.76
310.11
310.3
345.96
359.04
348.48
352.72
350.77
336.3
332.01
321.49
314.77
319.56
328.85
340.71
352.13
359.8
359.33
361.01
365.71
368.15
370.22
370.57
370.61
369.93
372.26
375.43
377.31
375.21
374.14
373.23
381.17
378.86
372.02
363.35
358.56
367.2
375.06
376.39
375.44
376.6
374.84
369.34
375.73
372.14
365.9
369.93
365.9
369.73
377.48
379.89
379.68
378.21
374.73
373.38
373.16
371.87
369.59
367.88
368.67
368.09
364.89
362.34
361.47
359.26
357.63
355.01
354.44
353.37
351.37
349.76
347.88
347.39
346.06
343.6
342.72
342.36
343.91
342.39
343.72
345.87
345.54
341.81
340.64
342.74
341.03
337.25
338.28
338.74
340.14
340.71
340.4
342.51
342.26
342.19
338.41
336.95
336.47
334.45
331.76
331.91
331.85
330.73
333.06
335.01
333.03
334.4
333.69
332.56
334.95
336.08
335.86
336.74
337.15
337.95
338.74
333.74
335.23
336.47
336.84
339.25
339.14
339.37
338.7
335.26
337.38
334.16
335.76
333.48
333.94
332.1
330.6
328.4
331.14
331.96
328.85
330.73
332.85
332.74
330.79
329.1
325.13
324.16
324.07
319.84
320.25
319.39
315.42
311.6
303.03
297.38
294.66
290.68
290.25
293.52
293.5
297.98
302.39
297.87
289.97
287.73
286.81
286.82
286.97
294.31
291.19
293.48
298.37
296.65
293.74
291.95
291.41
295.96
291.4
300.61
290.48
293.93
295.58
302.63
316.17
300.29
298.15
312.83
308.18
312.85
311.51
321.69
321.84
311.27
316.9
307.58
320.81
317.4
317.68
314.03
319.66
322.28
313.63
311.33
323.88
319.64
316.12
320.96
313.1
315.55
313.56
319.64
314.5
323.78
313.49
310.34
320.32
319.95
315.88
318.34
317.98
318.46
315.38
315.05
316.99
322.09
321.44
316.58
318.65
320.94
319.79
317.16
321.07
323.61
316.04
310.93
308.99
313.22
323.72
309.09
296.83
288.87
280.95
280.82
284.46
289.35
286.15
280.71
280.27
277.67
274.09
278.97
282.42
279.71
272.84
263.91
258.65
256.8
256.02
257.44
258.16
262.77
262.43
262.25
258.9
260.03
257.02
258.9
259.23
258.97
260.33
265.77
263.97
249.64
245.54
245.46
246.32
248.93
249.37
245.8
244.11
243.37
242.96
243.43
248.81
252.92
247.64
248.61
252.54
260.44
266.68
259.04
252.97
255.76
257.14
259.26
261.72
268.5
276.76
280.75
280.03
278.06
283.58
292.65
290.91
268.32
266.8
280.21
291.82
296.78
293.72
288.32
280.05
280.83
280.52
280.99
285.91
298.77
302.33
293.82
284.25
274.65
280.82
299.56
308.73
316.72
314.67
298.87
276.38
266.51
275.89
311.79
321.1
320.62
323.45
326.63
327.22
326.52
326.15
322.93
324.74
325.8
329.04
330.07
331.93
332.32
333.45
333.91
333.97
334.66
334.8
335.22
335.68
336.25
337.38
336.62
338.23
339.71
338.94
339.9
340.29
341.2
342.08
342.1
341.61
341.05
341.08
341.41
340.84
340.01
340.2
340.05
339.85
339.88
339.17
331.05
311.4
301.79
305.35
321.9
328.73
325.14
301.39
283.51
289.98
291.52
294.7
291.21
290.21
292.83
291.38
285.75
280.98
269.14
266.6
267.08
267.91
280.69
268.29
262.37
261.75
261.36
259.95
259.39
258.88
258.49
258.25
258.68
258.44
258.84
258.89
259.35
260.94
282.31
301.04
310.12
315.25
318.42
319.35
320.39
320.67
320.24
320.74
317.48
289.64
267.89
262.89
261.4
260.27
258.17
256.88
256.12
256.05
256.21
255.2
255.15
255.43
254.74
254.71
253.15
252.7
252.1
251.86
250.77
249.42
247.75
246.16
243.16
241.37
240.95
242.53
243.95
244.94
246.83
247.49
249.48
250.86
252.86
254.88
256.76
258.13
259.38
260.7
264.16
276.51
300.09
311.28
309.13
325.79
332.7
328.9
311.29
296.87
316.5
321.01
318.78
335.33
335.07
328.8
326.87
329.08
325.56
312.41
292.97
295.19
317.49
329.74
319.76
322.11
317.78
341.1
339.64
339.34
334.81
338.62
329.69
332.42
333.63
332.4
339.12
342.59
341.29
340.62
338.97
335.83
334.36
328.84
343.87
343.72
339.13
337.8
331.98
327.07
319.58
310.03
292.64
282.02
294.4
303.13
289.04
290.73
287.56
288.83
300.86
299.65
312.24
322.3
319.39
312.3
304.58
286.2
286.04
279.59
278.66
279.25
283.38
290.77
292.17
289.39
288.8
288.97
288.25
288.55
287.66
288.15
285.73
283.97
283.04
282.91
282.08
282.88
283.39
283.6
284.36
284.51
282.85
283.65
282.82
284.67
282.87
275.81
271.21
269.51
268.48
268.13
272
271.89
266.99
264.8
266.46
261.13
262.78
259.17
254.73
255.95
258.17
257.53
258.01
258.81
262.3
266.34
267.6
263.9
259.11
259.96
264.99
261.89
256.58
255.56
260.04
264.88
269.27
275.86
281.46
283.35
284.75
289.06
295.08
301.44
303.12
304.21
304.87
303.83
302.64
304.57
306.74
309.49
311.45
309.72
307.66
307.63
302.49
295.41
293.4
304.21
312.77
312.41
310.31
308.56
309.35
313.97
317.85
318.81
319.91
322.16
322.96
323.2
322.53
320.74
319.92
321.44
321.7
323.72
324.59
324.94
323.55
323.35
323.54
326.07
328.85
328.74
328.36
327.73
325.39
322.97
317.73
319.1
322.15
325.83
315.28
312.32
303.23
300.62
307.75
307.91
314.25
316.94
319.8
328.94
332.31
330.96
331.65
332.84
330.73
324.16
320.58
320.13
323.21
327.14
328.12
328.93
329.15
330.15
329.88
330.61
331.15
330.5
327.76
323.46
322.37
321.75
327.05
329.65
331.87
332.39
329.34
324.51
328.24
330.31
330.27
329.14
329.77
329.16
327.09
325.88
327.31
327.93
329.12
330.13
330.26
329.35
327.011111111111
324.21
325.8
327.23
327.42
327.55
328.62
328.42
328.12
325.88
326.43
326.72
326.69
324.94
325.54
323.94
307.57
292.86
291.06
293.16
293.23
282.23
279.8
277.23
276.02
278.19
277.83
277.59
277.68
277.51
282.03
292.47
307.43
298.9
299.91
306.82
301.83
304.64
301.57
292.95
293.18
297
302.23
298.6
290.32
289.45
287.2
284.35
283.09
284.42
286.13
287.52
298.68
317.61
315.37
318.02
341.56
343.74
350.21
348.25
337.81
327.93
330.03
343.28
340.28
332.62
327.24
338.28
350.88
353.09
355.08
354.61
355.5
356.42
340.56
349.33
342.63
327.26
342.16
319.27
330.82
325.34
319.28
336.49
342.83
347.49
355.17
350.43
363.41
366.19
363.96
367.1
368.35
367.64
366.03
366.51
367.54
368.06
364.98
358.72
357.12
333.5
325.11
321.52
323.98
324.35
320.73
332.19
351.56
364.59
364.98
355.72
349.54
333.56
329.25
348.56
351.68
357.26
359.05
355.43
357.3
364.32
365.41
366.99
366.32
366.35
366.66
366.49
366.52
366.69
366.72
367.16
370.28
365.1
365.59
365.6
362.97
357.54
358.33
345.15
324.82
306.61
299.55
301.9
297.68
295.38
294.85
295.15
309.78
342.3
337.74
350.6
355.65
357.61
358.19
358.48
358.6
358.04
358.63
358.62
358.86
358.69
359.19
359.26
357.94
357.61
358.52
360.21
359.94
358.82
356.78
357.55
357.55
356.64
355.4
356.37
357.23
357.46
355.52
354.61
355.78
354.97
357.93
353.63
350.43
345.98
346.65
337.6
319.67
316.91
316.14
310.88
317.09
322.82
323.89
332.39
338.09
342.35
355.23
361.93
370.4
368.49
367.71
370.8
364.97
353.17
344.52
352.85
362.68
363.22
369.08
362.58
354.57
335.16
328.7
327.09
350.38
360.89
369.04
364.88
363.46
364.37
358.49
354.83
354.49
349.24
353.98
347.3
347.69
348.98
353.03
371.67
361.44
341.66
339.95
335.53
327.82
339.02
355.59
350.16
337.57
333.72
324.46
321.83
322.2
348.21
344.03
333.54
343.55
348.85
353.38
345.71
338.79
338.55
339.54
337.78
342.68
352.83
345.07
343.26
342.88
338.56
339.52
333.28
339.12
347.72
349.31
332.98
322.19
330.46
349.08
349.43
348.94
335.09
322.71
318.66
315.89
318.35
321.18
322.33
322.55
325.47
328.44
330.31
331.34
330.78
331.32
331.52
332.65
337.79
335.05
329.82
320.18
308.09
298.29
297.12
305.1
313.68
309.5
309.09
298.91
301.81
302.3
307.13
301.93
297.08
295.9
304.35
321.4
327.11
329.74
330.74
332.03
331.7
330.63
329.61
330.19
332.55
334.59
334.15
335.65
336.72
338.65
334.62
323.69
307.05
298.7
298.64
302.57
304.11
307.58
303.86
303.76
304.59
305.69
306.68
306.64
306.88
306.63
306.97
307.94
311.61
320.19
325.91
325.47
333.05
338.61
332.13
324.41
319.34
313.99
319.66
325.28
323.3
318.16
316.97
320.55
315.58
317.25
315.72
316.67
317.7
319.33
320.62
323.75
325.81
326.36
328.18
326.18
328.52
323.02
324.74
320.27
324.46
322.05
325.86
326.06
322.92
338.73
328.74
320.09
318.54
318.46
317.3
316.52
317.08
316.29
314.73
313.67
312.5
313.87
313.31
313.49
312.48
312.58
312.68
312.75
312.69
311.84
311.33
310.75
309.67
308.55
307.78
306.73
305.7
305.1
304.06
303.1
302.34
301.78
301.62
301.7
301.11
301.01
301.25
300.6
300.59
299.72
299.51
299.22
299.06
300.57
301.11
299.43
297.61
296.01
295.23
295.37
295.54
293.43
293.03
292.64
290.67
289.89
288.09
286.8
285.77
285.89
285.47
285.22
284.75
284.4
283.91
283.23
282.64
282.02
281.72
281.72
280.28
280.51
280.29
280.09
279.8
279.35
279.04
279.21
279.32
279.45
280.67
285.53
299.86
291.4
280.19
278.02
277.85
278.51
278.69
278.61
278.79
278.99
279.35
280.05
280.8
281.36
283.35
283.86
283.97
283.46
283.76
284.01
284.84
285.79
285.96
286.36
287.99
288.2
288.14
288.18
287.62
289.13
289.31
290.85
291
293.11
294.44
295.98
297.24
297.9
298.75
299.17
299.83
300.83
301.33
302.1
302.67
301.95
301.97
302.61
303.47
304.81
305.72
304.79
305.42
305.36
306.02
306.93
306.3
306.55
307.49
308.16
307.98
307.85
309.11
308.32
308.42
307.68
307.2
306.53
306.04
306.46
305.95
306.27
307.19
307.11
306.76
305.68
304.83
304.67
303.74
303.54
303.21
302.02
301.53
301.9
333.8
331.57
336.52
358.93
354.3
347.22
337.45
294.94
291.18
289.6
287.44
285.33
283.61
283.06
282.77
282.29
282.06
281.62
281.66
281.22
280.68
280.05
279.25
279.58
278.53
278.48
278.02
278.17
278.25
277.79
277.51
277.52
277.74
276.55
276.03
275.66
275.81
275.53
275.35
275.54
274.96
275.04
275.2
275.75
276.05
275.52
275.92
275.38
275.46
275.18
274.87
274.71
274.82
275.06
275.38
274.76
276.89
278.08
276.54
275.59
274.99
274.92
274.97
275.13
274.56
274.35
275.14
276.54
277.94
278.7
279.09
279.3
280.01
280.47
281.59
282
283.5
285.35
286.5
287.56
289.7
292.63
300.77
306.93
308.19
315
319.96
308.24
305.64
313.33
317.16
316.96
317.93
325.47
320.61
323.36
320.55
326.1
328.06
331.62
326.78
327.25
335.38
332.89
328.9
321.7
325.68
319.63
316.18
316.18
316.71
319
322.75
317.61
319.04
318.64
320.69
321.16
323.37
322.75
322.6
320.24
321.22
321.66
322.95
323.13
323.73
325.56
323.23
322.38
323
322.85
321.45
319.48
317.66
315.89
315.01
315.7
316.09
314.84
313.96
312.83
311.43
310.71
309.87
309.03
308.44
307.84
307.58
306.93
305.6
305.32
304.22
304.32
303.87
302.47
302.27
301
299.83
299.82
299.09
298.47
297.09
295.52
294.52
293.83
294.08
294.77
293.77
293.36
294.01
293.99
295.2
294.6
292.83
293.48
292.42
291.68
290.53
290.1
289.26
288.34
287.48
286.09
284.33
283.65
282.98
282.73
282.18
281.95
282.11
282.12
281.54
281.5
282.09
283.36
284.19
284.57
285.32
285.65
285.6
285.69
285.77
286.14
286.28
286.87
286.94
287.21
288.79
289.87
291.22
291.9
292.96
293.58
294.82
296.64
298.15
299.79
301.44
302.92
303.75
303.24
304.4
305.18
306.5
307.57
309.48
310.65
312.1
313.78
315.37
317.58
318.58
320.6
321.16
321.3
320.26
319.62
319.35
319.81
318.73
321.79
324.69
325.38
325.45
326.93
327.63
332.81
336.91
337.01
343.88
342.74
344.96
341.28
340.23
337.94
339.83
345.91
348.99
354.92
358.05
353.89
344.4
340.47
349.28
353.98
359.78
351.45
347.71
351.96
348.2
350.97
357.72
358.54
360.63
356.95
350.69
349.67
348.31
350.54
349.75
345.53
348.6
352.49
344.08
341.52
341.54
352.05
346.65
346.02
349.96
348.63
347.45
346.46
336.6
331.08
328.22
326.69
328.02
329.77
337.49
357.52
370.74
373.93
372.88
368.1
358.19
341.08
333.71
329.08
326.73
332.36
342.61
362
368.8
360.94
352.1
345.44
344.77
341.82
339.92
340.99
348.17
354.42
355.35
353.54
344.46
331.68
327.3
328.87
326.47
324.72
326.2
324.76
321.79
318.21
315.11
312.58
313.45
315.92
317.27
316.9
315.71
315.46
320.13
324.01
327.65
329.59
324.29
318.1
316.63
314.7
308.57
308.67
308.22
308.65
309.97
309.56
310.89
312.12
313.2
315.39
315.52
316.29
317.6
318.24
319.4
321.34
323.22
323.37
325.96
326.84
326.74
330.13
337.24
336.08
335.41
331.99
333.97
337.97
349
361.75
365.33
370.24
369.79
374.06
380.08
382.61
378.02
378.54
386.39
391.22
386.13
382.5
385.27
382.65
383.16
380.31
381.09
383.86
384.35
382.11
380.23
377.66
377.63
379.11
376.52
375.62
380.53
384.14
385.25
385.29
385.57
387.46
387.33
386.24
386.75
387.16
385.43
383.72
383.33
383.47
381.16
379.42
381.37
380.72
380.02
379.23
375.75
363.01
331.49
313.01
312.35
315.22
315.66
311.64
309.72
309.26
308.41
307.93
306.5
307.13
305.82
305.06
304.6
304.42
304.06
303.37
320.24
344.22
325.56
343.17
350.86
316.96
316.74
313.06
326.78
332.55
337.61
316.08
348.24
316.43
311.97
303.46
300.09
298.88
298.56
298.06
297.5
297.23
297.86
303.88
319.68
301.66
296.07
296.25
296.95
296.93
298.03
301.63
299.5
296.34
294.89
300.72
320
337.84
342.38
310.1
296.63
296.63
299.61
299.98
297.3
298.02
302.66
321.43
341.54
349.37
355.99
357.6
357.24
360.78
362.84
365.25
359.19
344.97
339.1
337.38
352.04
355.62
353.65
351.86
347.43
340.71
347.47
350.55
350.48
333.25
325.13
322.79
324.01
326.67
332.53
334.68
342.09
356.6
344.31
347.73
344.18
339.93
342.27
354.69
361.73
364.76
358.43
349.35
355.81
358.31
363.94
370.61
378.26
387.98
392.61
382.3
379.11
380.21
380.08
380.97
381.45
380.9
376.93
374.17
372.64
376.61
379.47
378.34
376.96
375.72
377.26
379.48
381.93
382.01
384.06
384.73
386.81
386.59
381.47
366.16
346.95
352.69
359.95
368.36
352.44
333.39
327.37
325.33
328.48
328.58
325.1
326.99
325.29
321.78
321.2
337.78
325.69
319.22
316.76
318.39
317.48
320.28
331.92
345.31
367.56
372.31
371.5
372.75
373.89
361.78
369.01
367.65
370.4
378.64
370
365.43
351.8
351.68
356.18
363.37
359.72
356.9
356.24
354.8
347.09
352.79
351.17
332.19
334.98
335.91
309.27
313.21
313.75
314.95
341.67
350.44
343.18
341.2
345.42
349.85
345.73
340.2
346.26
354.38
352.07
359.46
361.06
362.43
366.25
366.18
368.61
367.93
370.66
373.02
373.08
374.27
370.64
367.62
366.91
367.26
365.18
363.69
363.02
363.93
363.82
363.47
363.87
361.04
359.72
352.33
344.5
341.03
341.16
321.47
307.45
300.44
295.96
297.9
306.9
297.32
299.03
300.14
298.41
300.08
297.86
298.63
303.34
314.5
319.12
325.06
324.51
317.18
306.19
307.18
308.59
310.96
316.38
319.34
323.1
327.03
349.25
352.99
353.97
357.08
342.16
354.58
351.64
342.99
322.99
319.28
329.48
354.43
352.32
322.7
337.97
338.33
333.27
330.92
320.47
329.01
340.37
326.74
317.47
314.43
314.87
314.22
319.27
315.38
319.45
332.87
340.41
331
331.79
323.08
332.7
343.14
336.17
327.32
324.61
326.05
323.09
321.12
314.99
303.87
327.08
344.93
343.8
347.72
345.75
342.94
341.77
335.43
330.79
346.8
356.41
355.02
352.76
346.43
322.65
308.57
292.99
288.45
287.16
287.38
287.69
283.68
283.4
283.64
283.16
281.94
280.89
280.8
279.56
280.44
280.31
280.46
278.73
277.76
277.44
276.94
276.85
276.86
276.51
275.96
275.97
275.56
274.87
275.22
274.73
274.7
274.88
275.14
275.32
276.07
276.61
277.76
277.7
277.95
279.16
290.23
299.53
320.47
343.61
344.52
341.15
339.95
341.76
350.09
349.12
348.52
348.66
334.82
324.62
330.58
301.01
287.9
299.03
325.96
340.58
353.32
354.8
354.45
353.72
346.65
349.7
332.34
351.27
332.86
326.03
356.96
360.29
359.93
357.84
351.03
354.28
357.49
345.36
360.77
361.14
360.26
357.92
360.61
357.17
356.08
354.06
356.28
361.59
360.01
358.76
359.56
355.76
347.91
340.71
351.35
350.2
351.37
331.8
338.82
360.12
361.23
349.35
359.63
360.52
341.52
331.18
342.43
354.66
354.07
353.1
356.17
349.74
324.16
315.27
339.36
346.45
346.91
339.33
338.85
349.95
342.75
338.58
327.21
334.95
337.13
318.42
316.97
340.53
355.46
351.85
339.69
329.6
332.99
310.96
295.88
287.99
285.37
284.08
283.51
282.35
282.46
281.13
280.99
280.55
280.23
280.27
283.06
310.43
287.26
277.86
278.01
277.95
276.82
276.51
275.85
275.78
276.24
276.4
276.18
276.15
275.55
276.07
276.95
277.37
276.67
276.63
276.41
276.3
280.28
284.27
301.56
323.24
328.53
327.28
328.2
325.7
326.66
295.97
291.97
294.23
322.09
333.35
333.78
335.75
335.05
333.81
329.37
337.71
340.02
338.72
329.49
317.42
331.21
352.77
350.65
351.89
349.99
349.11
348.93
348.58
349.31
349.19
348.32
347.9
347.21
343.94
336.39
340.57
348.1
349.61
353.26
354.99
355.98
348.65
349.53
348.19
347.06
344.46
344.7
348.61
344.12
336.02
326.04
300.41
317.13
330.29
342.45
349.35
330.67
307.68
293.83
284.73
290.28
300.23
319.29
304.57
304.75
312.34
317.39
349.71
351.22
352.64
349.27
330.58
329.45
325.58
344.06
317.67
299.38
331.41
353.74
358.16
358.96
348.98
317.98
307.57
321.55
310.35
341.45
340.72
348.88
334.71
357.93
360.04
353.9
351.37
347.36
347.38
340.67
321.04
305.92
314.38
312.34
338.61
342.34
349.16
357.85
356.69
353.63
351.4
345.01
343.45
336.78
344.36
343.47
345
346.03
350.4
347.67
346.38
344.94
345.1
343.17
343.57
342.39
339.84
338.49
339.34
339.03
338.86
336.78
335.87
335.96
332.62
330.8
334.58
334.69
332.14
332.35
334.09
340.01
340.75
338.29
335.69
332.98
323.93
324.4
336.11
335.89
328.12
311.88
316.9
313.7
328.91
335.73
326.51
319.57
316.14
323.69
328.06
328.9
327.5
317.75
329.47
334.13
335.18
315.24
304.14
299.29
333.29
329.24
336.25
334.43
332.74
327.43
328.65
333.41
332.45
326.58
317.49
313.91
314.71
282.19
335.8
325.09
293.42
321.66
326.24
338.01
336.55
309.73
287.8
311.77
345.6
341.52
332.44
346.23
334.97
344.01
317.56
312.62
302.62
320.78
323.61
314.32
331.22
345.26
352.73
327.25
322.35
294.89
318.49
342.08
347.29
336.81
313.53
297.07
317.44
330.8
309.62
329.32
312.23
293.68
300.91
312.57
322.73
323.39
341.62
338.23
336.46
333.83
312.7
310.43
323.34
323.59
329.49
329.78
330.24
332.02
328.03
316.33
293.53
292.44
290.65
299.47
310.26
301.48
312.92
322.31
321.41
319.87
304.93
317.77
323.96
337.67
339.1
337.78
338.13
343.65
342.64
342.27
342.22
339.66
341.07
343.73
345.64
344.08
344.11
346.05
346.37
348.1
347.95
348.4
349.04
350.48
349.66
349.84
349.05
349.42
350.15
349.65
349.7
350.44
349.57
349.6
350.08
350.58
350.26
351.35
353.07
354.8
355.24
354.58
354.18
353.55
352.95
352.67
354.69
355.05
353.78
354.71
354.64
355.7
358.02
359.14
360.64
360.37
360.72
360.54
361.05
360.27
358.63
358.02
358.06
358.2
358.17
358.57
358.85
357.79
357.48
359.82
360.66
360.14
358
358.63
359.01
356.05
357.86
358.36
358.2
360.91
364.65
364.21
366.61
362.08
367.65
368.15
350.62
338.94
357.2
361.13
352.31
326.05
346.48
358.19
352.82
356.14
342.46
343.25
355.48
355.56
331.91
357.4
336.1
329.99
324.19
341.4
358.2
362.23
357.36
358.18
345.47
332.92
351.24
352.09
336.18
335.51
342.24
334.18
328.07
332.52
338.77
338.28
347.09
352.4
347.94
339.07
321.5
320.85
331.33
346.45
329.61
339.93
324.23
305.44
332.54
333.47
345.59
355.87
340.58
331.8
336.57
333.74
332.35
330.69
328
326.18
327.76
325.85
327.26
327.51
329.26
331.11
326.93
330.54
333.23
321.7
312.5
310.73
329.53
346.92
342.59
342.28
345.84
339.19
337.25
338.02
332.44
334.85
336.16
335.15
334.73
337.07
336.75
333.7
333.31
336.31
336.17
335.59
332.89
332.89
332.65
329.23
323.35
329.92
320.58
302.88
309.32
312.85
321.57
327.26
321.69
320.06
316.28
311.19
317.89
319.12
309.04
304.99
311.69
309.21
302.36
304.19
303.4
300.32
309.83
322.25
316.46
312.67
309.93
315.45
332.08
328.33
317.66
324.83
330.09
334.12
338.45
341.42
342.17
342.17
340.91
344.59
346.02
347.51
342.57
338.64
337.94
336.09
330.85
325.17
338.58
340.58
343.09
341.26
342.57
346.68
346.14
344.86
347.51
348.52
348.72
347.53
344.74
346.17
350.43
354.35
352.75
351.29
354.18
354
351.88
353.36
358.42
358.66
357.89
356.36
357.95
357.24
355.39
352.6
347
344.38
344.16
343.81
343.47
342.55
341.41
336.9
338.06
338.27
325.24
316.6
313.69
318.38
331.88
328.63
326.85
328.82
333.71
329
322.22
318.31
319.25
327.22
326.6
324.85
318.6
297.66
288.12
287.2
293.21
291.05
284.52
287.19
297.22
331.54
341.92
303.7
293.57
296.06
314.86
347.67
346.61
349.82
345.61
349.04
337.16
351.08
351.82
348.83
353.38
353.6
339.23
336.87
327.71
327.58
330.33
331.88
331.42
329.59
324.93
326.68
325.08
324.25
337.05
336.1
343.2
340.17
324.65
322.44
332.69
341.01
342.95
345.1
346.96
350.1
355.69
343.56
350.19
352.12
347.12
346.39
334.97
327.65
353.22
364.84
364.21
365.07
366
366.72
366.53
365.55
364.33
359.21
364.55
366.86
369.66
364.74
357.72
351.13
349.68
346.55
353.78
358.41
359.53
360.82
362.4
366.69
367.8
367.53
368.04
368
367.14
366.28
364.82
358.3
362.34
358.74
367.98
370.43
370.02
366.68
364.35
363.56
363.45
363.52
364.7
362.65
359.3
356.87
352.92
357.64
365.3
362.47
360.35
356.77
357.67
356.59
354.53
353.76
353.47
353.97
351.82
348.96
349.95
348.81
340.92
325.47
327.05
334.35
345.83
343.11
352.17
354.25
343.57
317.48
313.7
303.9
299.85
297.78
297.83
297.26
303.49
312.55
321.14
319.21
322.57
330.98
333.93
337.49
340.09
342.77
344.83
343.73
338.15
334.29
339.67
344.87
347.24
347.91
347.65
348.5
348.83
348.36
347.68
347.79
347.45
347.06
346.84
345.11
347.09
347.65
344.42
327.81
336.94
347.89
346.89
341.86
339.12
317.61
303.1
331.45
344.77
349.75
347.09
342.8
342.07
342.28
342.18
339.83
347.04
347.99
349.67
350.05
350.24
351.24
349.4
331.67
345.28
351.92
355.05
353.77
350.58
347.99
339.48
354.33
356.59
356.53
355.64
361.79
361.96
360.92
361.75
360.18
362.38
363.52
363.85
366.12
365.53
364.54
362.43
362.55
363.2
363.79
364.28
364.15
364.34
364.95
364.46
364.62
365.46
365.02
369.23
370.14
371.9
370.66
369.82
369.19
368.83
368.98
368.98
367.58
367.48
366.4
366.97
366.32
365.99
366.04
366.54
366.81
366.8
366.72
364.2
364.59
366.59
367.53
367.1
368.22
369.38
370.31
371.1
371.12
370.78
370.84
371.17
371.19
370.79
370.33
369.76
369.55
369.52
368.94
367.78
367.37
366.32
365.12
365.94
364.81
364.64
363.94
362.28
361.96
361.9
359.66
359.31
359.87
359.49
357.57
357.47
353
355.98
356.43
356.26
356.6
356.29
355.24
353.66
353.44
353.35
350.94
350.65
352.13
351.67
351
350.97
351.1
351.5
350.96
351.37
351.16
351.19
350.33
350.87
350.59
350.36
350.36
350.43
350.05
348.9
349.03
349.07
348.47
348.27
347.68
348.15
348.06
347.96
348.01
347.82
348.08
348.45
348.38
349.48
348.95
351.13
352.26
352.1
351.81
350.79
350.41
350.21
350.2
351.73
352.36
352.36
353.22
353.2
354.09
354.15
354.07
354.42
353.55
352.86
352.45
351.97
351.83
352.09
352.44
352.35
352.2
352.36
353.01
353.11
352.45
352.54
353.34
352.71
352.73
351.61
351.54
352.54
352.83
353.6
353.59
353.29
353.9
353.45
353.37
353.58
353.65
353.45
354.54
355.71
355.61
354.38
353.02
353.14
350.8
349.46
355.01
353.94
353.92
353.41
351.75
351.84
353.35
355.29
354.8
353.44
353.07
352.42
355.5
354.37
356.6
357.03
357.28
356.17
356.36
355.9
352.27
351.42
351.97
352.02
351.43
352.45
354.45
355.95
355.44
353.92
353.21
352.68
351.54
353.27
354.54
355.32
354
352.66
351.51
350.8
351.37
353.41
351.41
352.02
352.65
353.03
353.17
355.05
356.35
358.2
354.67
355.55
354.81
354.96
353.13
352.08
353.3
353.01
352.85
351.49
351.11
351.67
351.85
352.13
351.43
349.91
349.18
348.96
349.47
348.61
349.1
347.54
345.67
345.43
348.09
346.66
345.98
345.5
345.99
347.24
346.32
347.01
347.23
347.52
347.65
347.82
348.1
348.04
348
347.82
346.11
345.44
344.73
343.61
344.03
343.62
346.23
347.15
347.14
346.92
346.06
345.25
338.64
335.87
335.23
332.99
334.68
332.05
333.44
330.27
331.54
330.49
335.02
340.33
343.07
342.76
342.73
346.48
348.23
348.81
348.16
349.11
348.99
349.47
349.9
349.98
350.78
351.26
349.79
349.81
349.5
350.72
349.83
350.17
349.84
346.65
341.11
350.57
354.39
354.76
352.43
351.88
352.24
354.43
354.61
358.23
358.89
353.38
351.34
353.29
333.15
324.81
319.86
297.93
308.81
298.96
300.15
295.88
294.93
296.34
295.38
295.15
296.15
296.31
297.61
295.51
295.01
295.66
295.68
295.23
295.6
295.95
295.96
295.87
295.69
294.58
294.17
292.89
292.07
291.79
291.43
291.19
290.3
290.04
290.05
290.39
290.35
291.06
290.95
290.63
290.22
290.67
290.39
290.75
290.42
290.51
291.29
290.38
290.24
289.18
287.55
287.72
286.68
286.92
287.02
286.59
286.74
286.46
285.87
285.44
284.87
284.96
284.7
284.53
284.48
284
282.39
282.42
282.5
282.64
282.3
281.57
280.56
279.82
279.92
279.71
279.14
279.65
279.38
278.16
278.85
277.77
277.73
277.51
277.25
277.53
278.13
278.02
278.51
278.28
278.58
278.77
278.8
279.13
279.85
281.35
282.76
283.58
284.03
284.37
285.06
286.6
288.16
289.54
290.41
291.59
292.84
294
295.2
296.69
298.08
299.01
297.83
296.42
296.37
296.53
296.14
295.81
294.53
295.46
296.68
296.65
299.4
301.63
301.98
301.6
301.78
302.12
302.86
304.24
305.49
306.68
309.95
313.65
314.07
314.23
314.87
316.07
319.45
321.63
320.54
324.5
320.32
321.6
320.14
323.92
329.07
323.58
323.04
325.35
322.39
321.38
322.85
327.45
323.37
322.17
321.38
321.74
322.57
323.79
323.11
322.8
327.95
333.75
320.85
319.07
319.81
321.15
326.4
345.28
347.12
329.8
329.5
334.98
332.07
329.42
322.04
311.74
311.2
313.37
313.47
316.07
315.48
314.59
323.09
320.32
303.33
302.08
302.71
298.18
296.6
295.42
296.43
295.64
292.48
294.5
301.91
333.6
343.27
357.95
358.16
356.65
356.07
355.17
355.05
355.54
355.74
355.86
355.44
355.35
355.8
359.44
361.27
360.89
360.65
361.81
360.83
360.73
361.21
361.46
361.8
361.97
361.76
361.04
360.76
360.81
360.11
359.33
358.77
359.3
359.59
359.66
360.6
362.73
362.03
360.67
360.56
363.54
362.01
359.73
359.07
360.66
361.51
358.43
359.64
360.62
358.53
357.39
356.93
356.98
355.11
354.09
353.38
354.46
356.82
355.73
354.9
354.34
354.55
354.31
354.56
354.47
353.27
351.5
351.89
348.43
352.21
353.48
357.23
356.89
355.95
355.11
354.27
356.6
356.17
356.5
357.37
356.15
356.32
357.73
354.47
356.07
355.63
351.69
338.34
354.22
359.49
360.41
358.33
357.59
358.36
362.39
360.55
358.96
357.13
355.44
355.75
357.46
359.57
360.21
361.49
362.46
362.94
362.94
363.07
361.84
361.41
360
358.47
356.86
355.47
353.43
353.12
355.16
355.73
354.34
359.12
355.54
344.24
353.67
350.02
325.26
304.54
301.01
294.44
292.39
290.1
290.1
292.17
339.73
349.37
331.64
326.07
310.27
306.51
288.97
283.43
282.87
281.38
280.75
279.7
279.32
279.35
278.66
278.16
277.44
277.41
276.75
275.76
275.23
275.7
275.34
276.28
276.35
276.82
276.96
276.12
276.25
276.17
276.22
276.96
278.46
275.94
275
275.79
275.16
274.34
274.25
275.1
279.52
281.3
280.11
278.99
277.59
277.76
279.05
280.21
280.21
282.2
283.54
283.24
286.63
299.11
305.9
316.32
318.13
321.59
321.57
321.17
306.51
303.16
306.33
306.1
311.49
318.34
319.85
326.94
340.44
349.19
348.7
340.89
333.62
335.33
335.21
332.75
330.57
329.97
335.41
336.01
334.8
337.98
343.13
338.23
336.64
337.8
343.66
345.77
342.44
349.69
356.22
361.18
363.23
365.09
367.62
365.24
362.61
358.17
368.04
367.61
365.94
364.13
362.77
361.7
361.14
360.07
362.11
365.81
369.93
368.95
367.09
368.02
366.63
366.84
367.18
363.8
358.38
356.8
352.9
356.3
359.94
347.7
353.36
364.34
365.33
365.98
366.77
367.78
365.67
362.93
362.94
361.44
359.11
357.09
355.08
357.39
360.11
359.99
359.64
360.31
359.21
357.86
357.84
358.2
357.21
356.65
357.61
358.92
357.95
356.72
356.92
356.77
357.14
357.57
357.4
357.7
356.89
356.88
356.91
354.76
354.53
355.81
355.96
354.63
355.67
355.74
355.36
356.07
355.75
355.92
354.72
353.99
352.81
352.9
351.95
352.56
352.77
352.99
352.93
352.26
352.13
353.02
350.78
351.75
351.16
350.51
349.25
348.33
346.74
345.75
345.15
347.23
348.79
349.87
350.19
349.76
349.87
350.2
349.72
348.62
349.68
348.43
344.16
341.37
338.86
337.85
336.73
336.26
335.52
333.62
333.33
335.72
336.04
336.07
337.05
338.67
338.26
338.78
342.34
340.29
340.47
339.42
340.11
340.46
339.26
338.75
341.22
342.37
346.2
342.7
337.72
340.01
339.19
336.79
338.86
341.42
342.71
340.59
339.09
340.51
343.2
343.15
342.44
342.08
343.35
340.24
341.03
343.27
343.3
343.52
344.17
344.26
344.21
348.5
342.76
337.18
334.69
334.72
335.16
335.21
334.74
333.93
334.15
333.6
334.61
334.6
331.15
325.88
313.62
316.6
327.77
321.94
319.48
322.08
334.91
334.35
333.27
332.65
314.88
315.93
305.5
287.43
301.87
315.26
321.56
323.2
322.33
322.84
326.2
328.46
329.57
330.76
329.63
328.76
329.37
329.98
331.97
331.11
332.7
332.86
333.18
334.95
333.18
330.04
329.45
331.78
337.04
338.85
339.6
339.85
338.61
340.01
339.16
338.99
338.41
339.38
339.67
339.95
339.72
337.97
337.71
336.85
335.36
334.38
334.04
333.46
333.9
335.01
334.96
336.14
335.93
334.27
332.86
332.76
334.59
335.74
334.82
334.07
333.92
332.16
333.43
333.9
325.63
321.15
327.11
330.98
332.28
333.47
332.13
332.31
332.73
332.81
331.11
331.46
331.25
331.73
328.82
329.15
332.36
331.79
332.06
332.07
331.74
331.48
331.78
333.67
334.97
333.9
331.15
331.01
330.27
329.75
329.1
327.72
329.81
329.61
330.36
329.89
328.43
325.79
326.85
319.94
304.44
314.57
312
315.79
299.91
278.79
306.39
311.6
330.41
340.7
337.65
319.73
286.51
318.42
318.57
319.76
325.33
316.92
286.99
270.22
263.65
280.06
300.59
315.73
335.94
324.11
301
299.19
303.96
285.88
272.93
259.14
256.77
258.75
261.17
270.35
278.62
281.02
285.45
288.21
312.56
325.01
328.42
330.61
328.22
329.03
319.85
318.71
301.2
296.74
315.74
303.4
269.58
276.16
263.52
270.17
295.64
304.2
295.15
284.07
293.16
283.08
282.47
279.95
282.02
250.93
245.68
244.62
244.53
244.64
249.77
246.99
244.9
242.35
241.68
241.43
241.56
241.26
242.33
242.9
241.13
255.67
254.61
249.98
265.96
268.64
295.97
259.48
249.26
244.4
256.48
303.05
309.18
308.32
302.77
312.51
316.86
309.23
308.46
311.17
310.81
310.17
304.77
306.67
310.68
310.37
300.95
271.66
253.62
251.08
251.57
252.84
254.3
257.72
260.42
266.91
279.4
275.18
275.85
288.37
287.93
285.05
267.21
298.18
273.83
276.49
296.98
295.68
303.26
309.77
314.23
316.01
306.47
301.82
297.83
317.37
321.71
322.91
322.45
319.19
307.78
315.17
307.19
303.85
318.79
301.39
291.31
299.2
296.34
285.59
299.51
314.26
303.8
297.72
305.36
321.93
312.71
313.53
301.93
296.05
315.36
320.88
288.12
277.49
277.01
276.89
274.36
270.5
268.08
268.66
270.89
273.24
270.79
268.15
266.74
266.04
265.25
263.95
264.06
263.95
263.19
262.62
262.1
261.49
261.52
261.34
261.22
261.38
262.55
264.1
261.33
258.49
258.32
258.83
258.74
260.2
260.65
260.21
259.86
258.27
257.22
256.46
256.49
257.16
256.32
255.63
255.17
254.87
255.19
253.87
254.06
253.95
253.38
252.98
253.8
253.84
253.3
253.49
254.13
254.28
254.38
253.12
251.72
251.3
251.56
250.67
250.52
251.07
251.73
252.34
250.69
249.83
249.44
250.1
251.58
252.91
252.6
252.72
253.5
255.5
258.6
256.74
254.83
255.35
256.59
259.62
260.42
261.67
261.04
261.07
261.88
262.9
262.65
265.81
282.38
285.71
275.84
270.41
270.98
274.22
282.56
286.7
277.34
274.74
273.38
272.55
273.19
276.1
280.06
282.55
281.94
287.14
290.57
290.16
296.31
314.71
324.41
339.59
332.81
311.79
310.23
324.73
308.45
314.11
314.72
298.6
308.65
314.6
301.22
294.65
294.58
297.12
288.63
308.11
322.36
324.56
340.88
330.14
340.23
340.54
342.83
331.83
310.14
299.6
317.67
338.02
348.38
359.1
354.73
350.51
346.02
345.04
346.93
349.53
354.03
347.83
333.48
323.86
330.93
328.97
328.15
333.66
345.05
329.85
337.58
341.44
331.35
333.2
331.86
329.4
328.98
327.78
325.95
325.25
325.49
332.86
335.55
332.42
330.3
333.02
332.67
332.69
334.58
332.61
333.13
338.07
341.79
343.57
342.83
342.79
342.71
342.79
340.52
340.14
342.46
343.1
344.07
342.99
343.91
343.15
344.45
343.47
344.33
343.77
343.69
343.25
342.74
343.72
344.39
342.35
343.82
344.61
345.85
345.99
345.76
346.84
346.66
345.97
344.68
343.86
343.3
343.33
344.02
343.86
346.23
346.24
347.31
347.7
347.73
348.43
348.8
346.46
347.61
348.02
348.51
347.85
348.15
348.51
350.08
350.19
350.32
350.37
349.59
349.7
349.84
349.49
349.55
350.11
349.62
349.49
349.17
348.57
348.44
348.99
348.12
348.63
348.52
349.28
347.89
347.77
348.9
349.26
349.36
349.55
349.82
351
352.93
352.42
352.2
351.69
353.51
352.81
351.68
352.22
352.74
353.83
353.1
353.08
358.1
355.01
356.38
354.46
354.14
356.49
355.64
357.19
354.66
353.67
352.73
350.62
348.36
348.62
345.96
342.41
338.39
338.31
336.3
329.39
320.96
315.81
315.22
320.89
322.88
323.99
326.68
327.76
329.75
331.65
328.16
324.98
324.28
324.33
327.24
327.27
328.98
330.05
329.79
322.82
321.2
320.39
318.25
319.84
319.32
323.74
321.88
317.58
323.06
327.26
337.15
338.82
336.35
335.96
334.92
327.71
328.13
325.99
323.65
328.11
332.66
329.23
329.44
332.82
333.98
331.12
330.73
330.61
329.56
328.52
328.67
328.77
328.36
327.17
327.81
327.84
328.59
331.06
331.67
331.17
331.8
330.5
328.61
329.89
332.34
326.59
329.83
330.39
328.33
326.61
326.74
328.83
330.45
329.35
328.48
330.81
331.23
330.44
329.85
327.18
327.31
328.46
329.45
329.22
327.64
323.56
320.19
315.82
314.21
318.36
324.34
328.12
323.9
316.61
308.76
310.82
309.65
303.99
299.73
296.97
290.5
292.25
294.49
296.72
295.87
298.99
301.32
296.42
293.37
294.38
300.43
303.4
303.16
305.54
307.48
306.38
300.44
299.5
299.34
301.69
302.66
299.39
301.38
302.07
301.42
302.49
303.54
303.08
306.4
306.9
312.41
315.69
311.81
307.94
308.26
311.17
310.37
311.6
308.06
309.12
310.61
310.24
310.76
315.53
314.9
312.51
309.15
306.39
303.97
303.5
303.27
302.65
301.25
300.61
299.84
299.34
298.23
298.18
298.39
298.49
298.64
298.63
297.28
296.57
295.64
295.05
294.04
294.51
294.52
293.51
296.9
298.62
296.35
291.19
289.45
289.34
289.92
291.96
292.75
292.63
293.29
292.43
291.65
290.34
290
290.1
289.35
290.38
289.64
289
288.67
287.61
287.29
287.28
286.28
285.65
283.97
283.78
283.27
281.94
281.51
280.44
279.91
279.74
279.09
279.18
278.78
279.24
279.02
277.99
277.92
277.58
277.34
277.07
276.81
277.55
278.12
279.18
280.64
281.43
282.2
282.84
283.44
283.98
285.02
285.62
286.16
287
287.75
288.07
288.66
288.75
289.27
290.29
291.29
291.56
293.24
294.84
295.28
296.25
297.37
299.03
301.49
303.92
306.49
307.78
310.04
311.65
313.55
313.6
315.06
313.9
312.94
312.94
313.95
314.66
314.88
316.44
317.05
316.65
318.09
318.52
319.86
320.55
321.09
321.41
321.92
324.79
330.44
343.06
348.61
347.61
348.64
356.16
357.8
341.73
338.72
333.71
328.65
327.8
327.77
328.33
327.56
327
327.53
331.62
335.75
335.23
341.92
361.85
366.88
375.83
374.22
370.03
370.14
370.02
375.86
380.01
376.52
376.03
377.27
374.03
374.92
371.24
369.52
370.29
369.21
365.86
361.79
362.02
366.28
364.96
362.21
358.56
356.19
365.78
371.07
370.1
360.6
356.21
361.3
358.48
358.77
360.18
358.19
357.26
358.36
358.01
358.32
358.16
360.91
360.02
363.95
362.36
358.59
358.69
359.62
355.38
353.96
353.78
353.33
353.54
356.99
358.91
357.45
357.01
354.08
353.16
354.06
353.93
354.13
353.46
353.23
354.27
357.44
359.36
361.05
364.33
365.06
363.63
361
357.74
355.44
353.55
352.77
353.02
352.26
351.4
350.86
349.9
348.17
346.03
344.8
344.93
345.15
345.31
344.42
346.42
348.87
350.91
349.13
350.08
348.53
351.16
351.74
352
348.19
346.64
345.83
345.3
345.57
344.16
344.78
349.16
349.88
348.82
348.37
349.88
352.42
352.81
354.25
354.05
352.95
354.2
351.84
350.75
350.33
349.94
351.93
354.55
352.47
350.56
349.52
350.74
351.84
352.18
349.63
351.94
351.05
351.03
353.34
350.84
349.09
350.34
353.37
351.51
350.14
353.14
354.43
354.66
356.14
355.69
355.51
354.27
355.94
356.09
357.11
357.64
356.22
356.64
355.84
356.22
354.55
352.71
351.16
350.73
351.9
353.72
353.15
352.79
349.6
351.27
352.26
352.84
352.33
352.5
353.79
356.07
356.14
356
354.98
353.84
353.95
355.44
356.78
354.74
350.73
349.48
350.08
348.42
350.56
349.39
349.63
350.24
349
347.54
346.69
345.87
345.84
344.18
344.54
343.16
341.6
342.71
343.44
343.56
342.97
341.35
339.97
333.44
340.95
342.88
343.22
342
341.79
341.17
341.3
341.22
341.14
338.35
327.07
309.5
296.65
297.77
287.1
287.38
284.62
281.46
289.75
295.71
293.62
289.38
295.13
324.37
342.26
342.37
340.14
334.04
318.29
315.95
303.31
293.16
309.4
322.02
333.96
330.48
328.61
327.83
341.95
350.51
351.39
350.54
349.84
352.04
352.34
352.34
352.97
352.32
353.33
353.61
353.27
352.78
353.3
354.26
354.94
355.31
355.74
354.79
355.17
355.55
355.72
355.19
356.07
356.87
356.19
355.88
355.56
355.76
355.37
355.58
356.34
355.85
354.08
353.62
355.36
355.15
351.17
355.63
355.23
356.55
356.54
355.38
353.39
352.67
350.09
341.91
320.83
309.65
312.01
296.48
303.58
298.74
296.49
309.24
336.29
327.91
305.81
314.08
344.54
342.59
344.04
322.85
305.16
318.9
328.9
315.14
307.69
307.39
309.33
308.96
308.16
309.39
309.13
311.26
314.5
318.17
319.99
317.52
318.18
319.04
322.34
326.75
329.15
334.92
348.18
351.38
351.22
349.75
344.41
348.73
344.39
336.32
333.88
342.31
352
349.71
341.75
353.91
356.59
354.77
355.74
355.26
360.22
364.72
367.45
365.2
364.4
363.9
367.5
366.2
365.27
366.14
366.17
366.44
367.25
366.93
367.93
367.51
368.37
368.33
368.57
369.1
368.82
369.84
369.52
370.42
370.39
370.12
369.74
375.53
371.15
368.54
368.72
370.9
364.04
361.93
360.16
360.15
360.54
359.75
357.48
361.6
360.82
361.27
359.93
359.53
361.59
365.55
370.16
364.52
364.4
363.9
363.53
363.93
365.18
365.49
367.3
370.01
369.61
366.12
368.45
374.54
375.98
375.18
375.82
374.56
375.18
371.68
370.55
372.97
374.79
376.1
370.73
367.1
358.07
363.25
364.39
356.9
354.83
345.15
352.7
353.88
346.4
335.83
340.65
329.13
327.46
327.49
325.73
334.96
342.57
365.39
359.49
361.53
354.58
360.99
338.55
322.15
329.49
317.8
323.93
337.88
350.53
365.31
373.16
376.92
378.23
377.9
373.52
366.25
354.3
353.24
365.99
368.53
353.55
338.15
326.93
328.97
361.32
342.36
326.95
336.32
336.63
363.05
366.16
366.86
366.84
366.13
366.25
366.61
366.26
366.22
365.8
365.5
364.55
364.18
363.62
363.7
363.87
363.37
363.14
366.93
366.05
365.35
361.27
361.62
360.93
361.14
361.08
360.91
360.84
360.6
360.74
362.84
360.73
359.63
359.39
359.24
359.3
361.09
360.16
357.84
357.37
358.44
358.03
358.69
358.17
358
357.77
357.16
357.42
357.49
357.31
357.7
356.7
356.79
356.73
356.96
356.63
356.85
356.43
357.13
356.38
356.3
356.22
356.95
356.58
357.47
357.83
357.79
357.03
358.92
359.37
359.67
359.12
360.28
360
360.01
360.61
360.61
361.54
361.03
360.34
359.6
360.24
360.48
360.3
360.49
361.48
360.14
361.01
361.36
360.4
361.77
361.83
362.29
362.73
361.52
362.72
361.44
362.32
362.82
359.52
361.82
361.89
359.67
346.23
339.66
316.4
340.89
324
308.22
305.06
322.28
317.96
338.42
349.96
356.84
366.01
368.12
368.29
368.13
367.43
366.18
365.85
365.25
364.31
364.65
364.21
363.85
361.3
359.57
359.59
359.28
359
358.39
358
358.75
357.57
356.99
356.33
354.61
331.57
300.67
290.39
281.23
279.59
278.66
278.28
278.67
278.05
278.33
279.26
285.77
320.42
344.18
342.43
329.24
329.81
326.5
321.28
315.59
316.76
313.65
304.15
281.51
272.54
273.22
273.12
269.82
269.84
272.89
287.94
327.67
333.99
342.49
335.88
331.86
302.88
297.94
296.8
312.87
324.32
322.17
330.96
329.13
335.93
323.47
308.49
319.53
327.17
325.51
325.53
319.91
326.35
329.29
328.86
329.48
319.86
299.76
289.61
288.86
289.3
327.23
300.07
287.18
308.33
300.8
290.73
303.13
290.28
290.18
281.11
278.92
277.59
278.25
279.18
281.89
281.62
280.67
281.63
283.87
284.93
287.93
290.79
293.62
289.62
291.51
293.62
293.82
294.53
299.63
298.63
298.24
299.53
296.76
296.44
294.88
294.59
293.59
293.2
295.2
292.9
290.14
291.69
293.05
295.83
298.58
297.79
297.01
297.83
299.08
306.96
302.39
302.97
305.05
303.95
300.68
296.62
296.16
296.62
297.39
297.4
297.35
296.91
301.41
308.87
301.4
299.69
298.21
297.57
297.81
296.66
294.14
291.8
289.74
287.21
284.98
283.93
283.6
283.97
284.79
285.54
286.43
286.74
286.56
285.68
283.74
281.5
279.18
277.35
275.88
274.13
272.14
269.93
268.94
268.11
266.81
266.31
265.32
264.69
264.19
263.4
263.32
263.5
263.44
263.08
262.81
262.41
262.12
263.19
263.08
263.68
264.68
264.42
264.1
263.24
262.63
262.22
261.78
261.76
261.77
261.41
260.99
260.84
261.06
261.18
260.48
261.53
262.51
263.67
266.56
266.34
266.67
268.32
278.62
295.51
296.54
312.17
318.25
328.78
333.68
333.78
320.5
303.05
303.17
315.57
322.9
331.84
337.5
340.07
339.57
342.81
342.18
343.05
343.69
345.11
342.01
343.88
343.65
343.69
332.92
322
316.68
310.24
321.44
327.02
317.72
333.41
330.22
323.17
327.92
324.17
312.33
325.09
313.43
317.36
307.32
316.27
317.3
324.62
302.91
299.25
322.33
316.72
294.89
308.93
300.54
309.66
302.17
302.52
309.77
301.77
306.61
306.22
308.25
311.74
306.35
308.34
300.12
298.92
297.81
296.7
296.45
297.21
294.6
295.24
294.36
294.19
294.45
294.03
293.52
292.77
292.42
291.72
290.64
289.67
288.77
287.72
286.75
285.5
284.57
284.05
283.38
282.64
282.32
281.8
281.48
281.23
280.65
279.81
278.56
277.5
277.24
276.24
275.98
274.94
274.18
273.2
272.15
271.3
271.09
271
269.39
268.61
267.88
267.68
267.19
267.13
266.57
265.33
264.47
263.77
263.62
262.84
263.08
262.03
262.11
262.05
261.48
268.18
323.38
332.21
325.79
309.78
295.89
305.87
323.68
320.45
304.3
300.89
303.21
311.22
293.46
307.19
318.03
324.72
329.29
330.57
327.49
327.73
335.74
337.88
338.29
340.07
341
341.32
342.11
343.19
344.02
343.7
343.56
336.46
327.44
326.59
308.49
293.51
307.46
304.01
292.37
292.31
291.83
290.4
294.65
304.74
304.29
293.85
303.01
305.11
295.38
298.26
304.73
305.05
314.09
325.22
336.08
344.97
345.71
329.8
342.99
319.36
324.08
330.77
327.36
326.57
339.87
327.74
332.44
321.4
320.74
322.42
314.73
313.31
315.39
317.63
328.09
333.83
344.14
336.64
324.1
325.71
323.09
332.62
333.1
324.7
344.91
331.1
353.85
333.65
328.22
319.52
322.54
344.04
333.58
318.77
321.22
318.7
318.72
314.94
313.2
312.99
313.59
316.2
316.43
313.6
313.18
315.02
310.34
308.75
306.57
305.76
304.7
303.94
303.45
301.55
300.94
299.94
297.78
298.44
298.07
297.75
299.37
298.11
296.76
295.59
295.05
294.72
294.41
293.22
292.1
292.86
292.74
292.52
291.58
291.84
291.59
290.39
290.12
289.06
288.13
287.6
286.99
287.28
287.23
287.18
287.32
287.08
287.26
287.47
287.75
287.73
290.84
294.57
291.97
288.48
287.41
287.81
288.28
288.43
288.83
289.78
290.86
291.87
292.63
293.93
294.45
295.28
299.59
306.57
302.96
301.6
304.19
305.64
305.76
305.48
306.09
307.18
308.41
309.82
312.28
313.68
316.04
320.61
326.57
329.22
326.23
327.38
332.37
345.75
349.63
350.49
354.69
363.34
360.5
357.67
346.05
349.15
364.58
368.27
361.42
359.43
356.16
350.52
345.06
341.39
353.44
347.36
338.27
340.87
345.27
343.16
339.5
336.12
338.51
335.43
336.27
334.03
333.56
332.82
334.26
335.11
335.79
338.48
334.33
332.25
331.83
333.25
332.06
331.79
331.32
331.24
331.74
331.75
332.48
331.19
330.26
329.54
329.6
329.43
329.65
329.11
329.11
329.27
328.28
327.56
326.77
326.47
325.97
324.89
324.66
324.21
323.61
322.74
322.9
321.87
322.32
323.17
322.44
321.81
321.75
321.24
320.97
319.93
318.93
319.07
318.22
317.65
317.46
316.91
315.8
314.83
315.31
315.06
315.79
316.72
316.73
315.97
315.54
315.41
316.51
316.6
320.8
326.16
332.9
333.61
331.25
322.73
322.61
322.24
320.46
320.73
323.08
320.2
317.34
321.82
319.88
317.58
316.13
318.01
317.31
315.2
314.68
314.19
312.03
311.41
310.86
310.94
310.67
310.59
310.96
310.94
311.99
312.53
313.48
314.37
314.96
315.44
316.73
317.68
318.48
319.71
320.93
322.35
322.65
324.64
325.78
327.25
328.38
329.71
330.98
331.85
333.53
334.81
336.57
337.32
338.12
340.65
340.82
345.2
352.53
363.02
357.26
357.37
361.6
355.55
355.26
358
348.64
354.23
355.48
354.45
355.52
350.52
347.69
348.75
352.15
349.96
348.65
347.15
350.51
353.31
346.58
344.16
344.22
344.91
344.55
342.11
340.79
341.26
342.51
341.99
342.34
341.99
341.68
342.34
342.87
341.38
340.66
340.96
340.6
340.6
340.54
339.96
339.11
338.06
337.18
336.32
335.64
334.86
333.93
333.66
332.86
332.55
332.55
332.04
331.51
331.37
330.91
329.79
333.1
340.44
336.6
328.59
326.31
326.19
326
324.59
324.63
323.04
321.83
320.87
319.16
317.71
317.04
316.37
316.23
316
315.32
315.17
315.72
314.65
314.49
314.77
320.14
318.15
318.88
318.57
316.91
311.27
306.78
305.03
305.3
303.46
303.98
303.22
301.49
301.37
301.06
301.34
300.84
300.45
299.97
299.36
299.73
299.32
297.59
296.24
295.52
296.26
297.37
298.74
300.13
300.99
302.07
302.97
304.01
304.81
306.81
308.75
310.85
311.82
312.49
313.9
314.76
314.86
315.79
316.74
318.5
320.29
320.93
322.41
323.57
325.3
326.72
327.73
329.42
330.05
331.04
332.81
334.45
337
338.23
340.04
338.31
337.37
336.36
336.49
339.16
341.55
341.72
340.82
339.27
338.9
338.38
339.6
340.89
339.53
339.85
339.69
340.04
340.5
341.16
340.82
340.67
342.57
346.5
347.59
349.36
350.31
346.79
350.12
351.03
352.42
351.87
351.56
350.63
348.94
349.47
349.72
348.94
347.87
348.48
348.16
347.09
345.52
345.36
344.75
343.11
341.95
341.05
339.75
338.92
338.59
337.81
337.47
336.72
335.98
335.69
335.2
334.93
334.57
334.48
334.57
334.77
334.06
333.87
333.8
333.9
334.02
332.75
329.87
327.68
326.18
325.52
325.29
325.72
325.42
324.93
324.24
323.67
323.32
323.4
324.31
324.38
324.42
323.74
324.52
324.11
323.95
323.9
325.08
324.74
324.59
323.81
323.25
321.56
319.23
318.78
317.66
317.07
316.23
316.21
316.42
315.59
314.7
313.59
313.2
311.37
312.24
311.98
310.71
310.5
311.44
312.16
312.42
312.98
313.64
314.57
315.33
316.26
317.31
318.72
319.25
320.29
321.44
322.58
323.77
324.4
325.3
327.1
328.07
328.21
328.97
329.48
329.01
330.29
331.01
332.03
332.67
333
333.96
334.25
335
334.36
336.02
336.42
337.02
337.06
339.02
339.62
339.5
340.36
340.71
342.36
343.61
342.87
343.65
343.32
343.52
344.1
345.1
344.8
346.48
345.96
346.56
347.34
347.92
347.75
349.24
349.43
350.45
350.64
351.18
350.82
350.56
350.56
351.16
350.91
350.92
349.81
350.04
350.23
350.69
351.51
350.31
350.18
350.08
349.88
351.28
354.45
358.8
371.86
379.73
371.36
360.83
354.71
352.5
348.76
347.92
352.71
362.5
353.88
343.95
341.4
340.12
338.22
335.72
335.47
333.83
332.35
331.92
334.21
344.67
352.11
347.86
344.58
338.14
329.78
326.38
326.43
324.09
322.95
322.49
322.65
322.43
321.26
321.16
321.3
321.07
316.48
313.66
313.16
313.22
312.45
312.21
311.86
316.02
324.72
333.18
324.23
317.51
317.86
315.03
313.9
313.96
312.4
309.23
308.47
307.22
307.14
305.83
306.28
310.78
307.92
321.4
333.19
351.37
363.81
366.07
365.13
361.65
356.69
347.56
334.38
339.21
347.41
357.43
359.95
361.71
356.54
359.1
363.82
364.41
364.88
364.57
364.89
365.06
364.7
365.26
364.71
364.87
364.71
365.64
366.07
366.64
367.29
367.38
368.4
369.21
369.89
370.54
371.46
372.16
372.95
373.13
374.09
375.27
374.5
376.04
377.1
376.57
376.9
376.94
377.13
377.36
378.99
378.71
379.49
379.17
380.34
380.76
380.88
381.07
380.35
380.68
380.69
380.43
380.66
380.44
380.88
379.92
380.3
381.25
380.57
380.6
381.34
381.57
380.55
380.79
380.86
380.73
380.11
379.85
379.94
380.19
380.01
379.08
379.26
379.33
378.48
378.42
378.75
377.54
377.29
377.31
377.03
377.77
377.34
376.97
376.61
375.72
374.22
371.11
358.47
368.66
364.87
361.18
368.5
368.45
367.86
363.89
365.06
365.33
367.22
365.56
365.42
367.6
368.22
367.67
367.48
366.47
365.7
364.77
363.93
362.31
362.52
361.87
361.06
361.28
360.34
360
360.08
359.58
358.49
358.53
359.55
358.58
358.67
358.74
357.38
357
356.56
356.52
355.37
351.97
352.17
351.27
352.16
353.98
353.56
353.98
354.15
353.97
353.93
353.4
353.67
352.55
351.16
346.94
341.46
348.75
354.05
353.37
353.3
354.24
351.1
349.94
353.65
355.2
355.35
349.43
349.85
349.19
338.12
344
350
350.44
352.29
350.11
364.38
364.24
365.83
365.78
366.99
367.2
366.84
367.06
367.67
367.61
367.49
367.78
367.52
365.82
366.73
367.44
366.74
367.13
366.56
363.61
364.59
363.05
362.1
359.02
361.68
365.69
362.62
348.16
337.48
326.57
334.78
343.81
346.54
342.01
333.14
333.38
343.03
352.85
359.34
358.62
356.54
345.46
330.91
321.37
314.8
312.31
312.41
312.93
315.69
321.04
344.23
355.35
352.89
331.04
319.3
312.39
307.73
305.26
304.06
303.06
302.6
301.08
300.24
299.47
299.43
299.1
298.51
297.5
297.09
296.92
299.01
298.28
298.65
298.81
299.34
298.13
313.98
345.92
339.49
346.24
349.75
347.76
353.79
343.76
333.57
334.93
336.85
334.74
325.94
342.04
346.41
344.43
332.07
331.01
320.25
314.5
313.97
307.95
314.01
317.88
319.44
314.82
315.71
291.42
284.45
283.13
282.91
282.69
283.07
283.36
283.06
282.81
282.85
283.64
284.38
284.94
289.14
294.68
300.32
308.33
316.92
311.72
313.66
308.55
306.82
309.69
306.16
336.58
355.6
353.83
334.99
310.91
302.42
302.06
304.24
309.1
310.96
306.31
305.87
307.29
312.56
312.93
313.01
314.6
315.53
318.9
320.64
320.64
319.68
322.67
328.09
339.05
352.4
359.72
363.56
359.06
369.4
373.24
355.23
361.25
367
372.13
366.58
344.4
335.63
334.48
335.31
342.92
340.78
338.64
344.87
348.83
352.66
351.88
353.53
338.02
339.44
340.17
350.98
350.35
358.57
366.84
384.46
383.88
377.79
381.04
387.22
376.18
361.97
378.81
384.74
376.79
372.42
375.42
368.19
376.68
384.5
384.05
381.01
374.66
374.65
377.57
378.52
379.36
379.54
376.65
374.71
374.67
378.26
378.78
378
376.13
371.84
363.58
364.75
372.61
376.47
376.12
376.24
376.46
378.12
378.95
379.45
379.25
379.78
379.08
379.39
376.15
375.02
376.47
378.92
378.3
378.34
376.91
376.78
376.29
370.41
367.1
364.08
358.97
355.41
352.43
329.67
330.85
348.84
358.47
364.87
367.62
363.62
353.81
352.03
352.36
346.49
354.89
347.98
340.56
332.8
331.04
326.76
339.46
358.03
372.35
372.46
360.37
357.39
355.21
360.56
369.65
378.47
364.79
358.35
357.79
358.93
364.66
382.43
385.54
387.32
387.2
388.17
388.46
390.25
388.79
390.13
395.94
397.67
395.8
394.98
398.73
396.32
382.2
386.86
393.57
397.11
399.64
399.46
399.66
399.94
400.52
400.99
400.31
399.33
400.07
399.92
400.07
400.04
399.79
399.85
400.6
400
400.24
399.63
398.11
398.92
399.35
400.67
400.89
400.61
400.53
399.56
399.73
399.52
397.18
385.31
370.63
374.76
362.26
354.77
372.76
395.35
376.04
377.55
376.02
385.23
372.1
370.22
381.42
397.48
381.15
377.62
388.15
380.26
362.54
361.68
383
394.5
389.91
390.15
397.38
397.72
393.37
390.48
391.87
392.17
392.89
397.43
402.24
402.96
403.25
398.56
402.52
402.64
399.54
399.05
397.96
383.01
376.51
357.18
352.57
350.11
367.86
390.99
394.49
395.52
395.06
395.33
395.19
395.84
395.48
394.43
396.23
397.27
394.26
388.27
369.87
363.59
369.71
376.02
384.98
375.49
380.58
383.4
377.86
378.99
375.84
378.52
391.38
385.13
384.37
382.6
381.66
383.48
384.53
385.94
386.45
386.96
386.07
385.94
388.49
389.03
387.41
387.11
390.59
389.84
387.57
385.19
377.32
382.42
380.94
382.6
375.41
377.59
381.09
377.95
374.05
379.72
383.81
384.63
383.63
387.17
390.3
383.04
375.78
375.6
371.7
371.07
370.99
387.75
406.32
378.99
382.32
372.47
371.74
373.34
377.35
390.94
403.03
408
407.01
405.11
405.27
403.37
401.88
401.23
400.42
391.89
391.65
396.5
386.96
383.95
384.6
384.94
384.35
383.33
381.33
380.36
380.71
377.5
378.99
376.95
378.84
373.06
369.7
368.93
369.27
367.64
364.01
365.43
364.23
367.06
364.58
362.32
362.35
361.72
360.73
359.74
357.56
348.17
345.48
341.19
338.51
336.8
335.25
330.44
327.97
326.17
328.85
325.44
316.84
304.16
293.4
293.47
289.86
288.98
289.6
291.24
290.25
290.41
290.51
290.64
296.49
295.77
292.92
308.71
311.57
298.56
315.04
347.31
317.72
343.38
353.98
358.39
359.18
355.95
344.97
328.72
332.12
341.65
324.27
328.3
340.75
326.97
288.29
288.8
286.63
287.39
300.18
298.3
284.38
286.2
285.91
283.78
283.06
292.1
302.01
284.84
283.95
290.62
289.71
288.48
308.53
314.21
324.27
342.4
349.44
357.2
354.34
356.18
361.34
357.63
358.18
356.83
358.95
341.87
331.75
345.41
350.68
313.81
307.28
302.52
299.84
302.55
301.29
299.66
301.66
301.87
302.4
302.52
300.06
304.36
311.77
310.14
312.97
320.47
326.41
317.16
319.21
326.78
328.22
332.8
335.65
338.8
338
336.22
341.6
347.39
348.16
347.76
347.7
342.88
340.45
336.33
333.48
337.09
347.52
348.8
349.46
348.18
350.37
349.17
348.77
344.32
343.98
337.76
341.68
351.11
353.28
338.8
315.2
313.02
312.77
313.81
312.56
312.3
317.76
311.79
311.51
318.21
320.13
324.68
334.25
328.87
327.09
314.98
310.95
320.05
324.97
318.48
308.35
302.16
297.96
296.61
295.56
295.13
295.15
295.34
295.73
294.98
294.35
294.66
294.49
294.63
294.18
294.11
294.31
294.61
294.73
294.7
295.09
294.5
293.7
293.94
292.95
294.24
294.04
293.94
294.19
295.52
293.32
297.62
297.59
295.29
302.54
292.66
291.31
291.15
290.02
289.84
289.2
287.97
288.49
291.75
311.99
328.49
331.51
329.48
335.75
334.8
344.9
355.16
357.85
353.74
341.6
357.81
364.04
360.99
355.7
356.92
359.29
340.46
338.57
344.14
340.35
369.39
351.74
357.79
351.07
348.67
342.52
340.87
338.6
336.74
337.44
342.19
356.21
365.63
368.21
363.96
353.92
376.19
381.23
381.15
380.11
377.49
380.3
378.96
378.09
381.51
372
380.37
358.73
336.32
335.53
320.01
321.92
347.89
375.95
363.69
324.45
327.83
352.06
342.11
335.94
341.31
340.07
333.72
333.13
338.83
336.82
340.59
338.35
352
346.15
341.24
370.36
359.22
333.23
331.59
338.16
348.71
350.83
342.82
338.57
360.01
336.2
325.65
347.07
347.28
340.49
339.73
338.05
333.54
324.21
310.49
303.69
303.57
301.52
300.87
299.73
299.29
299.17
298.94
298.64
298.51
298.23
300.24
301.25
298.43
298.6
298.47
312.44
300.1
294.38
295.75
297.85
300.72
296.96
296.89
298.04
302.94
333.14
329.16
307.69
305.78
300.93
302.1
295.26
294.23
294.5
294.42
295.74
295.66
297.95
299.37
299.73
296.8
296.36
304.61
311.56
312.37
316.69
309.02
308.21
317.87
323.66
332.8
335.44
339.34
340.68
338.39
340.06
341.3
343.23
344.85
344.13
345.53
346.95
350.2
348.03
349.92
356.19
351.69
351.63
351.93
354.69
352.55
357.27
351.64
347.56
344.31
346.77
349.74
351.1
334.84
340.03
353.69
351.92
345.02
351.55
358.97
353.34
345.8
328.22
340.3
350.14
358.9
348.74
321.66
322.43
324.4
335.37
348.6
333.78
330.74
329.6
327.08
327.46
323.74
323.63
325.5
324.9
328.57
328.36
331.99
336.81
352.47
357.69
364.44
372.8
376.39
378.48
377.37
383.32
376.03
378.2
372.5
364.59
359.35
352.83
350.13
352.9
355.09
354.25
356.89
354.27
356.4
356.57
357.99
358.99
361.61
359.44
361.41
367.99
369.36
368.98
371.67
355.25
350.77
341.32
338.97
343.09
332.42
338.41
342.27
349.49
346.77
341.72
342.13
351.49
349.92
344.13
325.89
325.1
322.99
321.81
333.2
343.72
356.26
349.19
347.24
347.04
345.76
345.87
331.66
320.98
336.49
352.1
322.92
317.45
316.51
316.78
321.63
339.03
356.66
352.41
341.4
327.88
328.88
343.95
334.28
330.49
318.28
313.01
315.04
316.62
313.49
311.78
310.11
309.14
308.76
309.45
310.79
311.56
310.04
307.53
306.64
306.71
306.81
307.88
308.74
309.29
311.58
316.9
317.85
316.01
315.8
320.44
325.7
326.84
329.1
332.17
333.82
328.65
326.83
327.98
332.03
334.03
335.62
349.11
364.85
358.05
359.21
373.68
379.45
391.23
382.2
361.04
357.43
357.27
358.75
362.64
364.06
369.01
378.92
385.18
384.56
394.62
390.87
393.7
394.05
384.24
382.31
383.03
385.3
386.68
388.26
390.56
393.31
398.74
404.06
404.88
401.18
402.13
406.61
406.98
401.95
393.66
386.06
383.44
366.1
365.31
365.11
365.01
366.93
368.67
370.59
370.27
370.79
374.33
387.2
385.14
385.44
384.46
378
376.64
376.8
375.91
374.34
372.02
371.71
371.34
371.09
371.5
370.98
371.56
374.15
377.04
377.48
386.9
377.81
379.85
383.84
383.37
393.94
390.82
380.9
393.6
400.76
397.76
402.89
390.33
378.81
390.65
396.49
396.83
395.07
392.68
397.76
396.18
386.95
377.05
371.54
377.11
378.96
381.05
371.45
371.33
380.68
373.42
366.87
361.06
360.93
378.64
385.38
382.96
381.19
375.99
370.37
370.26
376
376.08
364.42
354.94
350.85
351.8
351.92
350.97
349.87
351.84
356.34
361.81
358.94
353.02
350.82
349.21
348.96
349.29
349.52
350.24
350.32
350.82
352.33
353.6
355.33
356.42
357.79
358.19
359.3
360.15
361.52
361.16
362.26
363.25
367.36
368.8
369.82
370.54
371.14
371.42
372.48
374.53
375.39
376.3
376.33
377.1
378.18
377.83
378.54
379.57
381.81
383.09
384.17
386.15
388.07
389.31
391.86
391.07
390.26
391.01
390.99
392.68
392.24
393.88
396.85
397.89
400.68
401.21
401.64
401.87
403.72
404.16
404.37
405.36
405.36
405.03
404.89
404.4
403.76
403.51
403.85
404.23
403.8
404.61
403.76
402.84
403.11
403.73
402.98
403.05
401.92
400.62
399.17
398.7
397.82
395.55
394.83
393.38
393.28
394.17
393.49
393.06
392.57
391.86
391.07
390.47
387.51
386.07
384.6
383.24
383.82
383.82
383.76
383.14
382.1
382.2
382
382.39
383.47
382.72
381.62
381.43
379.6
378.17
376.85
376.62
375.46
374.3
372.93
372.87
374.49
376.96
375.41
377.62
379.55
384.62
391.31
392.18
405.39
419.61
412.17
409.34
411.03
409.48
402.42
396.23
396.87
404.68
406.3
391.61
390.05
386.74
384.29
382.4
381.75
382.01
382.96
382.49
382.39
384.1
386.03
386.96
389.05
392.71
397.8
401.53
397.68
396.64
394.63
393.87
393.71
392.82
390.43
387.69
386.38
386.29
385.95
386.39
384.66
384.28
384.77
386.49
390.18
394.16
396.11
396.56
395.96
392.22
388.71
387.57
386.68
389.67
391.82
392.72
395.05
396.75
399.34
401.48
402.46
403.09
404.39
405.32
409.18
413.3
413.46
413.25
412.13
414.13
415.36
414.59
417.44
418.56
418.34
417.7
415.32
414.25
411.73
410.19
408.85
407.24
408
407.48
406.38
405.05
402.88
398.93
394.98
393.07
391.79
392.19
392.09
391.28
392.47
394.81
393.87
390.53
393.47
395.06
392.41
390.4
391.17
392.21
389.89
388.99
388.82
388.34
387.66
388.08
387.44
387.57
388.12
389.63
388.65
390.62
391.06
391.31
392.08
392.43
392.25
393.09
393.13
393.89
395.2
390.61
387.9
386.82
386.63
387.78
391.91
397.06
399.2
400.18
400.35
401.2
403.03
402.55
404.15
405.83
407.21
408.05
405.45
396.22
390.04
394.61
395.53
382.42
376.28
376.03
377.18
376.15
375.73
377.79
382.3
385.87
387.16
386.89
386.84
384.97
381.74
377.17
371.74
374.01
382.47
387.87
390.25
393.94
393.79
394.93
396.46
394.23
393.66
392.71
394.44
396.21
394.96
399.91
404.29
409.22
409.48
408.42
408.62
407.4
405.74
404.15
405.25
404.03
399.9
404.36
408.38
410.38
408.55
400.37
390.48
391.26
395.24
396.81
400.17
399.86
397.19
398.36
396.44
397.41
395.08
393.13
387.35
380.28
372.43
365.18
361.36
358.88
358.1
357.55
357.15
355.89
355.9
355.92
353.91
352.17
351.93
352.65
353.07
353.04
353.97
354.05
354.64
357.05
357.09
355.05
354.11
355.33
356.01
354.48
354.93
356.23
357.67
357.2
356.79
359.38
365.37
376.83
372.46
362.33
358.05
358.95
373.53
378.79
394.45
392.15
392.04
388.67
386.78
390.14
397.22
397.61
394.61
392.94
400.13
408.4
409.31
410.32
398.01
390.65
387.13
384.92
385.93
386.7
386.86
386.27
384.46
384.34
383.25
383.45
381.46
379.94
375.95
367.6
364.14
358.16
355.44
348.54
341.19
335
332.58
326.44
332.39
342.02
333.95
331.25
332.83
348.33
357.93
366.75
372.14
372.77
374.61
377.25
379.24
380.46
377.53
375.56
367.12
359.51
351.25
339.3
334.38
348.74
374.2
372.78
376.15
379.67
377.64
373.63
373.47
381.29
387.45
386.47
384.9
385.94
380.22
374.86
370.91
370.9
370.43
371.63
375.23
373.7
372.35
375.31
377.94
380.77
387.83
386.34
387.15
384.59
386.36
374.82
366.03
348.5
361.11
386.54
377.65
384.99
381.68
373.05
387.36
376.52
352.83
345.35
343.66
355.19
357.33
367.57
385.1
381.24
381.05
373.16
365.07
365.98
382.1
382.57
382.76
378.53
386.31
387.25
381.46
382.37
387.5
378.44
382.04
383.95
367.17
375.95
375.58
388.2
383.73
381.82
379.58
376.49
379.51
378.57
376.77
373.56
372.62
377.07
366.51
375.1
378.91
381.87
380.17
379
377.46
374.76
360.57
369.61
377.15
372.79
378.78
384.88
386.34
359.49
331.34
326.31
362.47
353.67
323.81
316.78
316.18
316.19
317.99
322.12
327.71
324.19
317.45
319.04
347.93
360.34
357.89
338.64
364.79
368.68
357.29
369.88
338.41
364.2
372.14
355.36
336.25
331.03
345.09
339.52
326.49
327.39
331.18
328.06
354.15
365.37
367.62
369.59
371.8
371.55
372.89
372.37
372.04
372.92
376.39
377.83
378.49
379.3
378.05
377.82
377.37
379.03
379.96
377.92
374.39
375.67
375.78
377.14
377.95
380.84
370.49
356.96
367.13
378.87
385.65
387.37
389.08
385.76
385.85
383.43
385.07
384.03
380.44
383.03
373.08
385.98
388.22
384.93
384.48
385.98
381.92
375.79
384.9
381.2
370.09
349.86
340.73
376.22
375
372.95
373.8
372.41
386.45
388.91
393.02
392.12
381.12
387.06
389.4
386.66
383.65
384.82
387.6
388.11
387.97
386.2
386.41
387.8
386.75
387.01
386.76
387.43
388.87
389.19
388.79
388.16
388.42
388.15
388.46
388.28
387.87
387.39
386.78
387.18
387.49
386.32
386.31
386.24
385.64
382.41
372.6
378.12
383.37
382.28
380.28
377.79
379.73
379.1
380.84
376.98
369.65
378.66
378.91
377.16
360.04
340.65
330.1
357.02
365.56
374.98
376.33
378.16
378.64
378.6
378.87
380.95
381.42
384.25
385.1
382.08
378.83
378.59
374.28
375.33
373.55
373.74
373.79
373.6
373.83
370.37
370.95
371.58
370.54
369.36
366.11
366.7
364.37
363.31
360.9
360.43
361.69
355.19
361.02
361.6
362
365.49
369.93
365.06
361.98
360.54
366.4
365.72
360.46
360.61
356.2
348.54
319.2
328.94
323.64
326.94
303.49
300.98
313.76
339.19
347.23
325.72
325.95
362.72
366.44
366.19
360.6
366.8
365.3
361
357.6
365.52
362.36
356.44
354.34
355.67
366.09
369.86
369.7
366.68
366.19
371.38
370.67
364.73
370.16
372.08
369.81
370.19
371.2
370.33
367.75
365.47
365.2
368.38
366.94
371.45
370.21
368.95
368.22
354.31
368.51
364.71
364.34
371.05
350.4
328.87
339.34
347.69
363.49
349.29
338.54
353.68
360.22
378.23
377.61
355.84
339.55
330.69
319.03
319.94
325.07
316.07
318.88
315.5
314.19
314.74
321.99
327.4
313.84
309.61
315.09
354.17
372.78
364.88
344.32
310.1
309.57
332.73
357.34
354.59
323.02
304.84
302.76
304.64
306.21
307.2
315.56
307.84
301.47
302.41
302.16
303.69
318.89
334.5
342.45
346.25
347.95
347.2
345.02
357.71
365.8
365.9
364.46
361.15
359.19
362.43
365.95
365.85
366.83
365.95
366.47
366.74
366.34
365.01
366.34
371.39
367.22
369.69
371.03
360.9
364.68
364.7
364.53
366.68
368.43
375.26
365.15
368.45
367.57
365
367.55
366.64
362.05
351.19
335.44
344.5
355.24
361.92
351.39
341.13
326.67
325.5
361.15
354.71
352.85
357.98
353.48
338.16
361.8
355.87
343.84
329.65
362.37
363.6
363.69
367.44
343.47
350.28
362.89
359.98
349.13
359.27
366.23
362.55
362.48
360.41
359.87
358.49
357.89
358.01
361.2
361.8
360.74
361.54
363.67
364.03
363.33
363.33
362.29
367.17
369.09
359.52
360.59
363.54
367.37
365.31
362.22
361.46
360.86
360.84
360.21
357.19
356.71
359.78
364.12
363.45
363.58
362.55
359.33
360.72
361.61
362.46
362.92
364.57
365.94
365.93
362.85
362.71
364.08
365.2
365.36
364.61
363.7
364.9
364.78
364.54
363.82
366.11
365.25
370.26
370.88
372.31
371.61
370.62
370.32
367.6
368.61
367.18
363.86
360.9
361
360.09
365.16
368.33
369.79
367.24
364.3
362.23
357.72
355.95
357.76
360.8
363.46
362.33
361.42
363.11
360.96
348.51
343.35
345.16
343.54
343.34
345.95
347.43
355.3
353.73
354.02
357.47
355.56
345.54
351.41
359.19
361.8
359.25
359.37
359.06
356.29
357
356.88
343.97
345.99
344.79
344.34
350.51
345.74
341.13
340.85
342.94
351.82
350.59
353.84
351.62
358.71
358.83
359.77
358.74
358.61
360.02
353.37
351.85
340.48
338.52
350.5
352.59
359.24
349.02
341.42
350.71
350.17
353.4
354.85
354.46
353.63
352.54
352.27
352.61
352.15
353.77
354.04
353.78
352.21
354.41
350.4
351.78
348.59
343.85
332.58
351.01
347.88
341.94
330.75
347.51
356.72
355.75
354.36
353.93
346.31
324.59
320.35
334.35
341.44
354.5
356.97
356.53
352.7
354.38
355.48
356.23
355.73
354.47
351.95
349.67
349.29
351.08
346.8
339.86
333.96
328.31
332.52
338.88
325.81
312.49
320.41
330.13
321.98
320.48
323.51
320.48
317.49
314.64
302.47
303.25
322.5
308.17
316.63
319.39
319.83
314.75
321.52
330.52
333.78
329.38
333
329.8
322.41
318.07
323.87
331.27
319.34
293.93
288.78
305.16
295.02
296.65
280.51
279.17
280.19
277.92
276.64
276.28
275.49
274.84
275.02
273.76
273.89
274.53
273.07
272.86
272.53
272.04
271.33
270.97
270.44
269.98
269.74
269.12
269.13
269.63
268.42
268.62
269.63
269.39
269.47
272.39
277.17
277.24
285.72
283.42
295.35
330.29
343.61
342.66
336.72
331.7
326.21
320.15
318.88
318.9
283.14
295.23
293.28
283.5
282.94
294.42
286.96
289.64
310.09
330.65
343.77
336.83
340.79
330.79
302.42
317.52
338.18
350.03
332.36
314.91
313.04
338.31
348.37
355.24
353.01
340.5
355.23
352.02
352.7
352.66
344.66
352.77
354.82
351.89
351.76
356.45
339.35
345.97
355.73
329.4
316.06
343.21
352.62
352.28
353.03
339.12
341.98
349.51
346.59
354.45
355.47
353.62
336.69
350.49
358.94
364.77
364.01
360.76
354.68
357.93
358.11
354.09
353.64
353.1
351.13
350.22
349.2
350.99
354.04
354.01
354.6
355.09
355.84
356.35
356.28
361.24
363.89
359.53
362.42
365.48
356.79
340.06
315.27
307
308.04
308.39
314.9
318.79
323.28
327.85
336.74
341.38
341.79
342.33
341.66
343.58
344.27
342.47
343.4
346.66
342.35
337.38
340.22
344.91
353.96
350.19
351.49
354.2
359.48
360.09
360.15
361.47
359.27
360.13
368.42
363.7
361.41
358.42
358.24
359.23
360.75
360.33
356.79
355.66
356.92
357.44
355.48
356.13
356.9
359.35
358.62
357.92
356.5
354.66
350.99
355.09
356.17
355.13
356.85
356.92
350.28
351.57
358.69
358.37
355.93
352.12
351.93
354.28
351.53
355.04
351.45
354.29
357.22
355.33
337.46
326.34
339.26
359.15
357.9
344.22
308.64
315.01
352.39
366.19
357.75
350.11
332.51
347.89
356.5
349.78
339.7
319.67
321.16
333.38
346.82
359.5
345.83
353.14
350.72
340.65
349.47
359.17
354.16
353.01
351.41
330.44
338.33
343.43
344.36
345.35
344.65
337.02
332.61
328.38
328.84
333.34
336.72
333.45
334.71
358.72
361.21
360.12
352.36
352.07
349.92
343.79
336.62
356.35
359.18
361.58
358.27
355.06
349.49
346.85
349.54
357.38
360.04
355.4
355.7
347.63
338.22
333.22
333.35
332.4
334.23
331.24
319.76
309.75
305.14
295.18
314.49
341.71
333.51
310.67
300.19
292.68
286.89
284.86
287.69
289.9
294.36
304.11
309.3
317.23
323.11
323.72
323.36
326.52
326.9
327.78
327.58
330.21
330.71
331.69
333.43
344.21
336.8
337.44
343.7
345.09
347.71
351.31
353.02
354.86
355.55
356.08
358.79
362.83
358.78
356.14
355.21
354.93
358.38
358.32
356.69
357.96
359.46
358.77
358.79
358.72
358.55
360.22
364.09
365.48
360.5
361.33
363.83
363.46
359.29
356.88
358.76
360.34
362.25
363.21
364.19
362.93
362.33
360.62
362.1
364.05
362.15
362.39
364.77
368.41
368.55
369.36
366.8
366.87
365.44
365.21
360.5
362.88
364.88
368.26
368.63
369.62
369.04
367.62
367.08
369.48
368.04
371.91
375.41
375.35
373.02
371.13
369.35
371.38
372.52
373.66
371.15
369.14
369.4
371.33
372.1
372.52
370.11
367.85
366.58
369.75
366.28
367.35
368.97
366.92
361.5
358.09
354.05
359.56
352.59
352.69
359.29
361.63
352.43
359.25
365.33
365.72
373.19
369.59
368.56
364.14
364.56
367.09
367.07
368.12
368.86
368.86
362.93
362.96
368.29
368.35
357.66
366.37
364.98
375.66
377.01
375.73
373.51
370.13
369.24
375.84
375.22
373.56
373.1
372.27
374.72
374.95
371.65
371.08
371.44
373.16
374.01
373.48
375.37
374.85
377.69
374.33
377.38
380.65
381.22
382.59
382.58
381.58
382.55
383
382.49
381.32
381.31
380.98
380.45
381.45
381.96
379.54
378.56
380.55
381.9
380.79
382.56
383.68
383.74
381.73
380.63
380.22
383.65
383.11
382.32
378.74
376.55
380.35
381.44
379.19
378.82
379.51
378.93
379.17
379.41
378.22
377.03
378.72
379.26
378.67
380.56
380.89
380.44
379.53
380.74
379.93
377.29
377.77
377.06
377.56
378.16
377.54
377.73
376.58
377.99
376.86
376.29
376.53
362.3
374.22
365.81
373.28
379.2
374.28
371.98
375.82
376.54
374.09
370.7
363.23
357.44
368.26
370.33
375.73
357.54
343.76
363.18
350.75
359.63
364.12
333.1
338.4
355.57
360.96
333.88
336.56
365.45
359.11
346.65
339.58
338.4
328.42
333.56
327.52
331.67
337.12
336.95
326.02
318.64
314.12
313.8
316.4
312.08
306.68
304.86
307.73
315.65
315.23
313.97
331.41
324.14
339.42
354.63
351.09
310.87
299.06
296.35
295.11
294.03
293.47
297.43
303.16
317.7
330.27
331.45
342.78
348.91
346.44
345.84
332.08
326.14
336.75
328.96
320.89
292.17
288.04
286.89
286.11
285.85
285.51
285.05
283.98
284.06
285.37
286.41
285.97
287.6
289.82
284.53
283.28
283.26
282.16
281.75
281.07
281.18
280.41
280.25
280.28
279.75
280
280.45
280.94
280.34
281.74
288.66
292.02
287.21
283.55
284.35
283.22
283.5
284.28
284.84
285.88
286.76
287.92
289.02
290.19
291.02
292.49
294.65
302.13
314.01
309.39
314.08
322.1
344.09
361.67
362.5
362.52
362.01
362.09
362.58
363.25
363.5
363.43
364.19
365.01
365.23
359.9
350.94
358.59
358.7
356.82
351.32
355.53
357.09
362.66
367.01
369.52
368.22
370.48
370.62
371.76
375.56
376.3
375.46
373.53
371.81
377.84
377.95
377.67
375.91
373.45
369.65
365.8
366.8
357.52
354.25
365.49
379.25
386.04
379.06
367.47
358.33
355.2
370.49
379.37
378.03
384.61
378.37
365.85
365.48
349.38
340.86
341.91
345.67
337.9
338.74
337.71
336.22
335.22
342.05
337.56
337.36
334.13
335.78
332.64
330.47
330.94
330.16
329.15
331.63
330.21
328.07
327.86
326.6
327.32
326.2
325.44
324.56
324.58
324.47
323.45
321.63
321.86
320.57
320.55
318.89
318.04
317.7
317.02
317.6
317.12
317.333333333333
317.81
317.43
317.44
316.97
317.08
317.37
317.98
317.48
316.12
316.17
316.69
317.4
318.53
315.11
314.47
315.25
314.32
312.92
310.57
310.37
311.04
308.44
306.55
306.9
307.22
307.23
308.64
307.98
309.18
309.12
311.13
312.55
313.45
314.45
325.19
355.21
358.56
373.34
378.75
367.19
365.01
350.69
351.42
343.28
335.42
327.14
329.21
324.29
327.76
331.73
340.7
343.96
347.53
347.66
337.61
333.99
330.64
332.79
333.6
331.01
333.7
335.78
334.59
337.93
337.85
337.35
339.61
338.04
341.99
348.91
366.45
363.51
366.2
364.93
351.79
353.11
357.77
355.78
356.83
352.72
346.67
349.82
349.19
351.06
353.06
353.83
355
356.5
358.68
359.79
359.71
360.93
360.76
360.23
358.21
358.36
357.35
357.18
355.12
356.71
362.72
361.19
368.16
380.73
372.09
382.76
386.34
390.94
386.11
378.44
382.55
386.93
352.24
345.27
326.07
323.93
328.62
332.2
326.84
319.26
315.47
314.72
316.59
314.28
312.75
310.54
308.89
307.93
308.13
307.58
307.28
318.1
339.53
310.18
309.74
305.73
305.34
305.77
306.33
306.42
316.7
322.3
340.5
308.77
305.13
305.47
310.75
347.87
328.55
307.1
304.73
309.74
315.21
310.98
303.57
299.78
299.02
299.22
301.1
303.74
301.21
300.11
299.52
301.22
304.06
307.72
310.6
311.61
313.99
316.26
309.92
299.73
296.29
301.51
321.29
331.08
317.4
319.25
333.92
310.06
304.8
307.01
305.63
306.27
307.25
309.89
311.26
307.67
311.34
312
319.62
319.05
312.07
308.63
310.78
311.97
316.5
314.61
314.24
316.85
317.39
317.14
320.13
317.09
318.43
319.7
322.89
324.35
325.32
326.41
328.25
333.42
336.68
338.32
341.11
339.6
338.81
337.9
338.81
340.49
340.01
341.96
343.49
345.53
337.47
335.45
339.17
338.82
340.58
341.88
340.28
339.79
335.47
338.95
342.64
346.78
344.27
342.14
338.85
340.44
343.21
347.2
356.29
360.52
364.18
369.49
362.93
366.61
368.01
360.53
356.81
363.25
372.85
374.74
376.27
377.51
373.96
373.83
375.88
378.5
377.96
378.49
379.11
375.21
371.29
365.81
373.41
377.62
376.76
376.4
377.7
379.6
379.94
381.32
381.46
381.24
381.26
380.08
380.99
382.64
381.43
385.84
391.36
385
384.42
383.5
384.63
386.32
386.57
384.09
382.88
386.83
389.47
390.31
386.31
379.77
382.18
383.42
382.76
381.11
383.19
384.89
383.03
384.69
384.92
384.28
383.39
379.51
382.21
384.06
385.4
388.54
393.07
398.37
396.17
395.99
393.65
392.03
389.83
391.24
391.92
390.58
389.81
389.88
390.18
391.23
390.99
392.35
393.68
399.23
398.73
393.33
387.65
386.85
384.4
382.62
383.47
389.32
393
389.09
385.03
381.47
382.62
382.16
382.8
385.96
389.38
387.74
388.05
389.33
392.49
388.46
387.58
389.02
388.45
387.72
390.78
390.32
389.55
390
389.35
388.74
387.52
386.62
388.47
386.93
388.87
391.9
390.88
388.86
388.65
390.12
391.43
389.55
392.26
389.74
390.71
391
390.38
392.35
391.86
390.06
390.44
392.55
391.93
389.4
388.66
391.79
395.15
392.66
389.27
389.61
389.81
390.35
389.61
388.28
386.42
382.56
381.46
383.77
381.85
373.58
363.74
374.84
383.57
385.35
384.14
382.23
380.13
366.08
347.07
363.15
385.32
382.75
347.56
323.11
321.36
320.1
319.63
320.67
322.09
327.58
341.65
369.94
371.67
347.54
330.52
330.8
320.58
317.17
324.92
324.12
354.01
379.92
380.78
376.33
366.29
374.94
374.6
372.79
349.01
330.78
319.26
320.43
342.91
368.11
371.8
373.46
372.33
364
331.1
316.61
323.55
321.4
320.08
346.42
333.95
329.23
334.33
345.2
356.61
355.8
356.63
345.07
339.84
352.92
363.12
367.32
370.44
374.8
377.22
376.42
377.08
377.13
376.95
376.21
375.85
376.67
377.12
377.36
377.45
378.46
381.96
382.66
381.56
382.07
381.6
381.71
383.48
382.48
384.34
385.98
382.78
384.1
379.18
358.81
345.05
354.51
375.53
356.7
363.41
378.62
375.88
374.53
372.8
373.99
370.6
352.6
358.08
371.05
372.01
366.52
378.08
371.18
359.2
372.24
365.69
353.54
351.82
349.12
361.48
356.46
348.81
351.04
347.39
343.33
343.96
347.56
351.27
340.68
347.6
342.23
340.32
341.67
344.38
364.13
386.95
381.04
376.71
367.39
362.52
380.24
380.41
381.02
388.87
392.22
392.21
391.68
384.68
380.71
356.17
337.58
341.87
341.3
333.83
333.57
336.01
340.1
334.48
329.8
331.78
342.01
372.73
382.28
387.17
388.16
388.22
388.47
388.93
389.48
389.52
389.22
389.04
389.15
388.93
387.98
387.38
388
385.38
383.43
379.13
369.22
372.68
376.75
376.33
372.5
375.66
373.01
369.46
376.22
380.2
381.59
378.99
377.65
371.32
378.59
381.15
382.41
379.5
352.95
322.86
335.79
363.81
378.97
383.14
376.69
371.41
377.67
384.73
382.59
378.32
382.98
385.38
380.66
374.94
380.08
384.44
382.66
380.57
378.95
381.19
382.33
384.62
382.96
374.36
377.05
385.69
376.22
367.67
365.49
374.44
383.78
367.16
361.75
384.2
380.83
366.31
375.05
380.88
387.82
378.49
382.81
376.05
376.14
376.53
382.7
379.89
377.16
367.97
360.13
359.87
360.15
368.68
364.53
372.91
384.49
373.33
361.97
364.8
371.29
383.61
386.01
394.58
389.12
381.56
361.26
354.25
351.34
350.02
346.8
346.27
345.71
344.91
345.5
345.07
349.89
357.5
363.21
363.26
352.72
344.23
342.15
344.58
344.42
341.63
341.75
347.14
341.52
340.88
339.73
338.75
337.52
336.66
336.64
336.69
336.68
335.92
335.33
335.83
336.47
336.66
336.16
341.57
336.51
334.54
334.7
335.06
334.38
333.99
333.69
332.76
332.16
332.41
332.51
332.14
331.99
331.82
332.44
332.49
331.17
331.11
330.13
329.71
329.86
330.08
329.77
328.69
328.42
327.31
326.98
326.69
330.4
333.91
333.16
328.43
325.87
328.13
332.09
328.43
323.68
322.56
321.56
320.19
319.42
319.11
319.51
319.65
319.85
320.4
320.96
321.97
322.72
327.11
326.78
326.9
327.21
327.72
329.06
328.62
329.72
331.55
329.62
331.03
331.6
333.06
331.61
333.51
334.96
334.6
336.54
335.71
336.5
336.52
341.15
341.72
341.81
342.74
346.11
351.09
353.72
354.47
361.77
359.47
353.75
357.03
359.44
362.14
360.06
360.11
361.05
365.56
368.68
367.95
375.32
371.42
371.18
368.83
370.33
369.82
375.74
379.9
377.41
380.86
387.14
378.57
364.8
367.66
385.07
375.76
363.08
367.42
371.89
367.55
372.73
373.24
373.67
363.25
357.25
357.53
358.48
357.49
357.29
356.43
355.7
356.98
355.96
354.32
354.66
353.84
353.59
353.04
352.18
351.52
351.942857142857
351.884126984127
351.825396825397
351.766666666667
363.6
348
347.69
347.58
347.41
346.89
346.6
346.52
345.99
344.79
344.1
343.46
342.07
341.08
340.75
340.43
340.64
341.45
341.34
341.47
340.94
340.26
337.69
336.67
335.94
335.53
334.81
333.24
333.34
332.45
332.36
331.54
331.1
329.79
328.49
327.93
327.89
327.5
327.04
326.24
325.88
325.18
324.35
323.81
323.25
322.38
321.03
321.27
321.19
320.45
323.01
321.18
321.46
321.84
321.95
322.53
322.84
324.28
325.37
325.36
326.33
326.89
326.7
329.35
330.89
331.92
332.82
333.26
333.49
331.63
329.57
332.19
333.06
331.2
332.27
339.05
338.11
339.88
340.4
342.14
339.05
344.27
346.29
343.24
342.56
346.06
348.56
352.73
353.48
351.62
352.78
353.41
352.17
353.57
357.01
355.93
357.7
354.63
355.88
356.91
354.4
353.62
350.13
351.94
350.51
349.71
350.64
348.08
348.35
346.46
344.81
342.51
341.43
342.55
342.15
340.1
338.64
339.18
338.31
337.84
337.29
337.02
337.78
339.62
339.8
340.88
342.19
342.88
342.85
343.95
345.02
346.15
345.23
344.37
343.86
346.05
340.31
339.84
338.29
337.56
336.79
336.82
336.79
337.9
338.33
338.77
338.88
338.12
337.25
337.47
337.67
337.73
337.26
336.83
336.4
335.63
335.69
334.82
334.37
334.1
334.15
334.49
333.42
331.64
328.9
324.57
324.7
324.64
324.78
324.93
325.2
324.16
323.8
323.26
323.38
324.11
323.77
326.04
326.48
325.39
323.74
324.36
323.13
323.12
323.05
322.87
322.35
320.8
320.94
319.4
318.8
316.82
315.7
314.65
313.96
313.66
314.75
315.88
316.7
316.94
317.32
321.38
319.06
320.25
320.13
319.87
321.67
322.29
324.47
326.87
327.18
328.51
330.59
330.94
331.52
330.71
332.69
334.41
332.66
333.14
332.01
332.38
334.55
336.55
335.23
339.56
341.54
339.05
341.91
346.15
342.44
342.77
346.66
346.61
350.51
352.27
351.7
353.94
351.96
353.7
354.17
356.08
355.13
352.96
353.84
354.25
354.39
355.28
354.53
358.28
357.46
355.66
355.86
355.72
353.96
351.87
351.59
352.76
353.03
352.88
353.67
356.06
356.7
357.34
358.84
357.25
358.2
358.52
355.13
357.07
356.88
356.11
355.85
356.71
355.02
356.98
354.75
354.91
354.09
353.92
352.52
351.56
350.55
349.82
348.53
347.31
346.29
345.67
345.19
345.12
344.86
344.7
344.38
344.18
344.42
344.25
344.37
344.24
343.93
343.48
342.71
341.84
341.17
340.55
340.27
339.87
339.08
338.27
337.64
336.47
333.33
331.04
330.6
330.79
330.92
331.56
332.52
331.76
331.05
330.92
330.83
329.46
329.2
329.27
328.17
326.86
325.63
324.74
324.32
324.32
323.85
323.55
323.4
323.22
322.7
322.25
321.78
321.91
321.9
321.74
321.11
321.33
321.33
321.35
321.32
321.33
321
321.57
322.57
322.38
322.06
322.46
322.2
323.17
323.91
324.31
324.73
325.01
324.85
325.88
328.74
329.21
331.26
330.73
332.47
333.18
335.09
336.5
335.87
339.91
340.54
339.62
340.1
343.29
342.39
343.24
344.8
345.15
348.14
350.08
349.79
349.41
348.2
351.35
352.69
354.6
355.86
353.02
356.92
353.52
357.38
356.46
356.19
357.78
359.34
359.41
359.94
358.99
358.61
357.4
359.27
359.63
357.24
358.74
359.61
357.3
357.28
356.91
357.43
357.84
360
360.89
359.68
361.14
361.25
360.44
360.23
358.63
357.52
356.76
355.36
355.21
354.16
353.45
352.26
351.24
349.86
348.63
349.91
345.55
344.49
343.22
342.25
341.58
340.53
340.11
339.51
338.96
337.91
337.1
335.74
335.25
336.3
336.2
334.44
333.36
333.21
333.15
331.97
329.58
328.44
328.29
328.09
327.72
328.5
328.26
327.84
326.96
325.98
325.3
324.66
324.53
323.54
322.86
321.43
321.25
320.89
319.32
315.19
314.77
315.51
317.6
315.18
314.53
312.7
314.27
313.72
312.7
311.36
309.48
309.7
309.62
308.35
309
309.06
309.76
309.85
309.78
309.23
309.9
309.15
309.78
308.76
308.09
309.23
311.29
313.09
315.51
318.33
319.86
321.24
322.34
323.48
324.78
326.03
329.48
328.09
328.25
332.22
329.04
331.69
332.04
332.79
332.41
336.22
334.86
337.13
338
335.35
336.26
338.05
337.54
340.34
346.9
359.89
355.61
347.05
365.02
365.35
361.58
362.93
386.3
391.5
389.03
358.46
361.19
376.03
391.83
394.66
393.81
393.89
394.87
394.24
393.2
392.75
374.39
360.71
373.52
383.31
379.28
337.56
361.65
361.65
350.77
339.25
331.09
347.35
335.03
331.01
334.2
326.47
324.33
324.75
325.68
326.75
329.26
326.91
327.52
343.82
332.84
329.04
329.36
318.14
315.15
313.35
312.28
310.59
309.3
306.57
303.81
302.19
301.06
299.61
299.12
299.6
319.77
338.5
308.66
309.04
321.27
338.42
350.9
347.66
361.25
370.38
370.76
370.65
370.15
370.14
370.24
370.33
370.28
369.47
368.53
367.5
366.41
362.57
364.89
365.83
366.15
366.5
366.26
366.25
366.24
366.07
365.64
365.87
365.52
365.74
366.31
366.31
365.44
365.39
365.62
365.69
365.64
365.83
365.89
366.49
365.81
365.37
366.18
366.22
366.46
366.24
366.46
366.36
366.33
366.6
367.14
367.38
365.27
358.54
359.83
362.22
360.29
363.86
367.05
367.38
368.94
369.3
369.68
367.68
369.18
370.92
370.99
371.12
371.31
371.81
372.41
372.09
372.15
372.39
373.04
373.69
373.04
373.24
373.3
373.32
374.01
374.35
374.51
375.75
374.42
374.66
375.44
375.85
375.96
372.68
372.6
372.77
374.54
376.4
375.96
376.57
376.17
377.58
376.84
378.17
374.91
367.38
365.71
361.6
369.73
365.53
357.74
367.41
372.43
373.74
375.16
379.49
377.33
363.37
351.76
331.29
324.98
326.55
329.1
336.79
353.53
349.25
359.54
359.96
344.66
321.47
317.44
336.86
338.19
317.69
308.96
307.05
301.59
300.39
299
298.71
298.42
298.1
298.02
298.99
298.9
298.21
298.42
298.06
298.06
298.29
297.7
296.84
296.78
297.08
297.01
297.01
295.97
294.1
293.66
294.17
295.83
296.46
297.14
299.88
312.46
319.94
308.31
298.19
295.29
293.93
293.07
293.34
293.22
292.9
293.5
293.15
293.1
293.33
293.3
292.77
292.16
292.56
293.13
292.64
292.84
293.72
293.27
292.58
293.11
293.23
293.29
292.76
293.61
293.9
294.94
300.33
311.48
323.89
346.67
362.61
364.97
358.83
354.86
362.79
366.19
367.87
366.06
360.25
360.88
359.4
371.36
374.03
376.68
374.67
377.32
376.45
371.75
361.21
338.7
349.07
360.32
362.32
367.16
365.6
349.91
339.18
343.04
349.76
363.06
369.8
360.83
348.92
344.64
348.23
342.35
350.12
354.9
358.54
357.54
358.85
354.19
348.84
329.1
330.81
330.16
324.65
331.52
331.15
336.48
333.66
343.8
340.97
331.31
324.98
322.53
324.89
325.12
330.49
324.25
325.72
335.26
329.7
369.93
375.38
345.51
363.6
373.23
379.04
380.83
368.29
368.84
357.93
342.25
350.26
365.82
358.36
353.31
353.68
346.08
347.27
355.51
365.76
371.15
371.94
374.18
376.78
377.81
377.65
377
377.75
377.51
377.32
377.36
377.32
377.18
376.57
376.18
376.11
375.71
375.78
375.5
374.99
375.02
375.12
374.84
375.64
377.04
377.2
376.78
376.17
375.76
375.81
375.9
376.14
376.23
376.1
376.32
376.42
376.5
376.01
375.52
375.67
375.35
376.22
377.25
377.39
376.35
374.94
374.6
374.64
374.96
374.71
374.84
375.19
374.86
374.28
374.07
374.75
374.81
374.86
374.94
375.09
375.26
375.69
375.53
375.79
376.11
376.11
376.45
376.63
376.87
376.84
377.2
377.26
376.28
377.86
378.87
378.22
380.52
379.57
379.78
379.93
380.39
376.91
350.2
356.96
364.55
371.45
367.24
377.01
382.2
382.72
382.03
378.94
363.57
383.38
383.32
375.08
360.05
372.63
369.11
374.78
370.11
363.06
352.24
343.99
348.92
359.62
348.67
333.84
338.67
333.78
328.78
332.03
328.18
325.58
327.23
324.09
327.42
324.87
325.56
326.12
324.82
324.72
325.73
324.82
325.05
324.92
324.61
324.71
324.31
324.92
326.36
326.37
324.71
323.46
322.99
322.54
320.35
319.1
319
319.92
321
320.98
322.33
322.58
322.88
322.92
322.86
322.83
321.86
320.3
318.52
317.1
316.75
316.54
315.91
315.95
315.42
315.23
314.92
314.29
313.91
312.4
311.78
310.9
310
310.67
311.04
310.68
310.53
310.63
309.52
309.58
309.12
309.85
310.1
308.71
307.87
307.74
307.51
306.62
306.08
305.18
304.9
305.01
306.4
306.15
306.24
306.9
306.82
307.34
308.23
306.7
306.89
306.73
310.04
307.47
308.07
307.84
308.49
309.4
310.1
311.22
312.74
313.06
313.13
312.16
313.35
314.15
315.43
315.72
317.55
318.1
319.75
319.49
321.17
322.43
326.01
329.9
331.46
338.28
338.45
336.99
341.69
340.68
338.7
343.7
344.63
341.29
341.99
340.1
337.94
339.46
340.25
343.2
346.21
347.32
346.79
347.14
350.33
350.91
350.28
350.03
352.68
357.01
359.17
360.24
361.27
356.26
356.07
354.77
354.64
352.79
347.23
344.89
344.05
342.71
340.8
342.25
341.38
340.46
338.69
339.12
339.9
345.74
344.99
342.42
340
338.77
341.54
340.86
340.62
339.93
338.88
339.49
342.66
346.58
346.16
344.87
347.76
344.47
339.09
336.98
335.58
334.31
333.72
333
331.84
331.85
331.89
331.97
330.04
332.65
333.86
334.04
330.37
328.6
328.3
328.64
327.32
325.47
324.77
324.94
325.83
326.73
330.7
355.92
341.06
324.27
323.65
323.81
324.52
326.81
329.21
331.61
338.08
327.93
326.5
336.91
358.5
372.68
348.04
344.33
336.28
326.56
330.72
329.27
332.35
325.14
333.49
344.61
328.8
327.14
353.92
368.12
363.63
362.92
354.57
339.45
332.18
331.36
334.51
348.99
334.63
337.32
352.99
373.28
372.49
352.5
363.52
359.49
335.39
349.48
351.19
340.07
342.29
350.52
355.88
365.26
380.98
374.52
363.24
367.28
340.35
342.75
342.97
343.26
342.2
342.11
346.94
350.55
374.1
390.35
385.52
360.01
363.7
371
361
366.52
374.51
359.98
372.99
360.92
366.59
374.15
373.3
364.18
370.46
362.36
361.96
364.43
359.19
359.04
358.2
366.24
368.65
356.66
353.53
356.59
354.79
352.24
351.1
350.89
348.67
348.5
351.59
353.11
350.69
349.76
354.09
350.05
350.92
352.5
351.32
351.09
357.36
349.3
350.24
347.73
346.76
346.83
346.26
345.27
355.95
342.71
341.68
340.11
338.16
336.8
336.33
335.99
336.44
336.46
335.9
335.46
335.08
334.93
333.47
331.26
331.27
330.93
329.96
329.19
328.64
328.26
327.23
326.5
325.14
324.82
325.61
324.01
323.81
323.95
323.57
322.36
320.9
320.19
320.76
319.84
318.62
317.44
316.82
316.12
315.99
316.06
314.64
313.57
314.07
314.01
314.06
313.23
313.18
313.08
313.25
312.71
312.73
312.79
313.34
313.07
312.87
312.6
312.63
311.98
311.84
314.5
316
316.64
317.75
318.59
319.75
319.75
