792.2548
806.6561
846.6287
857.2792
881.7771
827.8511
808.7336
804.2327
788.2909
787.4946
779.7042
763.5397
774.6677
776.2086
769.4836
758.5727
754.8319
766.193
779.8948
786.6802
792.6669
782.1652
793.9013
812.225
808.229
804.6446
798.7829
780.578
769.3531
797.1825
792.3985
794.8175
814.4778
816.8901
805.3633
785.1281
752.6992
754.8501
753.2501
730.2906
719.7699
723.7029
736.5532
731.7264
731.5906
730.3289
723.7098
719.5917
718.8121
717.3353
714.8307
714.4731
713.3246
710.7098
708.3843
705.8074
700.9344
697.8448
693.3936
691.0678
691.4663
699.3576
708.7389
717.8337
717.6756
707.6281
703.5634
700.9421
697.7665
694.8657
697.16565
699.4656
701.6863
701.7481
697.9337
697.3508
697.7651
696.2755
691.5585
691.0369
691.8984
691.6044
689.6611
690.6256
688.7159
689.0526
687.3683
685.7415
684.8588
685.6547
686.6881
687.1027
690.1996
686.6971
686.2328
687.5566
687.2372
685.8087
686.9658
686.0812
687.4908
686.6754
685.8584
686.0084
686.9428
687.2335
688.106
689.8072
693.5391
697.65
705.7443
706.9726
718.7723
723.658
752.4539
732.2326
754.3469
787.7571
815.5291
794.8973
794.6608
775.3688
768.6683
751.7375
751.4099
743.4776
735.9799
731.7115
735.8524
752.1243
769.9015
761.3865
741.0399
736.3362
743.0707
746.2286
753.1382
763.5509
784.309
777.6565
788.3586
783.1769
765.1435
762.5346
