11.1477329682133
11.1103176356205
10.9187692356724
10.8457367377054
10.6907616409192
10.9549696259579
11.0476687145921
10.9727224976047
10.9872418546184
10.9401271472524
10.9526324262811
11.0221006302973
10.9431956362439
10.8371345291108
10.7554199715711
10.8727766962435
10.8448758557211
10.7466244920961
10.6087046992211
10.533486046323
10.4393015859349
10.4968898916092
10.4020611762158
10.1226930719401
10.0340229721039
10.1186324200094
10.1028460255747
10.1415751276825
10.3416246702237
10.1246381052569
9.97257615412853
9.89095077155254
9.93330124100286
9.96610683689067
10.425732520277
11.2157550113163
11.6758549780785
11.8380907267332
11.6798781304155
11.3821390531784
11.1018752076155
11.3235078040679
11.6012903741974
11.5834641719781
11.5443737253416
11.4842387887193
11.4766829273756
11.3444366126362
11.1797106434061
11.1628256283073
10.9220943121465
10.8877989578144
10.779221924126
10.6924047230006
10.0518356230827
10.1962081058052
9.6151964851687
9.57165514089215
9.14054962946491
8.68648890458583
8.24525088588587
8.85801203988033
8.0383978735024
8.33291931492133
8.53183360725531
8.27887534288246
8.04327828609404
8.00924902667581
8.05348987264589
7.68284284467465
7.77621115081831
7.86957945696196
7.98645685312502
8.06467831001842
8.02459704596639
8.0521771619073
7.73352517701754
7.74393129351801
7.87109607588947
7.80955585957489
7.89592717361376
7.92167972871528
7.99462981580079
7.89002122380702
7.80246897563343
7.76885790824709
7.87376166230212
7.93079197614077
7.81706547387165
7.7492258990036
7.66667222872105
7.76859769764889
7.6869451945928
7.74420850410489
7.73487873887719
7.66528502676302
7.6943720402193
7.80333747925711
7.759678297412
7.90535889636971
7.84748420566833
7.87426730080037
7.99098416853333
8.02682058853024
7.95403832698763
8.06276490463398
8.35865161808837
8.52109732195014
8.57566436725356
8.51120066445356
8.61041995145406
8.90829266984298
9.092980831482
9.09786930360203
9.62051736661588
9.36834981657041
9.55174182035527
9.83294751926094
10.0751794074039
9.7529906623566
9.52774129006182
9.32083887731542
9.30206823329067
9.50064652095125
9.73266339185226
10.3801231742891
10.8972045734416
11.4330971983263
11.8120740990882
12.3501642106288
12.989278929723
13.2885616333361
12.2739222211205
12.2321803915148
12.3084241541482
12.2460349018296
12.291594189337
12.6428177994095
12.9853381266177
12.6473556300776
12.9553976624474
13.0997143344654
12.4865898176288
12.3544745791136
