1006.894
1006.854
1006.777
1006.616
1006.605
1006.585
1006.579
1006.59
1006.579
1006.563
1006.519
1006.348
1006.29
1006.296
1006.275
1006.269
1006.198
1006.056
1006.018
1006.03
1006.031
1006.019
1006.033
1006.188
1006.219
1006.185
1006.217
1006.233
1006.244
1006.237
1006.247
1006.251
1006.256
1006.251
1006.132
1005.983
1005.761
1005.56
1005.493
1005.34
1005.204
1005.184
1005.171
1005.157
1005.188
1005.195
1005.147
1005.168
1005.064
1005.013
1004.84
1004.809
1004.818
1004.661
1004.637
1004.584
1004.453
1004.356
1004.233
1004.147
1004.006
1003.922
1003.863
1003.759
1003.716
1003.739
1003.71
1003.672
1003.608
1003.505
1003.422
1003.325
1003.176
1003.049
1002.952
1002.811
1002.691
1002.527
1002.392
1002.275
1002.127
1002.007
1001.842
1001.794
1001.691
1001.61
1001.417
1001.342
1001.285
1001.247
1001.108
1001.032
1000.883
1000.724
1000.618
1000.48
1000.346
1000.249
1000.178
1000.038
999.9355
999.8511
999.7419
999.612
999.5216
999.4651
999.3233
999.1508
999.1021
999.0779
999.0673
999.0681
999.2547
999.2493
999.3103
999.3578
999.4434
999.3855
999.1799
999.1394
999.1463
999.111
999.144
999.0767
998.9285
998.41
998.0238
998.7648
998.5924
998.1554
997.9961
998.2176
998.3228
998.137
998.1002
997.8398
997.6401
997.3079
997.2115
997.3161
997.2525
997.3994
997.5302
997.4597
