-1.924279
-2.239485
-3.957562
-3.684868
-3.663334
-2.545404
-2.344213
-2.54534
-2.397795
-2.578939
-3.152097
-2.783586
-3.88302
-3.240664
-3.261871
-3.457127
-2.857404
-4.233582
-4.656187
-3.931929
-3.919401
-3.18011
-3.922647
-4.254132
-2.780588
-3.118846
-2.757358
-0.5912218
2.410579
9.77075
26.06828
44.35345
68.05367
93.0146
120.3071
149.7899
178.2954
204.7513
232.4531
256.2605
282.102
316.3708
346.2015
354.8484
336.473
379.0574
388.4944
454.2641
476.0967
501.7167
497.3848
474.8648
565.2762
572.7012
608.0706
641.0613
672.3815
705.8344
705.6494
708.2963
752.3547
750.7624
756.7254
724.2846
475.1038
751.4709
797.6086
788.5731
794.3604
789.6575
782.6121
793.2692
790.669
786.0399
777.0331
771.6857
761.3074
753.7326
746.713
735.2792
721.2037
704.2493
683.1059
669.2557
649.7165
634.1924
616.391
595.8785
576.007
551.9703
527.4816
503.1825
478.9338
454.7334
428.8574
401.3588
372.8071
343.4312
315.6785
288.3645
259.171
230.2814
200.6283
175.9491
148.7473
122.0073
96.85873
75.09238
48.58644
23.46455
10.62726
2.930452
-1.035562
-2.19273
-2.993133
-3.068631
-3.919617
-4.041429
-4.370064
-2.419397
-1.250997
-0.8633625
-0.9756194
0.2656954
0.02076271
-5.169417
-6.792471
-5.51199
-3.372517
-3.7456
-4.012904
-3.046961
-2.634593
-2.850533
-1.576523
-1.515725
-1.114573
-1.109605
-1.536175
-0.08767908
-0.2313385
0.3148747
0.6511827
0.332738
