304.4612
303.0513
302.2729
302.0056
300.8399
301.9557
303.0588
303.069
301.5343
297.9413
296.4128
294.9126
294.1251
293.7932
292.8511
292.4076
291.834
290.2961
289.0967
289.394
289.8404
291.0959
291.2054
291.0049
292.8516
293.6223
292.8465
293.2087
293.5969
291.7238
288.8064
287.8104
285.3025
282.7762
283.4561
284.9962
285.1684
286.5809
287.9248
290.268
291.6269
293.5916
295.2998
297.517
300.4502
302.8678
304.3102
306.8893
307.1896
308.1325
309.7151
309.4213
311.5149
314.6345
316.3148
317.994
319.3896
320.3076
320.9494
321.3008
322.3026
322.6898
322.6356
324.6113
322.2655
324.5826
324.047
325.8732
327.381
326.4246
327.1363
323.1511
322.4834
323.1868
324.9938
325.9751
324.769
325.7063
327.2474
327.0519
327.5185
327.5045
328.2451
328.4044
327.2532
327.2727
327.4648
328.194
327.3482
326.7882
326.9727
326.9645
326.2275
325.8442
325.2611
324.5367
323.8641
323.8795
323.9656
323.4914
322.3831
321.8711
321.5294
320.6294
319.5819
319.255
319.0546
318.6145
319.4782
320.8789
321.5944
322.7594
331.3384
342.4261
354.7287
334.4086
324.1719
323.4849
320.1775
323.2433
333.5873
337.4718
351.8323
373.9271
379.2955
387.3965
380.8719
376.7317
380.226
382.3
381.3102
377.0736
378.8506
371.3793
378.9893
374.2031
378.3836
374.7876
375.0223
380.5942
381.0568
382.7687
381.3781
378.8991
