-62.4016
-63.67514
-64.33038
-63.5234
-64.15629
-62.14137
-60.47083
-61.74391
-63.60105
-70.33662
-69.96371
-70.5899
-70.30921
-69.52537
-72.57772
-71.68011
-72.7655
-74.54462
-71.81458
-69.98187
-68.67321
-66.69455
-65.94697
-64.71748
-62.31836
-62.66468
-62.98112
-60.84051
-59.01931
-53.61602
-42.74478
-29.76354
-16.29059
-2.896236
14.5021
33.06565
50.93771
69.1011
88.44901
106.6539
125.6889
151.3271
172.5835
179.1076
167.9462
199.4391
206.2281
256.4735
270.8126
287.3591
284.4979
266.5897
333.6487
340.7409
368.0689
392.2905
416.4676
440.7819
438.448
439.9431
471.902
469.1202
473.4712
446.5637
262.0029
470.2009
500.5793
493.5003
497.893
491.9474
486.6922
490.948
486.6685
482.2498
476.0247
473.0282
463.6031
458.7181
452.7552
444.0613
432.4142
420.5331
403.666
395.3784
377.226
365.632
351.0441
337.8289
320.5747
302.1259
282.7572
263.6313
244.9731
226.1736
206.7901
185.4509
163.9181
141.9234
122.657
102.3509
80.2893
59.34746
38.136
20.04145
0.8349828
-17.35998
-33.00574
-46.3398
-57.68151
-68.02029
-72.67429
-74.66904
-66.26387
-55.32957
-43.12632
-61.34501
-67.86102
-66.21643
-67.59505
-63.55117
-54.36399
-51.77746
-38.17125
-19.76573
-18.39445
-16.03078
-23.17632
-24.94225
-18.42246
-16.47781
-17.38734
-20.43551
-19.13895
-24.82768
-15.78903
-20.07091
-15.41534
-19.02396
-17.97163
-12.80859
-12.4294
-10.22929
-11.16896
-13.88664
