0.2077628
0.2077679
0.2078205
0.2078802
0.2080061
0.2081762
0.20831
0.2084391
0.2084437
0.2085351
0.2086292
0.208689
0.2087168
0.2087329
0.2088242
0.2089276
0.208962
0.2090796
0.2090731
0.2090306
0.2090012
0.2090022
0.2090228
0.2090239
0.2090602
0.2091322
0.2092174
0.2092959
0.209383
0.2094495
0.2095259
0.2096491
0.2097513
0.2098539
0.2100043
0.2101905
0.2103285
0.210322
0.2102866
0.2101769
0.2099429
0.2096614
0.2094089
0.2091796
0.2089275
0.2086983
0.2084844
0.208351
0.2081428
0.2079194
0.2076765
0.2073583
0.2071279
0.2070847
0.2068263
0.2065747
0.2063345
0.206
0.2056368
0.2052635
0.2049356
0.2045428
0.204174
0.203949
0.2034539
0.2029803
0.2027054
0.2023086
0.2017982
0.2012444
0.2013086
0.2003817
0.1997208
0.199338
0.198851
0.1983649
0.1978887
0.1975106
0.1971571
0.1967609
0.1964065
0.1960995
0.1958637
0.1955435
0.1954025
0.1952439
0.1950379
0.194767
0.1945737
0.1945339
0.1946581
0.1948388
0.1949478
0.1950523
0.1951712
0.1953201
0.1955277
0.19571
0.1959705
0.1960596
0.1961927
0.1962951
0.1964345
0.1965057
0.1965333
0.1965743
0.1966098
0.1966113
0.1965775
0.1963457
0.1959164
0.1957619
0.1957414
0.1958398
0.1960243
0.1962261
0.1964513
0.1964564
0.196607
0.1967776
0.19699
0.1972718
0.1975527
0.1978146
0.1981455
0.1984174
0.1988224
0.1991011
0.199431
0.1997295
0.1999965
0.2001938
0.2003642
0.2005442
0.2007166
0.2009021
0.2010457
0.2011701
0.2012581
0.2013647
0.2016367
0.20174
0.2018075
0.2018834
