13.02075
13.10467
12.40979
11.83949
11.59882
11.76264
11.95534
12.06441
12.30405
12.67052
12.55352
12.79711
12.52511
12.40542
12.39359
12.45965
12.55429
12.22783
11.63159
11.43372
11.2339
11.31113
11.10587
10.69979
10.6727
10.63351
10.57253
10.78262
11.06265
10.87963
10.51908
10.73732
10.73414
11.11814
11.5834
13.13772
14.50267
14.99012
15.26816
15.54729
15.40664
15.41015
15.36461
15.71065
16.08415
16.33719
16.60588
16.85425
16.99176
17.50921
17.85078
18.00821
18.3833
18.56178
18.69733
19.29436
19.46289
19.76054
20.1491
20.33377
20.59746
20.57808
20.71898
21.05314
20.76175
20.98226
21.46241
21.70481
22.02442
22.13617
22.32134
22.26769
22.30984
22.44153
22.91816
23.20403
22.82425
22.9784
23.20938
23.36287
23.49698
23.62517
24.15077
23.57405
23.76017
23.55447
24.06844
23.80643
23.90518
23.95369
24.10143
23.98443
23.9328
23.86852
23.75044
23.74631
23.81345
23.92897
24.06874
24.03362
23.91964
23.68757
23.89072
23.58515
23.38097
23.16049
22.88031
22.3628
21.96563
21.48176
21.03353
20.55793
19.91156
19.64231
18.9082
18.55369
18.46309
18.16952
17.17036
16.91899
17.28817
17.70764
17.79331
17.95041
18.07312
18.09573
17.22121
17.24891
16.97935
16.78602
16.2206
15.90809
16.33287
16.57427
16.38945
16.37373
16.21988
16.31251
15.98894
16.04526
16.20807
16.01831
16.23672
16.44232
