0.84293
1.153315
0.6802619
0.6413491
0.7115592
0.879787
0.7714918
0.643418
0.8402987
1.334151
0.9851139
1.00505
0.6849566
1.301091
1.314001
0.6391118
1.399762
1.145224
0.7962667
0.8922144
0.8192005
0.8216755
0.3345383
0.3907958
0.8893644
1.042889
1.139499
0.9227949
0.9456809
0.122576
0.5727834
0.4745437
0.3661764
0.3350278
0.1177031
0.2109245
0.1498265
0.2308244
0.2381117
0.4660094
0.4293134
0.9043436
1.132946
0.6025695
0.9936102
0.7489901
0.7721711
1.463463
1.060779
0.6010816
0.7855149
0.4511757
0.5204838
0.5996214
0.80107
0.6984621
0.8812786
0.6792229
1.118427
1.351693
1.478397
1.186355
0.3213117
0.6996843
1.178433
1.775958
0.8267178
0.1754274
0.8026748
0.7962632
0.8972535
1.569116
1.002672
0.4549811
1.183798
0.715107
0.4605117
1.160377
0.7778254
1.696334
1.608412
0.7008607
0.9362924
1.50326
0.861524
1.13832
0.4905468
1.759854
1.432068
0.8269094
0.1544273
1.012652
1.129088
1.894006
2.030545
1.134509
1.376986
0.5938671
1.404329
1.340251
1.249827
1.44457
0.9594851
1.444257
1.345825
1.477288
1.569287
1.794356
1.287924
1.045814
1.015994
1.048733
0.8278875
0.6290448
0.3342513
0.510428
0.4713145
0.2986792
0.2538161
0.4654262
0.9284928
0.9171439
0.8322466
1.049298
0.9627713
1.060539
0.9344115
1.432334
0.8592517
0.4195548
0.4373436
1.266446
1.310181
1.304296
1.028477
0.853541
0.7878543
0.3466499
0.6617094
0.7201846
0.9651043
1.256771
1.426051
0.8846102
