400	1.515721	109.7	0.02676	0.000058	0.527183	0	0.00E+00
401	1.514833	103.7	0.03113	0.000059	0.526183	0	0.00E+00
402	1.513944	97.98	0.03561	0.000059	0.525184	0	0.00E+00
403	1.513122	92.44	0.03972	0.00006	0.524184	0	0.00E+00
404	1.5123	87.13	0.04321	0.000061	0.523184	0	0.00E+00
405	1.511543	82.31	0.04606	0.000062	0.522184	0	0.00E+00
406	1.510786	78.06	0.04815	0.000063	0.521184	0	0.00E+00
407	1.510093	74.04	0.05007	0.000064	0.520185	0	0.00E+00
408	1.5094	70.13	0.05189	0.000065	0.519185	0	0.00E+00
409	1.508769	66.54	0.05346	0.000066	0.518185	0	0.00E+00
410	1.508139	63	0.05526	0.000067	0.517185	0	0.00E+00
411	1.507569	59.54	0.05721	0.000068	0.516185	0	0.00E+00
412	1.507	56.16	0.05891	0.000069	0.515185	0	0.00E+00
413	1.506486	53	0.06004	0.000071	0.514186	0	0.00E+00
414	1.505971	50.01	0.061	0.000072	0.513186	0	0.00E+00
415	1.505486	47.23	0.06189	0.000073	0.512186	0	0.00E+00
416	1.505	44.63	0.06259	0.000074	0.511186	0	0.00E+00
417	1.504526	42.2	0.06318	0.000075	0.510186	0	0.00E+00
418	1.504052	39.96	0.06367	0.000076	0.509187	0	0.00E+00
419	1.503626	37.8	0.06416	0.000077	0.508187	0	0.00E+00
420	1.5032	35.67	0.06475	0.000079	0.507187	0	0.00E+00
421	1.502855	33.62	0.06555	0.000081	0.506187	0	0.00E+00
422	1.502509	31.7	0.06628	0.000082	0.505187	0	0.00E+00
423	1.502205	29.93	0.0669	0.000083	0.504187	0	0.00E+00
424	1.5019	28.32	0.06718	0.000084	0.503188	0	0.00E+00
425	1.501594	26.79	0.06747	0.000086	0.502188	0	0.00E+00
426	1.501287	25.35	0.06795	0.000087	0.501188	0	0.00E+00
427	1.500994	24.02	0.06854	0.000088	0.500188	0	0.00E+00
428	1.5007	22.76	0.06897	0.000089	0.499188	0	0.00E+00
429	1.50044	21.5	0.06931	0.000091	0.498188	0	0.00E+00
430	1.50018	20.24	0.06979	0.000092	0.497189	0	0.00E+00
431	1.49994	19.01	0.07037	0.000093	0.495994	0	0.00E+00
432	1.4997	17.85	0.07082	0.000094	0.494799	0	0.00E+00
433	1.499466	16.76	0.07114	0.000096	0.493604	0	0.00E+00
434	1.499232	15.75	0.07141	0.000097	0.492409	0	0.00E+00
435	1.499016	14.81	0.0716	0.000098	0.491214	0	0.00E+00
436	1.4988	13.92	0.07174	0.000099	0.49002	0	0.00E+00
437	1.498609	13.12	0.07177	0.0001	0.488825	0	0.00E+00
438	1.498418	12.33	0.07171	0.000102	0.48763	0	0.00E+00
439	1.498209	11.61	0.07155	0.000103	0.486435	0	0.00E+00
440	1.498	10.96	0.0712	0.000104	0.48524	0	0.00E+00
441	1.497736	10.41	0.07048	0.000105	0.484045	0	0.00E+00
442	1.497472	9.924	0.06963	0.000106	0.482851	0	0.00E+00
443	1.497186	9.41	0.06883	0.000107	0.481656	0	0.00E+00
444	1.4969	8.947	0.06789	0.000108	0.480461	0	0.00E+00
445	1.496634	8.508	0.06685	0.000109	0.479266	0	0.00E+00
446	1.496368	8.087	0.06583	0.00011	0.478071	0	0.00E+00
447	1.496134	7.64	0.0648	0.000111	0.476876	0	0.00E+00
448	1.4959	7.268	0.06358	0.000112	0.475681	0	0.00E+00
449	1.495697	6.939	0.06225	0.000113	0.474487	0	0.00E+00
450	1.495493	6.66	0.0609	0.000114	0.473292	0	0.00E+00
451	1.495297	6.422	0.05956	0.000115	0.47204	0	0.00E+00
452	1.4951	6.222	0.05812	0.000116	0.470788	0	0.00E+00
453	1.494892	6.01	0.05677	0.000117	0.469536	0	0.00E+00
454	1.494684	5.782	0.05553	0.000118	0.468284	0	0.00E+00
455	1.494492	5.573	0.05439	0.000119	0.467032	0	0.00E+00
456	1.4943	5.37	0.0533	0.00012	0.46578	0	0.00E+00
457	1.494148	5.173	0.05224	0.000121	0.464529	0	0.00E+00
458	1.493996	4.946	0.05134	0.000122	0.463277	0	0.00E+00
459	1.493848	4.761	0.05056	0.000123	0.462025	0	0.00E+00
460	1.4937	4.575	0.0499	0.000124	0.460773	0	0.00E+00
461	1.493523	4.419	0.04934	0.000125	0.459739	0	0.00E+00
462	1.493347	4.259	0.04891	0.000126	0.458704	0	0.00E+00
463	1.493173	4.117	0.04852	0.000127	0.45767	0	0.00E+00
464	1.493	4.006	0.04812	0.000128	0.456636	0	0.00E+00
465	1.492865	3.945	0.04767	0.000129	0.455601	0	0.00E+00
466	1.492731	3.853	0.04729	0.00013	0.454567	0	0.00E+00
467	1.492615	3.784	0.04698	0.000132	0.453533	0	0.00E+00
468	1.4925	3.671	0.04673	0.000133	0.452498	0	0.00E+00
469	1.492378	3.554	0.04647	0.000134	0.451464	0	0.00E+00
470	1.492256	3.462	0.04622	0.000135	0.45043	0	0.00E+00
471	1.492128	3.363	0.04606	0.000136	0.449395	0	0.00E+00
472	1.492	3.282	0.04589	0.000138	0.448361	0	0.00E+00
473	1.491873	3.184	0.0457	0.00014	0.447326	0	0.00E+00
474	1.491746	3.102	0.04552	0.000141	0.446292	0	0.00E+00
475	1.491623	3.051	0.04535	0.000142	0.445258	0	0.00E+00
476	1.4915	2.983	0.04519	0.000144	0.444223	0	0.00E+00
477	1.491381	2.947	0.04492	0.000146	0.443189	0	0.00E+00
478	1.491261	2.913	0.04466	0.000148	0.442155	0	0.00E+00
479	1.491131	2.869	0.04442	0.00015	0.44112	0	0.00E+00
480	1.491	2.803	0.04413	0.000152	0.440086	0	0.00E+00
481	1.490849	2.777	0.04373	0.000154	0.438802	0	0.00E+00
482	1.490698	2.751	0.04325	0.000157	0.437519	0	0.00E+00
483	1.490549	2.726	0.04275	0.00016	0.436235	0	0.00E+00
484	1.4904	2.702	0.04216	0.000162	0.434951	0	0.00E+00
485	1.490274	2.679	0.04149	0.000164	0.433668	0	0.00E+00
486	1.490149	2.656	0.04073	0.000167	0.432384	0	0.00E+00
487	1.490024	2.634	0.03989	0.00017	0.4311	0	0.00E+00
488	1.4899	2.613	0.03895	0.000174	0.429817	0	0.00E+00
489	1.489754	2.593	0.03791	0.000177	0.428533	0	0.00E+00
490	1.489608	2.573	0.03683	0.000181	0.427249	0	0.00E+00
491	1.489454	2.554	0.03571	0.000185	0.425966	0	0.00E+00
492	1.4893	2.536	0.03455	0.000189	0.424682	0	0.00E+00
493	1.489153	2.519	0.03335	0.000193	0.423398	0	0.00E+00
494	1.489006	2.502	0.03215	0.000198	0.422115	0	0.00E+00
495	1.488853	2.486	0.03094	0.000203	0.420831	0	0.00E+00
496	1.4887	2.471	0.02972	0.000209	0.419547	0	0.00E+00
497	1.488529	2.457	0.0285	0.000216	0.418264	0	0.00E+00
498	1.488357	2.443	0.0273	0.000223	0.41698	0	0.00E+00
499	1.488179	2.43	0.02615	0.00023	0.415696	0	0.00E+00
500	1.488	2.417	0.02502	0.000238	0.414412	0	0.00E+00
501	1.487827	2.405	0.02395	0.000246	0.413538	0	0.00E+00
502	1.487654	2.394	0.02294	0.000255	0.412663	0	0.00E+00
503	1.487477	2.384	0.02199	0.000264	0.411789	0	0.00E+00
504	1.4873	2.374	0.02109	0.000273	0.410914	0	0.00E+00
505	1.487107	2.365	0.02025	0.000282	0.410039	0	0.00E+00
506	1.486914	2.356	0.01946	0.000291	0.409165	0	0.00E+00
507	1.486707	2.348	0.01873	0.0003	0.40829	0	0.00E+00
508	1.4865	2.341	0.01804	0.00031	0.407415	0	0.00E+00
509	1.486282	2.334	0.0174	0.000319	0.406541	0	0.00E+00
510	1.486064	2.328	0.0168	0.000329	0.405666	0	0.00E+00
511	1.485832	2.323	0.01622	0.000339	0.404718	0	0.00E+00
512	1.4856	2.318	0.01567	0.000349	0.403769	0	0.00E+00
513	1.485353	2.314	0.01515	0.000359	0.402821	0	0.00E+00
514	1.485105	2.31	0.01466	0.000368	0.401872	0	0.00E+00
515	1.484852	2.307	0.01418	0.000377	0.400924	0	0.00E+00
516	1.4846	2.304	0.01373	0.000386	0.399976	0	0.00E+00
517	1.484352	2.302	0.01331	0.000396	0.399027	0	0.00E+00
518	1.484104	2.301	0.01291	0.000404	0.398079	0	0.00E+00
519	1.483852	2.3	0.01254	0.000407	0.397131	0	0.00E+00
520	1.4836	2.3	0.0122	0.000409	0.396182	0	0.00E+00
521	1.483333	2.3	0.01189	0.000414	0.395234	0	0.00E+00
522	1.483067	2.3	0.01161	0.000416	0.394286	0	0.00E+00
523	1.482783	2.3	0.01136	0.000411	0.393337	0	0.00E+00
524	1.4825	2.3	0.01114	0.000409	0.392389	0	0.00E+00
525	1.482202	2.3	0.01096	0.000418	0.391441	0	0.00E+00
526	1.481904	2.3	0.0108	0.000427	0.390492	0	0.00E+00
527	1.481602	2.3	0.01067	0.000427	0.389544	0	0.00E+00
528	1.4813	2.3	0.01057	0.000423	0.388595	0	0.00E+00
529	1.481002	2.3	0.01049	0.000424	0.387647	0	0.00E+00
530	1.480703	2.3	0.01044	0.000429	0.386699	0	0.00E+00
531	1.480402	2.3	0.01041	0.000437	0.384564	0	0.00E+00
532	1.4801	2.3	0.0104	0.000445	0.38243	0	0.00E+00
533	1.479785	2.3	0.01041	0.000451	0.380295	0	0.00E+00
534	1.47947	2.3	0.01043	0.000456	0.378161	0	0.00E+00
535	1.479135	2.3	0.01046	0.000463	0.376026	0	0.00E+00
536	1.4788	2.3	0.0105	0.00047	0.373892	0	0.00E+00
537	1.478446	2.3	0.01055	0.000475	0.371757	0	0.00E+00
538	1.478093	2.3	0.01061	0.00048	0.369623	0	0.00E+00
539	1.477746	2.3	0.01067	0.000488	0.367488	0	0.00E+00
540	1.4774	2.3	0.01073	0.000495	0.365354	0	0.00E+00
541	1.47708	2.3	0.0108	0.000498	0.363931	0	0.00E+00
542	1.476759	2.3	0.01087	0.000503	0.362508	0	0.00E+00
543	1.47643	2.3	0.01094	0.000514	0.361085	0	0.00E+00
544	1.4761	2.3	0.011	0.000527	0.359662	0	0.00E+00
545	1.475729	2.3	0.01107	0.000536	0.35824	0	0.00E+00
546	1.475359	2.3	0.01112	0.000544	0.356817	0	0.00E+00
547	1.474979	2.3	0.01118	0.000553	0.355394	0	0.00E+00
548	1.4746	2.3	0.01124	0.000564	0.353971	0	0.00E+00
549	1.474247	2.3	0.0113	0.000576	0.352548	0	0.00E+00
550	1.473893	2.3	0.01136	0.000588	0.351125	0	0.00E+00
551	1.473547	2.3	0.01142	0.0006	0.350025	0	0.00E+00
552	1.4732	2.3	0.0115	0.000611	0.348925	0	0.00E+00
553	1.472834	2.3	0.01159	0.000622	0.347825	0	0.00E+00
554	1.472469	2.3	0.0117	0.000631	0.346725	0	0.00E+00
555	1.472084	2.3	0.01182	0.000639	0.345624	0	0.00E+00
556	1.4717	2.3	0.01196	0.000646	0.344524	0	0.00E+00
557	1.471304	2.3	0.01212	0.000652	0.343424	0	0.00E+00
558	1.470908	2.3	0.0123	0.000658	0.342324	0	0.00E+00
559	1.470504	2.3	0.01249	0.000665	0.341224	0	0.00E+00
560	1.4701	2.3	0.01271	0.000672	0.340124	0	0.00E+00
561	1.469694	2.3	0.01293	0.000679	0.338338	0	0.00E+00
562	1.469288	2.3	0.01318	0.000686	0.336553	0	0.00E+00
563	1.468894	2.3	0.01344	0.000692	0.334768	0	0.00E+00
564	1.4685	2.3	0.01371	0.000699	0.332983	0	0.00E+00
565	1.468126	2.3	0.014	0.000708	0.331198	0	0.00E+00
566	1.467752	2.3	0.01431	0.000718	0.329413	0	0.00E+00
567	1.467376	2.3	0.01464	0.000726	0.327628	0	0.00E+00
568	1.467	2.3	0.01499	0.000734	0.325842	0	0.00E+00
569	1.466601	2.3	0.01535	0.000745	0.324057	0	0.00E+00
570	1.466202	2.3	0.01572	0.000759	0.322272	0	0.00E+00
571	1.465801	2.3	0.01611	0.000773	0.320232	0	0.00E+00
572	1.4654	2.3	0.01649	0.000787	0.318191	0	0.00E+00
573	1.46502	2.3	0.01688	0.000802	0.31615	0	0.00E+00
574	1.464639	2.3	0.01726	0.000819	0.31411	0	0.00E+00
575	1.46427	2.3	0.01763	0.000839	0.312069	0	0.00E+00
576	1.4639	2.3	0.01799	0.000858	0.310029	0	0.00E+00
577	1.463527	2.3	0.01833	0.000875	0.307988	0	0.00E+00
578	1.463155	2.3	0.01866	0.000896	0.305948	0	0.00E+00
579	1.462777	2.3	0.01898	0.000924	0.303907	0	0.00E+00
580	1.4624	2.3	0.01928	0.000952	0.301866	0	0.00E+00
581	1.462022	2.3	0.01958	0.000975	0.299893	0	0.00E+00
582	1.461643	2.3	0.01986	0.001	0.297919	0	0.00E+00
583	1.461272	2.3	0.02013	0.00104	0.295946	0	0.00E+00
584	1.4609	2.3	0.02038	0.00108	0.293972	0	0.00E+00
585	1.460543	2.3	0.02063	0.00112	0.291999	0	0.00E+00
586	1.460186	2.3	0.02086	0.00116	0.290025	0	0.00E+00
587	1.459843	2.3	0.02107	0.0012	0.288052	0	0.00E+00
588	1.4595	2.3	0.02128	0.00125	0.286078	0	0.00E+00
589	1.459169	2.3	0.02146	0.0013	0.284105	0	0.00E+00
590	1.458839	2.3	0.02164	0.00136	0.282131	0	0.00E+00
591	1.458519	2.3	0.0218	0.00141	0.280274	0	0.00E+00
592	1.4582	2.3	0.02194	0.00146	0.278417	0	0.00E+00
593	1.457893	2.3	0.02208	0.00151	0.27656	0	0.00E+00
594	1.457585	2.3	0.02219	0.00157	0.274703	0	0.00E+00
595	1.457293	2.3	0.0223	0.00164	0.272845	0	0.00E+00
596	1.457	2.3	0.0224	0.0017	0.270988	0	0.00E+00
597	1.456723	2.3	0.0225	0.00176	0.269131	0	0.00E+00
598	1.456446	2.3	0.02259	0.00186	0.267274	0	0.00E+00
599	1.456173	2.3	0.02269	0.00204	0.265417	0	0.00E+00
600	1.4559	2.3	0.02279	0.00222	0.26356	0	0.00E+00
601	1.455622	2.3	0.02291	0.00232	0.26183	0	0.00E+00
602	1.455343	2.3	0.02304	0.00237	0.2601	0	0.00E+00
603	1.455072	2.3	0.02319	0.0024	0.258371	0	0.00E+00
604	1.4548	2.3	0.02337	0.00245	0.256641	0	0.00E+00
605	1.454547	2.3	0.02356	0.00252	0.254912	0	0.00E+00
606	1.454294	2.3	0.02378	0.00259	0.253182	0	0.00E+00
607	1.454047	2.3	0.02403	0.00263	0.251452	0	0.00E+00
608	1.4538	2.3	0.0243	0.00265	0.249723	0	0.00E+00
609	1.453547	2.3	0.02458	0.00267	0.247993	0	0.00E+00
610	1.453294	2.3	0.02489	0.00269	0.246263	0	0.00E+00
611	1.453047	2.3	0.0252	0.0027	0.244658	0	0.00E+00
612	1.4528	2.3	0.02552	0.00272	0.243052	0	0.00E+00
613	1.452572	2.3	0.02586	0.00273	0.241447	0	0.00E+00
614	1.452343	2.3	0.0262	0.00274	0.239841	0	0.00E+00
615	1.452122	2.3	0.02654	0.00275	0.238236	0	0.00E+00
616	1.4519	2.3	0.02687	0.00276	0.23663	0	0.00E+00
617	1.451673	2.3	0.02719	0.00277	0.235025	0	0.00E+00
618	1.451446	2.3	0.0275	0.00279	0.233419	0	0.00E+00
619	1.451223	2.3	0.02778	0.0028	0.231814	0	0.00E+00
620	1.451	2.3	0.02803	0.00281	0.230208	0	0.00E+00
621	1.450793	2.3	0.02826	0.00282	0.228751	0	0.00E+00
622	1.450585	2.3	0.02845	0.00284	0.227293	0	0.00E+00
623	1.450393	2.3	0.02862	0.00285	0.225836	0	0.00E+00
624	1.4502	2.3	0.02877	0.00287	0.224379	0	0.00E+00
625	1.450019	2.3	0.02888	0.00288	0.222921	0	0.00E+00
626	1.449838	2.3	0.02898	0.00289	0.221464	0	0.00E+00
627	1.449669	2.3	0.02905	0.00291	0.220007	0	0.00E+00
628	1.4495	2.3	0.0291	0.00292	0.218549	0	0.00E+00
629	1.449344	2.3	0.02916	0.00294	0.217092	0	0.00E+00
630	1.449187	2.3	0.02921	0.00296	0.215635	0	0.00E+00
631	1.449044	2.3	0.02928	0.00297	0.214268	0	0.00E+00
632	1.4489	2.3	0.02938	0.00299	0.212901	0	0.00E+00
633	1.448769	2.3	0.02951	0.003	0.211535	0	0.00E+00
634	1.448638	2.3	0.02969	0.00301	0.210168	0	0.00E+00
635	1.448519	2.3	0.02993	0.00302	0.208801	0	0.00E+00
636	1.4484	2.3	0.03022	0.00304	0.207435	0	0.00E+00
637	1.448293	2.3	0.03059	0.00306	0.206068	0	0.00E+00
638	1.448185	2.3	0.03102	0.00308	0.204701	0	0.00E+00
639	1.448093	2.3	0.03152	0.00309	0.203335	0	0.00E+00
640	1.448	2.3	0.03207	0.00311	0.201968	0	0.00E+00
641	1.447923	2.3	0.03268	0.00313	0.200669	0	3.92E-06
642	1.447846	2.3	0.03335	0.00314	0.19937	0	6.53E-07
643	1.447773	2.3	0.03405	0.00316	0.198071	0	1.18E-05
644	1.4477	2.3	0.03478	0.00318	0.196773	0	3.85E-05
645	1.447622	2.3	0.03552	0.0032	0.195474	0	7.96E-05
646	1.447544	2.3	0.03626	0.00322	0.194175	0	1.36E-04
647	1.447472	2.3	0.03698	0.00324	0.192876	0	2.08E-04
648	1.4474	2.3	0.03767	0.00326	0.191577	0	2.94E-04
649	1.447346	2.3	0.03831	0.00329	0.190278	0	3.96E-04
650	1.447291	2.3	0.0389	0.00332	0.188979	0	5.12E-04
651	1.447246	2.3	0.03943	0.00334	0.187756	0.000042	6.44E-04
652	1.4472	2.3	0.03993	0.00336	0.186533	0.000085	7.91E-04
653	1.447152	2.3	0.04043	0.00339	0.185311	0.000089	9.52E-04
654	1.447105	2.3	0.04095	0.00342	0.184088	0.000082	1.13E-03
655	1.447053	2.3	0.04152	0.00346	0.182865	0.00008	1.32E-03
656	1.447	2.3	0.04217	0.00351	0.181642	0.000081	1.44E-03
657	1.446945	2.3	0.04293	0.00357	0.180419	0.000099	1.57E-03
658	1.446889	2.3	0.0438	0.00364	0.179196	0.000124	1.79E-03
659	1.446845	2.3	0.04478	0.00371	0.177973	0.000153	2.03E-03
660	1.4468	2.3	0.04588	0.00379	0.17675	0.00018	2.26E-03
661	1.446775	2.3	0.04709	0.00387	0.175481	0.000214	2.52E-03
662	1.44675	2.3	0.04837	0.00393	0.174211	0.00026	2.87E-03
663	1.446725	2.3	0.0497	0.00398	0.172942	0.000322	3.23E-03
664	1.4467	2.3	0.05106	0.00402	0.171672	0.000409	3.73E-03
665	1.446655	2.3	0.05239	0.00405	0.170403	0.000508	4.35E-03
666	1.446611	2.3	0.05368	0.00407	0.169133	0.000615	5.01E-03
667	1.446555	2.3	0.05488	0.00409	0.167863	0.000727	5.70E-03
668	1.4465	2.3	0.05595	0.0041	0.166594	0.000847	6.43E-03
669	1.446447	2.3	0.05688	0.00411	0.165324	0.000975	7.37E-03
670	1.446395	2.3	0.05765	0.00412	0.164055	0.001105	8.36E-03
671	1.446347	2.3	0.05826	0.00414	0.162692	0.00122	9.45E-03
672	1.4463	2.3	0.05871	0.00415	0.16133	0.001348	1.06E-02
673	1.446256	2.3	0.059	0.00416	0.159968	0.001526	1.19E-02
674	1.446211	2.3	0.05914	0.00417	0.158605	0.001749	1.32E-02
675	1.446156	2.3	0.05914	0.0042	0.157243	0.001988	1.43E-02
676	1.4461	2.3	0.05899	0.00422	0.155881	0.002193	1.61E-02
677	1.446024	2.3	0.05868	0.00425	0.154518	0.00246	1.75E-02
678	1.445948	2.3	0.05819	0.00427	0.153156	0.002822	1.88E-02
679	1.445874	2.3	0.05748	0.00429	0.151794	0.00318	2.05E-02
680	1.4458	2.3	0.0565	0.00432	0.150432	0.003537	2.25E-02
681	1.445749	2.3	0.05522	0.00435	0.149093	0.003868	2.41E-02
682	1.445698	2.3	0.05361	0.00438	0.147755	0.004211	2.50E-02
683	1.445649	2.3	0.05168	0.00442	0.146417	0.004568	2.54E-02
684	1.4456	2.3	0.04941	0.00446	0.145078	0.004923	2.53E-02
685	1.44553	2.3	0.04689	0.0045	0.14374	0.005278	2.48E-02
686	1.445461	2.3	0.04416	0.00455	0.142402	0.005602	2.32E-02
687	1.44538	2.3	0.04128	0.00459	0.141064	0.005846	2.19E-02
688	1.4453	2.3	0.03834	0.00465	0.139725	0.00606	2.01E-02
689	1.445224	2.3	0.03541	0.0047	0.138387	0.006282	1.83E-02
690	1.445148	2.3	0.03254	0.00476	0.137049	0.006521	1.64E-02
691	1.445074	2.3	0.02978	0.00483	0.135797	0.006683	1.50E-02
692	1.445	2.3	0.02717	0.0049	0.134545	0.006811	1.37E-02
693	1.444925	2.3	0.02473	0.00499	0.133294	0.006922	1.24E-02
694	1.444849	2.3	0.02247	0.00507	0.132042	0.006986	1.14E-02
695	1.444775	2.3	0.02039	0.00515	0.13079	0.007037	1.04E-02
696	1.4447	2.3	0.0185	0.00524	0.129539	0.007116	9.42E-03
697	1.444628	2.3	0.01678	0.00535	0.128287	0.007243	8.73E-03
698	1.444555	2.3	0.01523	0.00547	0.127035	0.007379	8.23E-03
699	1.444478	2.3	0.01384	0.00559	0.125784	0.007491	7.85E-03
700	1.4444	2.3	0.01259	0.00572	0.124532	0.007628	7.50E-03
701	1.444309	2.3	0.01147	0.00585	0.12341	0.007825	7.17E-03
702	1.444217	2.3	0.01048	0.006	0.122287	0.008045	7.01E-03
703	1.444109	2.3	0.009594	0.00615	0.121164	0.008258	6.84E-03
704	1.444	2.3	0.008804	0.0063	0.120042	0.008437	6.67E-03
705	1.443875	2.3	0.008099	0.00646	0.118919	0.008618	6.50E-03
706	1.443751	2.3	0.007465	0.00663	0.117797	0.008832	6.34E-03
707	1.443625	2.3	0.006892	0.0068	0.116674	0.009051	6.24E-03
708	1.4435	2.3	0.006371	0.00699	0.115552	0.009341	6.19E-03
709	1.443384	2.3	0.005897	0.0072	0.114429	0.009691	6.14E-03
710	1.443268	2.3	0.005461	0.00742	0.113306	0.009965	6.09E-03
711	1.443134	2.3	0.00506	0.00765	0.112212	0.010214	6.08E-03
712	1.443	2.3	0.004691	0.00789	0.111118	0.010574	6.14E-03
713	1.442827	2.3	0.004348	0.00816	0.110024	0.010904	6.19E-03
714	1.442653	2.3	0.004029	0.00845	0.108929	0.011111	6.25E-03
715	1.442477	2.3	0.003732	0.00876	0.107835	0.011327	6.30E-03
716	1.4423	2.3	0.003456	0.00911	0.106741	0.011637	6.36E-03
717	1.442153	2.3	0.003199	0.00948	0.105647	0.01192	6.40E-03
718	1.442006	2.3	0.00296	0.00987	0.104552	0.012062	6.45E-03
719	1.441853	2.3	0.002736	0.0103	0.103458	0.012183	6.49E-03
720	1.4417	2.3	0.002528	0.0107	0.102364	0.012359	6.54E-03
721	1.441504	2.3	0.002334	0.0112	0.101345	0.012607	6.58E-03
722	1.441309	2.3	0.002153	0.0117	0.100327	0.012737	6.63E-03
723	1.441104	2.3	0.001985	0.0122	0.099308	0.012797	6.69E-03
724	1.4409	2.3	0.001828	0.0127	0.09829	0.012874	6.76E-03
725	1.440724	2.3	0.001683	0.0132	0.097272	0.01294	6.82E-03
726	1.440547	2.3	0.001549	0.0137	0.096253	0.013023	6.89E-03
727	1.440374	2.3	0.001424	0.0143	0.095235	0.013095	6.96E-03
728	1.4402	2.3	0.001309	0.0149	0.094216	0.013117	7.02E-03
729	1.440002	2.3	0.001202	0.0155	0.093198	0.01308	7.09E-03
730	1.439803	2.3	0.001103	0.0162	0.092179	0.013	7.17E-03
731	1.439602	2.3	0.001012	0.017	0.091201	0.012879	7.24E-03
732	1.4394	2.3	0.000927	0.0179	0.090222	0.012735	7.32E-03
733	1.439221	2.3	0.000849	0.0189	0.089244	0.01257	7.40E-03
734	1.439041	2.3	0.000777	0.0199	0.088265	0.012412	7.47E-03
735	1.438871	2.3	0.000711	0.021	0.087287	0.012302	7.55E-03
736	1.4387	2.3	0.000651	0.0221	0.086308	0.012212	7.59E-03
737	1.438522	2.3	0.000595	0.0231	0.08533	0.012129	7.61E-03
738	1.438344	2.3	0.000544	0.0239	0.084351	0.012042	7.63E-03
739	1.438172	2.3	0.000497	0.0247	0.083373	0.01194	7.65E-03
740	1.438	2.3	0.000454	0.0253	0.082394	0.01181	7.63E-03
741	1.437847	2.3	0.000415	0.0258	0.081548	0.011639	7.60E-03
742	1.437694	2.3	0.000379	0.0262	0.080701	0.01143	7.56E-03
743	1.437547	2.3	0.000347	0.0265	0.079854	0.011196	7.53E-03
744	1.4374	2.3	0.000318	0.0267	0.079008	0.010955	7.43E-03
745	1.437246	2.3	0.000291	0.0269	0.078161	0.010736	7.24E-03
746	1.437092	2.3	0.000267	0.027	0.077315	0.010504	7.05E-03
747	1.436946	2.3	0.000245	0.0271	0.076468	0.010258	6.87E-03
748	1.4368	2.3	0.000226	0.0272	0.075622	0.010015	6.66E-03
749	1.436676	2.3	0.000208	0.0273	0.074775	0.009813	6.45E-03
750	1.436551	2.3	0.000192	0.0273	0.073928	0.009491	6.24E-03
751	1.436426	2.3	0.000179	0.0274	0.073188	0.009211	6.03E-03
752	1.4363	2.3	0.000167	0.0274	0.072448	0.009011	5.82E-03
753	1.436152	2.3	0.000156	0.0274	0.071707	0.00876	5.60E-03
754	1.436004	2.3	0.000146	0.0275	0.070967	0.008403	5.39E-03
755	1.435852	2.3	0.000137	0.0275	0.070227	0.00818	5.16E-03
756	1.4357	2.3	0.000128	0.0275	0.069486	0.007955	5.00E-03
757	1.435567	2.3	0.000121	0.0276	0.068746	0.007709	4.86E-03
758	1.435434	2.3	0.000114	0.0276	0.068006	0.007468	4.68E-03
759	1.435317	2.3	0.000108	0.0277	0.067265	0.007246	4.48E-03
760	1.4352	2.3	0.000104	0.0277	0.066525	0.007028	4.27E-03
761	1.435093	2.3	0.000099	0.0277	0.065856	0.006819	4.07E-03
762	1.434986	2.3	0.000094	0.0277	0.065186	0.006639	3.89E-03
763	1.434893	2.3	0.00009	0.0277	0.064517	0.006446	3.72E-03
764	1.4348	2.3	0.000085	0.0277	0.063847	0.006224	3.56E-03
765	1.434724	2.3	0.000081	0.0277	0.063178	0.005977	3.41E-03
766	1.434648	2.3	0.000077	0.0277	0.062508	0.005785	3.26E-03
767	1.434574	2.3	0.000073	0.0277	0.061838	0.005628	3.11E-03
768	1.4345	2.3	0.000069	0.0276	0.061169	0.005418	2.96E-03
769	1.434418	2.3	0.000065	0.0276	0.060499	0.00521	2.79E-03
770	1.434336	2.3	0.000061	0.0275	0.05983	0.005029	2.62E-03
771	1.434268	2.3	0.000057	0.0275	0.059131	0.004859	2.49E-03
772	1.4342	2.3	0.000053	0.0275	0.058433	0.004699	2.37E-03
773	1.434168	2.3	0.00005	0.0274	0.057734	0.004557	2.23E-03
774	1.434135	2.3	0.000046	0.0273	0.057036	0.004429	2.07E-03
775	1.434118	2.3	0.000043	0.0272	0.056337	0.004308	1.88E-03
776	1.4341	2.3	0.00004	0.0271	0.055638	0.004192	1.71E-03
777	1.434074	2.3	0.000037	0.027	0.05494	0.004081	1.55E-03
778	1.434049	2.3	0.000034	0.0269	0.054241	0.003972	1.39E-03
779	1.434024	2.3	0.000031	0.0268	0.053543	0.003863	1.24E-03
780	1.434	2.3	0.000028	0.0266	0.052844	0.00375	1.10E-03
781	1.433992	2.3	0.000025	0.0264	0.052258	0.003632	9.71E-04
782	1.433983	2.3	0.000023	0.0263	0.051673	0.00352	8.49E-04
783	1.433992	2.3	0.000021	0.0262	0.051087	0.00342	7.33E-04
784	1.434	2.3	0.000018	0.0261	0.050501	0.003325	6.28E-04
785	1.434022	2.3	0.000016	0.0259	0.049915	0.003237	5.29E-04
786	1.434044	2.3	0.000014	0.0256	0.049329	0.003153	4.38E-04
787	1.434072	2.3	0.000012	0.0252	0.048744	0.003072	3.58E-04
788	1.4341	2.3	0.00001	0.0251	0.048158	0.002992	2.84E-04
789	1.434127	2.3	0.000009	0.025	0.047572	0.002911	2.19E-04
790	1.434154	2.3	0.000007	0.0247	0.046986	0.002823	1.63E-04
791	1.434177	2.3	0.000006	0.0245	0.046464	0.002732	1.15E-04
792	1.4342	2.3	0.000005	0.0241	0.045941	0.002643	7.61E-05
793	1.43422	2.3	0.000004	0.0239	0.045419	0.002563	4.46E-05
794	1.434241	2.3	0.000003	0.0237	0.044896	0.002489	2.04E-05
795	1.43427	2.3	0.000002	0.0236	0.044374	0.002411	0.00E+00
796	1.4343	2.3	0.000001	0.0234	0.043851	0.002337	0.00E+00
797	1.434348	2.3	0.000001	0.0232	0.043329	0.002276	0.00E+00
798	1.434395	2.3	0	0.023	0.042806	0.002233	0.00E+00
799	1.434448	2.3	0	0.0228	0.042284	0.002171	0.00E+00
800	1.4345	2.3	0	0.0225	0.041762	0.00211	0.00E+00
801	1.434541	2.3	0	0.0224	0.041283	0.00205	0.00E+00
802	1.434583	2.3	0	0.0224	0.040805	0.00199	0.00E+00
803	1.434612	2.3	0	0.0222	0.040326	0.001932	0.00E+00
804	1.43464	2.3	0	0.022	0.039848	0.001874	0.00E+00
805	1.434659	2.3	0	0.022	0.039369	0.001818	0.00E+00
806	1.434677	2.3	0	0.022	0.038891	0.001762	0.00E+00
807	1.434688	2.3	0	0.022	0.038413	0.001707	0.00E+00
808	1.434698	2.3	0	0.0218	0.037934	0.001653	0.00E+00
809	1.434702	2.3	0	0.0219	0.037456	0.0016	0.00E+00
810	1.434706	2.3	0	0.0219	0.036977	0.001548	0.00E+00
811	1.434707	2.3	0	0.0219	0.036565	0.001496	0.00E+00
812	1.434707	2.3	0	0.022	0.036153	0.001446	0.00E+00
813	1.434705	2.3	0	0.0221	0.035741	0.001396	0.00E+00
814	1.434703	2.3	0	0.0222	0.03533	0.001347	0.00E+00
815	1.434702	2.3	0	0.0223	0.034918	0.001299	0.00E+00
816	1.4347	2.3	0	0.0225	0.034506	0.001252	0.00E+00
817	1.434701	2.3	0	0.0228	0.034094	0.001206	0.00E+00
818	1.434701	2.3	0	0.023	0.033682	0.00116	0.00E+00
819	1.434705	2.3	0	0.0231	0.03327	0.001116	0.00E+00
820	1.434709	2.3	0	0.0233	0.032858	0.001072	0.00E+00
821	1.434714	2.3	0	0.0239	0.032489	0.00103	0.00E+00
822	1.43472	2.3	0	0.0245	0.032121	0.000988	0.00E+00
823	1.434727	2.3	0	0.0248	0.031753	0.000947	0.00E+00
824	1.434735	2.3	0	0.0252	0.031385	0.000907	0.00E+00
825	1.434743	2.3	0	0.0262	0.031016	0.000867	0.00E+00
826	1.434751	2.3	0	0.0277	0.030648	0.000829	0.00E+00
827	1.434759	2.3	0	0.0283	0.03028	0.000791	0.00E+00
828	1.434767	2.3	0	0.0291	0.029912	0.000755	0.00E+00
829	1.434774	2.3	0	0.0311	0.029543	0.000719	0.00E+00
830	1.434781	2.3	0	0.0321	0.029175	0.000684	0.00E+00
831	1.434787	2.3	0	0.033	0.028847	0.00065	0.00E+00
832	1.434793	2.3	0	0.0346	0.028518	0.000617	0.00E+00
833	1.434796	2.3	0	0.0361	0.028189	0.000585	0.00E+00
834	1.4348	2.3	0	0.0366	0.027861	0.000553	0.00E+00
835	1.434801	2.3	0	0.037	0.027532	0.000523	0.00E+00
836	1.434802	2.3	0	0.0379	0.027204	0.000493	0.00E+00
837	1.4348	2.3	0	0.0383	0.026875	0.000464	0.00E+00
838	1.434798	2.3	0	0.0385	0.026546	0.000436	0.00E+00
839	1.434794	2.3	0	0.0391	0.026218	0.000409	0.00E+00
840	1.43479	2.3	0	0.0395	0.025889	0.000383	0.00E+00
841	1.434784	2.3	0	0.0397	0.02559	0.000357	0.00E+00
842	1.434778	2.3	0	0.04	0.025291	0.000333	0.00E+00
843	1.434771	2.3	0	0.0404	0.024993	0.000309	0.00E+00
844	1.434764	2.3	0	0.0406	0.024694	0.000286	0.00E+00
845	1.434755	2.3	0	0.0407	0.024395	0.000265	0.00E+00
846	1.434747	2.3	0	0.0411	0.024096	0.000244	0.00E+00
847	1.434738	2.3	0	0.0413	0.023797	0.000223	0.00E+00
848	1.434729	2.3	0	0.0415	0.023498	0.000204	0.00E+00
849	1.434719	2.3	0	0.042	0.023199	0.000186	0.00E+00
850	1.43471	2.3	0	0.042	0.0229	0.000168	0.00E+00
851	1.4347	2.3	0	0.0422	0.022639	0	0.00E+00
852	1.434691	2.3	0	0.0425	0.022378	0	0.00E+00
853	1.434681	2.3	0	0.0427	0.022116	0	0.00E+00
854	1.434672	2.3	0	0.0428	0.021855	0	0.00E+00
855	1.434662	2.3	0	0.0431	0.021594	0	0.00E+00
856	1.434652	2.3	0	0.0436	0.021332	0	0.00E+00
857	1.434642	2.3	0	0.0437	0.021071	0	0.00E+00
858	1.434632	2.3	0	0.0438	0.02081	0	0.00E+00
859	1.434621	2.3	0	0.0443	0.020548	0	0.00E+00
860	1.43461	2.3	0	0.0445	0.020287	0	0.00E+00
861	1.434599	2.3	0	0.0447	0.02006	0	0.00E+00
862	1.434587	2.3	0	0.045	0.019833	0	0.00E+00
863	1.434574	2.3	0	0.0453	0.019606	0	0.00E+00
864	1.434561	2.3	0	0.0455	0.019379	0	0.00E+00
865	1.434547	2.3	0	0.0461	0.019152	0	0.00E+00
866	1.434532	2.3	0	0.0466	0.018925	0	0.00E+00
867	1.434516	2.3	0	0.0469	0.018699	0	0.00E+00
868	1.4345	2.3	0	0.0471	0.018472	0	0.00E+00
869	1.434482	2.3	0	0.0471	0.018245	0	0.00E+00
870	1.434464	2.3	0	0.0475	0.018018	0	0.00E+00
871	1.434444	2.3	0	0.0483	0.01782	0	0.00E+00
872	1.434425	2.3	0	0.0487	0.017621	0	0.00E+00
873	1.434403	2.3	0	0.0489	0.017423	0	0.00E+00
874	1.434382	2.3	0	0.0496	0.017225	0	0.00E+00
875	1.434359	2.3	0	0.0501	0.017027	0	0.00E+00
876	1.434336	2.3	0	0.0505	0.016828	0	0.00E+00
877	1.434312	2.3	0	0.0512	0.01663	0	0.00E+00
878	1.434288	2.3	0	0.0515	0.016432	0	0.00E+00
879	1.434262	2.3	0	0.052	0.016234	0	0.00E+00
880	1.434237	2.3	0	0.053	0.016035	0	0.00E+00
881	1.43421	2.3	0	0.0535	0.01586	0	0.00E+00
882	1.434183	2.3	0	0.0539	0.015684	0	0.00E+00
883	1.434156	2.3	0	0.0546	0.015509	0	0.00E+00
884	1.434128	2.3	0	0.0553	0.015333	0	0.00E+00
885	1.4341	2.3	0	0.0557	0.015158	0	0.00E+00
886	1.434071	2.3	0	0.056	0.014982	0	0.00E+00
887	1.434042	2.3	0	0.0565	0.014806	0	0.00E+00
888	1.434013	2.3	0	0.0575	0.014631	0	0.00E+00
889	1.433984	2.3	0	0.0579	0.014455	0	0.00E+00
890	1.433954	2.3	0	0.0583	0.01428	0	0.00E+00
891	1.433924	2.3	0	0.0592	0.014137	0	0.00E+00
892	1.433894	2.3	0	0.0598	0.013995	0	0.00E+00
893	1.433864	2.3	0	0.0601	0.013852	0	0.00E+00
894	1.433834	2.3	0	0.0604	0.01371	0	0.00E+00
895	1.433805	2.3	0	0.0609	0.013567	0	0.00E+00
896	1.433775	2.3	0	0.0619	0.013425	0	0.00E+00
897	1.433745	2.3	0	0.0623	0.013282	0	0.00E+00
898	1.433715	2.3	0	0.0627	0.01314	0	0.00E+00
899	1.433686	2.3	0	0.0636	0.012997	0	0.00E+00
900	1.433657	2.3	0	0.0641	0.012855	0	0.00E+00
901	1.433629	2.3	0	0.0646	0.012737	0	0.00E+00
902	1.4336	2.3	0	0.0656	0.01262	0	0.00E+00
903	1.433572	2.3	0	0.0664	0.012503	0	0.00E+00
904	1.433544	2.3	0	0.0667	0.012386	0	0.00E+00
905	1.433517	2.3	0	0.067	0.012268	0	0.00E+00
906	1.43349	2.3	0	0.0677	0.012151	0	0.00E+00
907	1.433462	2.3	0	0.069	0.012034	0	0.00E+00
908	1.433435	2.3	0	0.0699	0.011916	0	0.00E+00
909	1.433408	2.3	0	0.0704	0.011799	0	0.00E+00
910	1.43338	2.3	0	0.0708	0.011682	0	0.00E+00
911	1.433351	2.3	0	0.0719	0.011579	0	0.00E+00
912	1.433323	2.3	0	0.0736	0.011475	0	0.00E+00
913	1.433293	2.3	0	0.0749	0.011372	0	0.00E+00
914	1.433264	2.3	0	0.0756	0.011269	0	0.00E+00
915	1.433232	2.3	0	0.0763	0.011165	0	0.00E+00
916	1.433201	2.3	0	0.0779	0.011062	0	0.00E+00
917	1.433168	2.3	0	0.0809	0.010959	0	0.00E+00
918	1.433135	2.3	0	0.0829	0.010855	0	0.00E+00
919	1.433099	2.3	0	0.0841	0.010752	0	0.00E+00
920	1.433064	2.3	0	0.0853	0.010648	0	0.00E+00
921	1.433026	2.3	0	0.088	0.010521	0	0.00E+00
922	1.432988	2.3	0	0.0927	0.010394	0	0.00E+00
923	1.432948	2.3	0	0.0958	0.010267	0	0.00E+00
924	1.432909	2.3	0	0.0982	0.010139	0	0.00E+00
925	1.432867	2.3	0	0.101	0.010012	0	0.00E+00
926	1.432826	2.3	0	0.104	0.009885	0	0.00E+00
927	1.432784	2.3	0	0.107	0.009757	0	0.00E+00
928	1.432742	2.3	0	0.111	0.00963	0	0.00E+00
929	1.432699	2.3	0	0.119	0.009503	0	0.00E+00
930	1.432656	2.3	0	0.125	0.009375	0	0.00E+00
931	1.432613	2.3	0	0.128	0.009266	0	0.00E+00
932	1.43257	2.3	0	0.133	0.009157	0	0.00E+00
933	1.432527	2.3	0	0.137	0.009048	0	0.00E+00
934	1.432484	2.3	0	0.141	0.008939	0	0.00E+00
935	1.432442	2.3	0	0.147	0.00883	0	0.00E+00
936	1.4324	2.3	0	0.156	0.008721	0	0.00E+00
937	1.432359	2.3	0	0.164	0.008612	0	0.00E+00
938	1.432318	2.3	0	0.169	0.008503	0	0.00E+00
939	1.432278	2.3	0	0.173	0.008394	0	0.00E+00
940	1.432238	2.3	0	0.182	0.008285	0	0.00E+00
941	1.432198	2.3	0	0.196	0.008193	0	0.00E+00
942	1.432158	2.3	0	0.205	0.008101	0	0.00E+00
943	1.432118	2.3	0	0.211	0.00801	0	0.00E+00
944	1.432078	2.3	0	0.219	0.007918	0	0.00E+00
945	1.432038	2.3	0	0.229	0.007826	0	0.00E+00
946	1.431998	2.3	0	0.239	0.007734	0	0.00E+00
947	1.431957	2.3	0	0.247	0.007642	0	0.00E+00
948	1.431916	2.3	0	0.254	0.00755	0	0.00E+00
949	1.431874	2.3	0	0.27	0.007458	0	0.00E+00
950	1.431832	2.3	0	0.298	0.007366	0	0.00E+00
951	1.431788	2.3	0	0.315	0.007286	0	0.00E+00
952	1.431745	2.3	0	0.327	0.007206	0	0.00E+00
953	1.4317	2.3	0	0.344	0.007126	0	0.00E+00
954	1.431654	2.3	0	0.362	0.007045	0	0.00E+00
955	1.431607	2.3	0	0.379	0.006965	0	0.00E+00
956	1.431559	2.3	0	0.393	0.006885	0	0.00E+00
957	1.43151	2.3	0	0.407	0.006805	0	0.00E+00
958	1.431461	2.3	0	0.418	0.006725	0	0.00E+00
959	1.43141	2.3	0	0.427	0.006644	0	0.00E+00
960	1.431359	2.3	0	0.439	0.006564	0	0.00E+00
961	1.431306	2.3	0	0.454	0.006488	0	0.00E+00
962	1.431253	2.3	0	0.461	0.006411	0	0.00E+00
963	1.431199	2.3	0	0.463	0.006335	0	0.00E+00
964	1.431144	2.3	0	0.466	0.006258	0	0.00E+00
965	1.431088	2.3	0	0.47	0.006182	0	0.00E+00
966	1.431032	2.3	0	0.473	0.006105	0	0.00E+00
967	1.430975	2.3	0	0.476	0.006029	0	0.00E+00
968	1.430917	2.3	0	0.477	0.005953	0	0.00E+00
969	1.430859	2.3	0	0.479	0.005876	0	0.00E+00
970	1.4308	2.3	0	0.48	0.0058	0	0.00E+00
971	1.43074	2.3	0	0.481	0.005721	0	0.00E+00
972	1.43068	2.3	0	0.483	0.005642	0	0.00E+00
973	1.430619	2.3	0	0.484	0.005563	0	0.00E+00
974	1.430558	2.3	0	0.486	0.005484	0	0.00E+00
975	1.430495	2.3	0	0.487	0.005405	0	0.00E+00
976	1.430433	2.3	0	0.487	0.005326	0	0.00E+00
977	1.430369	2.3	0	0.486	0.005247	0	0.00E+00
978	1.430305	2.3	0	0.486	0.005168	0	0.00E+00
979	1.43024	2.3	0	0.484	0.005089	0	0.00E+00
980	1.430176	2.3	0	0.482	0.00501	0	0.00E+00
981	1.430109	2.3	0	0.48	0.004928	0	0.00E+00
982	1.430043	2.3	0	0.479	0.004845	0	0.00E+00
983	1.429975	2.3	0	0.476	0.004763	0	0.00E+00
984	1.429908	2.3	0	0.474	0.00468	0	0.00E+00
985	1.429839	2.3	0	0.471	0.004598	0	0.00E+00
986	1.42977	2.3	0	0.468	0.004515	0	0.00E+00
987	1.4297	2.3	0	0.464	0.004433	0	0.00E+00
988	1.429629	2.3	0	0.46	0.004351	0	0.00E+00
989	1.429558	2.3	0	0.457	0.004268	0	0.00E+00
990	1.429486	2.3	0	0.453	0.004186	0	0.00E+00
991	1.429413	2.3	0	0.448	0.0041	0	0.00E+00
992	1.42934	2.3	0	0.443	0.004014	0	0.00E+00
993	1.429266	2.3	0	0.44	0.003928	0	0.00E+00
994	1.429191	2.3	0	0.436	0.003841	0	0.00E+00
995	1.429115	2.3	0	0.432	0.003755	0	0.00E+00
996	1.429039	2.3	0	0.426	0.003669	0	0.00E+00
997	1.428962	2.3	0	0.422	0.003583	0	0.00E+00
998	1.428884	2.3	0	0.417	0.003497	0	0.00E+00
999	1.428805	2.3	0	0.412	0.003411	0	0.00E+00
1000	1.428726	2.3	0	0.407	0.003325	0	0.00E+00
1001	1.428645	2.3	0	0.402	0	0	0.00E+00
1002	1.428565	2.3	0	0.396	0	0	0.00E+00
1003	1.428482	2.3	0	0.391	0	0	0.00E+00
1004	1.4284	2.3	0	0.387	0	0	0.00E+00
1005	1.428316	2.3	0	0.382	0	0	0.00E+00
1006	1.428232	2.3	0	0.376	0	0	0.00E+00
1007	1.428146	2.3	0	0.37	0	0	0.00E+00
1008	1.428061	2.3	0	0.364	0	0	0.00E+00
1009	1.427974	2.3	0	0.358	0	0	0.00E+00
1010	1.427887	2.3	0	0.352	0	0	0.00E+00
1011	1.427799	2.3	0	0.346	0	0	0.00E+00
1012	1.427711	2.3	0	0.34	0	0	0.00E+00
1013	1.427622	2.3	0	0.335	0	0	0.00E+00
1014	1.427533	2.3	0	0.33	0	0	0.00E+00
1015	1.427443	2.3	0	0.324	0	0	0.00E+00
1016	1.427353	2.3	0	0.319	0	0	0.00E+00
1017	1.427263	2.3	0	0.314	0	0	0.00E+00
1018	1.427173	2.3	0	0.309	0	0	0.00E+00
1019	1.427082	2.3	0	0.302	0	0	0.00E+00
1020	1.426991	2.3	0	0.296	0	0	0.00E+00
1021	1.4269	2.3	0	0.29	0	0	0.00E+00
1022	1.426809	2.3	0	0.284	0	0	0.00E+00
1023	1.426718	2.3	0	0.278	0	0	0.00E+00
1024	1.426627	2.3	0	0.272	0	0	0.00E+00
1025	1.426535	2.3	0	0.267	0	0	0.00E+00
1026	1.426443	2.3	0	0.262	0	0	0.00E+00
1027	1.426351	2.3	0	0.257	0	0	0.00E+00
1028	1.426259	2.3	0	0.251	0	0	0.00E+00
1029	1.426165	2.3	0	0.244	0	0	0.00E+00
1030	1.426072	2.3	0	0.239	0	0	0.00E+00
1031	1.425978	2.3	0	0.236	0	0	0.00E+00
1032	1.425884	2.3	0	0.233	0	0	0.00E+00
1033	1.425788	2.3	0	0.23	0	0	0.00E+00
1034	1.425692	2.3	0	0.225	0	0	0.00E+00
1035	1.425595	2.3	0	0.22	0	0	0.00E+00
1036	1.425498	2.3	0	0.215	0	0	0.00E+00
1037	1.425399	2.3	0	0.211	0	0	0.00E+00
1038	1.4253	2.3	0	0.206	0	0	0.00E+00
1039	1.425199	2.3	0	0.202	0	0	0.00E+00
1040	1.425098	2.3	0	0.198	0	0	0.00E+00
1041	1.424996	2.3	0	0.194	0	0	0.00E+00
1042	1.424893	2.3	0	0.19	0	0	0.00E+00
1043	1.424789	2.3	0	0.187	0	0	0.00E+00
1044	1.424685	2.3	0	0.184	0	0	0.00E+00
1045	1.424579	2.3	0	0.182	0	0	0.00E+00
1046	1.424474	2.3	0	0.179	0	0	0.00E+00
1047	1.424367	2.3	0	0.175	0	0	0.00E+00
1048	1.42426	2.3	0	0.171	0	0	0.00E+00
1049	1.424152	2.3	0	0.169	0	0	0.00E+00
1050	1.424045	2.3	0	0.166	0	0	0.00E+00
1051	1.423936	2.3	0	0.164	0	0	0.00E+00
1052	1.423828	2.3	0	0.161	0	0	0.00E+00
1053	1.423719	2.3	0	0.159	0	0	0.00E+00
1054	1.423609	2.3	0	0.156	0	0	0.00E+00
1055	1.4235	2.3	0	0.154	0	0	0.00E+00
1056	1.423391	2.3	0	0.153	0	0	0.00E+00
1057	1.423281	2.3	0	0.152	0	0	0.00E+00
1058	1.423171	2.3	0	0.151	0	0	0.00E+00
1059	1.423061	2.3	0	0.15	0	0	0.00E+00
1060	1.42295	2.3	0	0.148	0	0	0.00E+00
1061	1.42284	2.3	0	0.146	0	0	0.00E+00
1062	1.422729	2.3	0	0.145	0	0	0.00E+00
1063	1.422618	2.3	0	0.144	0	0	0.00E+00
1064	1.422506	2.3	0	0.144	0	0	0.00E+00
1065	1.422394	2.3	0	0.143	0	0	0.00E+00
1066	1.422282	2.3	0	0.143	0	0	0.00E+00
1067	1.42217	2.3	0	0.142	0	0	0.00E+00
1068	1.422057	2.3	0	0.141	0	0	0.00E+00
1069	1.421943	2.3	0	0.141	0	0	0.00E+00
1070	1.421829	2.3	0	0.141	0	0	0.00E+00
1071	1.421715	2.3	0	0.141	0	0	0.00E+00
1072	1.4216	2.3	0	0.141	0	0	0.00E+00
1073	1.421484	2.3	0	0.141	0	0	0.00E+00
1074	1.421369	2.3	0	0.141	0	0	0.00E+00
1075	1.421252	2.3	0	0.141	0	0	0.00E+00
1076	1.421136	2.3	0	0.143	0	0	0.00E+00
1077	1.421018	2.3	0	0.144	0	0	0.00E+00
1078	1.420901	2.3	0	0.144	0	0	0.00E+00
1079	1.420783	2.3	0	0.144	0	0	0.00E+00
1080	1.420665	2.3	0	0.144	0	0	0.00E+00
1081	1.420547	2.3	0	0.146	0	0	0.00E+00
1082	1.420429	2.3	0	0.148	0	0	0.00E+00
1083	1.42031	2.3	0	0.15	0	0	0.00E+00
1084	1.420192	2.3	0	0.152	0	0	0.00E+00
1085	1.420073	2.3	0	0.153	0	0	0.00E+00
1086	1.419955	2.3	0	0.155	0	0	0.00E+00
1087	1.419837	2.3	0	0.156	0	0	0.00E+00
1088	1.419718	2.3	0	0.158	0	0	0.00E+00
1089	1.4196	2.3	0	0.16	0	0	0.00E+00
1090	1.419482	2.3	0	0.163	0	0	0.00E+00
1091	1.419364	2.3	0	0.166	0	0	0.00E+00
1092	1.419246	2.3	0	0.168	0	0	0.00E+00
1093	1.419129	2.3	0	0.169	0	0	0.00E+00
1094	1.419011	2.3	0	0.171	0	0	0.00E+00
1095	1.418894	2.3	0	0.174	0	0	0.00E+00
1096	1.418777	2.3	0	0.178	0	0	0.00E+00
1097	1.418659	2.3	0	0.182	0	0	0.00E+00
1098	1.418542	2.3	0	0.187	0	0	0.00E+00
1099	1.418424	2.3	0	0.189	0	0	0.00E+00
1100	1.418307	2.3	0	0.191	0	0	0.00E+00
1101	1.418189	2.3	0	0.193	0	0	0.00E+00
1102	1.418072	2.3	0	0.197	0	0	0.00E+00
1103	1.417954	2.3	0	0.201	0	0	0.00E+00
1104	1.417836	2.3	0	0.203	0	0	0.00E+00
1105	1.417718	2.3	0	0.205	0	0	0.00E+00
1106	1.4176	2.3	0	0.208	0	0	0.00E+00
1107	1.417482	2.3	0	0.212	0	0	0.00E+00
1108	1.417363	2.3	0	0.217	0	0	0.00E+00
1109	1.417244	2.3	0	0.22	0	0	0.00E+00
1110	1.417126	2.3	0	0.222	0	0	0.00E+00
1111	1.417007	2.3	0	0.225	0	0	0.00E+00
1112	1.416888	2.3	0	0.23	0	0	0.00E+00
1113	1.41677	2.3	0	0.234	0	0	0.00E+00
1114	1.416651	2.3	0	0.235	0	0	0.00E+00
1115	1.416533	2.3	0	0.234	0	0	0.00E+00
1116	1.416415	2.3	0	0.235	0	0	0.00E+00
1117	1.416297	2.3	0	0.24	0	0	0.00E+00
1118	1.41618	2.3	0	0.245	0	0	0.00E+00
1119	1.416063	2.3	0	0.249	0	0	0.00E+00
1120	1.415946	2.3	0	0.253	0	0	0.00E+00
1121	1.415831	2.3	0	0.258	0	0	0.00E+00
1122	1.415715	2.3	0	0.265	0	0	0.00E+00
1123	1.4156	2.3	0	0.272	0	0	0.00E+00
1124	1.415486	2.3	0	0.277	0	0	0.00E+00
1125	1.415373	2.3	0	0.281	0	0	0.00E+00
1126	1.415259	2.3	0	0.289	0	0	0.00E+00
1127	1.415147	2.3	0	0.302	0	0	0.00E+00
1128	1.415034	2.3	0	0.316	0	0	0.00E+00
1129	1.414923	2.3	0	0.327	0	0	0.00E+00
1130	1.414811	2.3	0	0.338	0	0	0.00E+00
1131	1.4147	2.3	0	0.353	0	0	0.00E+00
1132	1.414589	2.3	0	0.377	0	0	0.00E+00
1133	1.414478	2.3	0	0.404	0	0	0.00E+00
1134	1.414367	2.3	0	0.428	0	0	0.00E+00
1135	1.414256	2.3	0	0.45	0	0	0.00E+00
1136	1.414145	2.3	0	0.471	0	0	0.00E+00
1137	1.414034	2.3	0	0.493	0	0	0.00E+00
1138	1.413923	2.3	0	0.52	0	0	0.00E+00
1139	1.413812	2.3	0	0.557	0	0	0.00E+00
1140	1.4137	2.3	0	0.605	0	0	0.00E+00
1141	1.413588	2.3	0	0.652	0	0	0.00E+00
1142	1.413476	2.3	0	0.686	0	0	0.00E+00
1143	1.413363	2.3	0	0.716	0	0	0.00E+00
1144	1.413251	2.3	0	0.754	0	0	0.00E+00
1145	1.413138	2.3	0	0.806	0	0	0.00E+00
1146	1.413025	2.3	0	0.86	0	0	0.00E+00
1147	1.412913	2.3	0	0.898	0	0	0.00E+00
1148	1.4128	2.3	0	0.925	0	0	0.00E+00
1149	1.412687	2.3	0	0.949	0	0	0.00E+00
1150	1.412575	2.3	0	0.977	0	0	0.00E+00
1151	1.412463	2.3	0	1.01	0	0	0.00E+00
1152	1.412351	2.3	0	1.04	0	0	0.00E+00
1153	1.41224	2.3	0	1.07	0	0	0.00E+00
1154	1.412129	2.3	0	1.1	0	0	0.00E+00
1155	1.412019	2.3	0	1.12	0	0	0.00E+00
1156	1.411909	2.3	0	1.13	0	0	0.00E+00
1157	1.4118	2.3	0	1.14	0	0	0.00E+00
1158	1.411692	2.3	0	1.15	0	0	0.00E+00
1159	1.411584	2.3	0	1.16	0	0	0.00E+00
1160	1.411477	2.3	0	1.17	0	0	0.00E+00
1161	1.41137	2.3	0	1.18	0	0	0.00E+00
1162	1.411264	2.3	0	1.19	0	0	0.00E+00
1163	1.411158	2.3	0	1.19	0	0	0.00E+00
1164	1.411052	2.3	0	1.2	0	0	0.00E+00
1165	1.410947	2.3	0	1.2	0	0	0.00E+00
1166	1.410842	2.3	0	1.2	0	0	0.00E+00
1167	1.410737	2.3	0	1.2	0	0	0.00E+00
1168	1.410632	2.3	0	1.21	0	0	0.00E+00
1169	1.410527	2.3	0	1.21	0	0	0.00E+00
1170	1.410422	2.3	0	1.21	0	0	0.00E+00
1171	1.410317	2.3	0	1.21	0	0	0.00E+00
1172	1.410211	2.3	0	1.22	0	0	0.00E+00
1173	1.410106	2.3	0	1.23	0	0	0.00E+00
1174	1.41	2.3	0	1.23	0	0	0.00E+00
1175	1.409894	2.3	0	1.23	0	0	0.00E+00
1176	1.409787	2.3	0	1.23	0	0	0.00E+00
1177	1.409681	2.3	0	1.23	0	0	0.00E+00
1178	1.409574	2.3	0	1.23	0	0	0.00E+00
1179	1.409467	2.3	0	1.24	0	0	0.00E+00
1180	1.40936	2.3	0	1.24	0	0	0.00E+00
1181	1.409253	2.3	0	1.24	0	0	0.00E+00
1182	1.409146	2.3	0	1.24	0	0	0.00E+00
1183	1.409039	2.3	0	1.25	0	0	0.00E+00
1184	1.408932	2.3	0	1.25	0	0	0.00E+00
1185	1.408827	2.3	0	1.26	0	0	0.00E+00
1186	1.408721	2.3	0	1.26	0	0	0.00E+00
1187	1.408616	2.3	0	1.26	0	0	0.00E+00
1188	1.408511	2.3	0	1.26	0	0	0.00E+00
1189	1.408407	2.3	0	1.26	0	0	0.00E+00
1190	1.408303	2.3	0	1.27	0	0	0.00E+00
1191	1.4082	2.3	0	1.27	0	0	0.00E+00
1192	1.408098	2.3	0	1.27	0	0	0.00E+00
1193	1.407997	2.3	0	1.27	0	0	0.00E+00
1194	1.407896	2.3	0	1.28	0	0	0.00E+00
1195	1.407796	2.3	0	1.28	0	0	0.00E+00
1196	1.407696	2.3	0	1.28	0	0	0.00E+00
1197	1.407597	2.3	0	1.28	0	0	0.00E+00
1198	1.407498	2.3	0	1.28	0	0	0.00E+00
1199	1.407399	2.3	0	1.28	0	0	0.00E+00
1200	1.4073	2.3	0	1.27	0	0	0.00E+00
1201	1.407201	2.3	0	1.27	0	0	0.00E+00
1202	1.407102	2.301	0	1.27	0	0	0.00E+00
1203	1.407003	2.301	0	1.27	0	0	0.00E+00
1204	1.406903	2.302	0	1.27	0	0	0.00E+00
1205	1.406803	2.303	0	1.27	0	0	0.00E+00
1206	1.406703	2.305	0	1.26	0	0	0.00E+00
1207	1.406601	2.306	0	1.26	0	0	0.00E+00
1208	1.4065	2.308	0	1.26	0	0	0.00E+00
1209	1.406397	2.31	0	1.26	0	0	0.00E+00
1210	1.406294	2.312	0	1.26	0	0	0.00E+00
1211	1.40619	2.315	0	1.25	0	0	0.00E+00
1212	1.406086	2.317	0	1.25	0	0	0.00E+00
1213	1.405981	2.32	0	1.24	0	0	0.00E+00
1214	1.405876	2.323	0	1.24	0	0	0.00E+00
1215	1.40577	2.327	0	1.24	0	0	0.00E+00
1216	1.405663	2.33	0	1.24	0	0	0.00E+00
1217	1.405557	2.334	0	1.23	0	0	0.00E+00
1218	1.40545	2.338	0	1.22	0	0	0.00E+00
1219	1.405343	2.342	0	1.22	0	0	0.00E+00
1220	1.405236	2.346	0	1.21	0	0	0.00E+00
1221	1.405129	2.35	0	1.21	0	0	0.00E+00
1222	1.405021	2.354	0	1.21	0	0	0.00E+00
1223	1.404914	2.359	0	1.21	0	0	0.00E+00
1224	1.404807	2.364	0	1.2	0	0	0.00E+00
1225	1.4047	2.369	0	1.2	0	0	0.00E+00
1226	1.404593	2.374	0	1.2	0	0	0.00E+00
1227	1.404487	2.379	0	1.2	0	0	0.00E+00
1228	1.40438	2.384	0	1.2	0	0	0.00E+00
1229	1.404274	2.389	0	1.19	0	0	0.00E+00
1230	1.404168	2.395	0	1.19	0	0	0.00E+00
1231	1.404062	2.4	0	1.18	0	0	0.00E+00
1232	1.403956	2.406	0	1.18	0	0	0.00E+00
1233	1.40385	2.412	0	1.18	0	0	0.00E+00
1234	1.403745	2.418	0	1.17	0	0	0.00E+00
1235	1.403639	2.423	0	1.17	0	0	0.00E+00
1236	1.403533	2.43	0	1.16	0	0	0.00E+00
1237	1.403428	2.436	0	1.16	0	0	0.00E+00
1238	1.403322	2.442	0	1.16	0	0	0.00E+00
1239	1.403217	2.448	0	1.16	0	0	0.00E+00
1240	1.403111	2.454	0	1.16	0	0	0.00E+00
1241	1.403006	2.461	0	1.15	0	0	0.00E+00
1242	1.4029	2.467	0	1.15	0	0	0.00E+00
1243	1.402794	2.473	0	1.14	0	0	0.00E+00
1244	1.402689	2.48	0	1.14	0	0	0.00E+00
1245	1.402583	2.486	0	1.13	0	0	0.00E+00
1246	1.402477	2.493	0	1.13	0	0	0.00E+00
1247	1.402371	2.499	0	1.13	0	0	0.00E+00
1248	1.402265	2.506	0	1.12	0	0	0.00E+00
1249	1.402159	2.512	0	1.12	0	0	0.00E+00
1250	1.402053	2.519	0	1.12	0	0	0.00E+00
1251	1.401947	2.525	0	1.11	0	0	0.00E+00
1252	1.401841	2.532	0	1.11	0	0	0.00E+00
1253	1.401735	2.538	0	1.1	0	0	0.00E+00
1254	1.401629	2.545	0	1.1	0	0	0.00E+00
1255	1.401523	2.551	0	1.1	0	0	0.00E+00
1256	1.401417	2.558	0	1.1	0	0	0.00E+00
1257	1.401312	2.564	0	1.1	0	0	0.00E+00
1258	1.401206	2.57	0	1.1	0	0	0.00E+00
1259	1.4011	2.577	0	1.1	0	0	0.00E+00
1260	1.400994	2.583	0	1.09	0	0	0.00E+00
1261	1.400889	2.589	0	1.09	0	0	0.00E+00
1262	1.400783	2.595	0	1.09	0	0	0.00E+00
1263	1.400678	2.601	0	1.08	0	0	0.00E+00
1264	1.400572	2.607	0	1.08	0	0	0.00E+00
1265	1.400467	2.613	0	1.08	0	0	0.00E+00
1266	1.400361	2.619	0	1.08	0	0	0.00E+00
1267	1.400255	2.625	0	1.08	0	0	0.00E+00
1268	1.40015	2.631	0	1.08	0	0	0.00E+00
1269	1.400044	2.636	0	1.08	0	0	0.00E+00
1270	1.399938	2.642	0	1.08	0	0	0.00E+00
1271	1.399832	2.647	0	1.08	0	0	0.00E+00
1272	1.399726	2.652	0	1.09	0	0	0.00E+00
1273	1.39962	2.657	0	1.09	0	0	0.00E+00
1274	1.399513	2.662	0	1.1	0	0	0.00E+00
1275	1.399407	2.667	0	1.1	0	0	0.00E+00
1276	1.3993	2.672	0	1.11	0	0	0.00E+00
1277	1.399193	2.677	0	1.11	0	0	0.00E+00
1278	1.399086	2.681	0	1.11	0	0	0.00E+00
1279	1.398979	2.685	0	1.12	0	0	0.00E+00
1280	1.398871	2.689	0	1.12	0	0	0.00E+00
1281	1.398764	2.693	0	1.13	0	0	0.00E+00
1282	1.398657	2.697	0	1.14	0	0	0.00E+00
1283	1.39855	2.701	0	1.15	0	0	0.00E+00
1284	1.398443	2.704	0	1.16	0	0	0.00E+00
1285	1.398336	2.707	0	1.16	0	0	0.00E+00
1286	1.39823	2.711	0	1.17	0	0	0.00E+00
1287	1.398124	2.713	0	1.18	0	0	0.00E+00
1288	1.398019	2.716	0	1.18	0	0	0.00E+00
1289	1.397914	2.719	0	1.19	0	0	0.00E+00
1290	1.397809	2.721	0	1.2	0	0	0.00E+00
1291	1.397706	2.723	0	1.21	0	0	0.00E+00
1292	1.397602	2.725	0	1.22	0	0	0.00E+00
1293	1.3975	2.726	0	1.23	0	0	0.00E+00
1294	1.397398	2.728	0	1.24	0	0	0.00E+00
1295	1.397298	2.729	0	1.25	0	0	0.00E+00
1296	1.397197	2.73	0	1.27	0	0	0.00E+00
1297	1.397098	2.73	0	1.28	0	0	0.00E+00
1298	1.396998	2.731	0	1.3	0	0	0.00E+00
1299	1.396899	2.731	0	1.31	0	0	0.00E+00
1300	1.3968	2.721	0	1.32	0	0	0.00E+00
1301	1.396701	2.736	0	1.34	0	0	0.00E+00
1302	1.396603	2.728	0	1.35	0	0	0.00E+00
1303	1.396504	2.719	0	1.37	0	0	0.00E+00
1304	1.396405	2.712	0	1.39	0	0	0.00E+00
1305	1.396305	2.698	0	1.42	0	0	0.00E+00
1306	1.396205	2.702	0	1.44	0	0	0.00E+00
1307	1.396105	2.691	0	1.47	0	0	0.00E+00
1308	1.396004	2.688	0	1.49	0	0	0.00E+00
1309	1.395902	2.686	0	1.51	0	0	0.00E+00
1310	1.3958	2.682	0	1.53	0	0	0.00E+00
1311	1.395696	2.676	0	1.55	0	0	0.00E+00
1312	1.395593	2.675	0	1.58	0	0	0.00E+00
1313	1.395488	2.677	0	1.61	0	0	0.00E+00
1314	1.395382	2.67	0	1.64	0	0	0.00E+00
1315	1.395276	2.671	0	1.67	0	0	0.00E+00
1316	1.39517	2.668	0	1.7	0	0	0.00E+00
1317	1.395063	2.67	0	1.73	0	0	0.00E+00
1318	1.394956	2.674	0	1.76	0	0	0.00E+00
1319	1.394849	2.674	0	1.79	0	0	0.00E+00
1320	1.394742	2.683	0	1.83	0	0	0.00E+00
1321	1.394635	2.674	0	1.87	0	0	0.00E+00
1322	1.394528	2.675	0	1.91	0	0	0.00E+00
1323	1.394422	2.682	0	1.94	0	0	0.00E+00
1324	1.394316	2.683	0	1.97	0	0	0.00E+00
1325	1.39421	2.665	0	2.01	0	0	0.00E+00
1326	1.394105	2.661	0	2.05	0	0	0.00E+00
1327	1.394	2.668	0	2.1	0	0	0.00E+00
1328	1.393896	2.67	0	2.15	0	0	0.00E+00
1329	1.393793	2.674	0	2.2	0	0	0.00E+00
1330	1.393691	2.664	0	2.24	0	0	0.00E+00
1331	1.393589	2.661	0	2.28	0	0	0.00E+00
1332	1.393488	2.665	0	2.31	0	0	0.00E+00
1333	1.393387	2.668	0	2.36	0	0	0.00E+00
1334	1.393287	2.681	0	2.41	0	0	0.00E+00
1335	1.393187	2.686	0	2.48	0	0	0.00E+00
1336	1.393088	2.684	0	2.54	0	0	0.00E+00
1337	1.392989	2.697	0	2.59	0	0	0.00E+00
1338	1.39289	2.712	0	2.63	0	0	0.00E+00
1339	1.392791	2.72	0	2.67	0	0	0.00E+00
1340	1.392693	2.717	0	2.7	0	0	0.00E+00
1341	1.392594	2.726	0	2.74	0	0	0.00E+00
1342	1.392496	2.744	0	2.78	0	0	0.00E+00
1343	1.392398	2.743	0	2.83	0	0	0.00E+00
1344	1.3923	2.751	0	2.89	0	0	0.00E+00
1345	1.392202	2.763	0	2.96	0	0	0.00E+00
1346	1.392104	2.778	0	3.03	0	0	0.00E+00
1347	1.392005	2.793	0	3.1	0	0	0.00E+00
1348	1.391907	2.818	0	3.15	0	0	0.00E+00
1349	1.391808	2.835	0	3.18	0	0	0.00E+00
1350	1.391709	2.865	0	3.23	0	0	0.00E+00
1351	1.39161	2.879	0	3.27	0	0	0.00E+00
1352	1.391511	2.899	0	3.32	0	0	0.00E+00
1353	1.391411	2.918	0	3.36	0	0	0.00E+00
1354	1.391311	2.936	0	3.41	0	0	0.00E+00
1355	1.391211	2.953	0	3.45	0	0	0.00E+00
1356	1.39111	2.966	0	3.5	0	0	0.00E+00
1357	1.391009	2.977	0	3.54	0	0	0.00E+00
1358	1.390908	2.981	0	3.6	0	0	0.00E+00
1359	1.390805	2.942	0	3.65	0	0	0.00E+00
1360	1.390703	2.887	0	3.7	0	0	0.00E+00
1361	1.3906	2.864	0	3.75	0	0	0.00E+00
1362	1.390496	2.877	0	3.8	0	0	0.00E+00
1363	1.390392	2.886	0	3.87	0	0	0.00E+00
1364	1.390288	2.888	0	3.93	0	0	0.00E+00
1365	1.390183	2.891	0	3.99	0	0	0.00E+00
1366	1.390077	2.899	0	4.06	0	0	0.00E+00
1367	1.389971	2.887	0	4.13	0	0	0.00E+00
1368	1.389866	2.884	0	4.22	0	0	0.00E+00
1369	1.389759	2.9	0	4.3	0	0	0.00E+00
1370	1.389653	2.929	0	4.39	0	0	0.00E+00
1371	1.389546	2.969	0	4.5	0	0	0.00E+00
1372	1.38944	3.014	0	4.63	0	0	0.00E+00
1373	1.389333	3.053	0	4.74	0	0	0.00E+00
1374	1.389226	3.075	0	4.9	0	0	0.00E+00
1375	1.389119	3.111	0	5.09	0	0	0.00E+00
1376	1.389013	3.128	0	5.26	0	0	0.00E+00
1377	1.388906	3.13	0	5.48	0	0	0.00E+00
1378	1.3888	3.103	0	5.72	0	0	0.00E+00
1379	1.388694	3.051	0	6.01	0	0	0.00E+00
1380	1.388588	2.979	0	6.24	0	0	0.00E+00
1381	1.388482	2.941	0	6.58	0	0	0.00E+00
1382	1.388377	2.92	0	6.93	0	0	0.00E+00
1383	1.388271	2.931	0	7.31	0	0	0.00E+00
1384	1.388166	2.95	0	7.63	0	0	0.00E+00
1385	1.38806	2.978	0	8.09	0	0	0.00E+00
1386	1.387955	3.025	0	8.55	0	0	0.00E+00
1387	1.387849	3.048	0	9.03	0	0	0.00E+00
1388	1.387744	3.066	0	9.59	0	0	0.00E+00
1389	1.387638	3.087	0	10	0	0	0.00E+00
1390	1.387532	3.099	0	10.6	0	0	0.00E+00
1391	1.387426	3.09	0	11.2	0	0	0.00E+00
1392	1.38732	3.088	0	11.8	0	0	0.00E+00
1393	1.387214	3.081	0	12.5	0	0	0.00E+00
1394	1.387107	3.085	0	13.2	0	0	0.00E+00
1395	1.387	3.071	0	13.7	0	0	0.00E+00
1396	1.386893	3.065	0	14.3	0	0	0.00E+00
1397	1.386785	3.069	0	15.1	0	0	0.00E+00
1398	1.386677	3.067	0	15.8	0	0	0.00E+00
1399	1.386568	3.085	0	16.5	0	0	0.00E+00
1400	1.386459	3.094	0	17.1	0	0	0.00E+00
1401	1.386349	3.11	0	17.8	0	0	0.00E+00
1402	1.386239	3.136	0	18.5	0	0	0.00E+00
1403	1.386128	3.149	0	19.2	0	0	0.00E+00
1404	1.386017	3.158	0	19.8	0	0	0.00E+00
1405	1.385905	3.191	0	20.3	0	0	0.00E+00
1406	1.385793	3.23	0	20.9	0	0	0.00E+00
1407	1.385679	3.265	0	21.5	0	0	0.00E+00
1408	1.385565	3.298	0	22	0	0	0.00E+00
1409	1.38545	3.356	0	22.6	0	0	0.00E+00
1410	1.385334	3.419	0	23.1	0	0	0.00E+00
1411	1.385217	3.476	0	23.6	0	0	0.00E+00
1412	1.3851	3.534	0	24.1	0	0	0.00E+00
1413	1.384981	3.584	0	24.5	0	0	0.00E+00
1414	1.384862	3.632	0	24.9	0	0	0.00E+00
1415	1.384742	3.708	0	25.3	0	0	0.00E+00
1416	1.384621	3.775	0	25.7	0	0	0.00E+00
1417	1.384499	3.847	0	26.1	0	0	0.00E+00
1418	1.384377	3.931	0	26.4	0	0	0.00E+00
1419	1.384254	3.987	0	26.7	0	0	0.00E+00
1420	1.38413	4.071	0	27	0	0	0.00E+00
1421	1.384006	4.156	0	27.3	0	0	0.00E+00
1422	1.383882	4.242	0	27.6	0	0	0.00E+00
1423	1.383756	4.32	0	27.8	0	0	0.00E+00
1424	1.383631	4.395	0	28.1	0	0	0.00E+00
1425	1.383505	4.48	0	28.3	0	0	0.00E+00
1426	1.383379	4.561	0	28.6	0	0	0.00E+00
1427	1.383253	4.638	0	28.7	0	0	0.00E+00
1428	1.383127	4.708	0	28.9	0	0	0.00E+00
1429	1.383	4.782	0	29.1	0	0	0.00E+00
1430	1.382873	4.846	0	29.3	0	0	0.00E+00
1431	1.382746	4.906	0	29.4	0	0	0.00E+00
1432	1.38262	4.974	0	29.6	0	0	0.00E+00
1433	1.382492	5.026	0	29.7	0	0	0.00E+00
1434	1.382365	5.071	0	29.8	0	0	0.00E+00
1435	1.382237	5.131	0	29.9	0	0	0.00E+00
1436	1.382109	5.179	0	30	0	0	0.00E+00
1437	1.38198	5.22	0	30.1	0	0	0.00E+00
1438	1.381852	5.271	0	30.2	0	0	0.00E+00
1439	1.381722	5.322	0	30.3	0	0	0.00E+00
1440	1.381593	5.358	0	30.4	0	0	0.00E+00
1441	1.381462	5.403	0	30.4	0	0	0.00E+00
1442	1.381331	5.441	0	30.5	0	0	0.00E+00
1443	1.381199	5.46	0	30.5	0	0	0.00E+00
1444	1.381067	5.481	0	30.5	0	0	0.00E+00
1445	1.380934	5.5	0	30.5	0	0	0.00E+00
1446	1.3808	5.523	0	30.6	0	0	0.00E+00
1447	1.380665	5.548	0	30.6	0	0	0.00E+00
1448	1.38053	5.56	0	30.6	0	0	0.00E+00
1449	1.380393	5.575	0	30.6	0	0	0.00E+00
1450	1.380256	5.582	0	30.5	0	0	0.00E+00
1451	1.380118	5.597	0	30.5	0	0	0.00E+00
1452	1.37998	5.611	0	30.5	0	0	0.00E+00
1453	1.37984	5.639	0	30.4	0	0	0.00E+00
1454	1.3797	5.653	0	30.4	0	0	0.00E+00
1455	1.379558	5.675	0	30.4	0	0	0.00E+00
1456	1.379417	5.682	0	30.3	0	0	0.00E+00
1457	1.379273	5.685	0	30.2	0	0	0.00E+00
1458	1.37913	5.68	0	30.1	0	0	0.00E+00
1459	1.378985	5.689	0	30.1	0	0	0.00E+00
1460	1.378841	5.711	0	30	0	0	0.00E+00
1461	1.378694	5.723	0	29.8	0	0	0.00E+00
1462	1.378548	5.715	0	29.7	0	0	0.00E+00
1463	1.3784	5.716	0	29.6	0	0	0.00E+00
1464	1.378252	5.732	0	29.4	0	0	0.00E+00
1465	1.378102	5.741	0	29.2	0	0	0.00E+00
1466	1.377953	5.743	0	29	0	0	0.00E+00
1467	1.377802	5.752	0	28.7	0	0	0.00E+00
1468	1.377651	5.745	0	28.5	0	0	0.00E+00
1469	1.377499	5.744	0	28.3	0	0	0.00E+00
1470	1.377347	5.757	0	28	0	0	0.00E+00
1471	1.377193	5.766	0	27.8	0	0	0.00E+00
1472	1.37704	5.78	0	27.5	0	0	0.00E+00
1473	1.376886	5.787	0	27.2	0	0	0.00E+00
1474	1.376732	5.798	0	27	0	0	0.00E+00
1475	1.376577	5.81	0	26.6	0	0	0.00E+00
1476	1.376423	5.808	0	26.4	0	0	0.00E+00
1477	1.376267	5.815	0	26.1	0	0	0.00E+00
1478	1.376112	5.825	0	25.8	0	0	0.00E+00
1479	1.375956	5.824	0	25.6	0	0	0.00E+00
1480	1.3758	5.827	0	25.2	0	0	0.00E+00
1481	1.375644	5.854	0	25	0	0	0.00E+00
1482	1.375488	5.878	0	24.7	0	0	0.00E+00
1483	1.375331	5.9	0	24.4	0	0	0.00E+00
1484	1.375175	5.908	0	24.1	0	0	0.00E+00
1485	1.375017	5.922	0	23.9	0	0	0.00E+00
1486	1.37486	5.94	0	23.6	0	0	0.00E+00
1487	1.374702	5.962	0	23.3	0	0	0.00E+00
1488	1.374545	5.963	0	23.1	0	0	0.00E+00
1489	1.374386	5.966	0	22.7	0	0	0.00E+00
1490	1.374227	5.982	0	22.5	0	0	0.00E+00
1491	1.374068	5.99	0	22.2	0	0	0.00E+00
1492	1.373908	5.994	0	21.9	0	0	0.00E+00
1493	1.373747	6.016	0	21.6	0	0	0.00E+00
1494	1.373587	6.014	0	21.4	0	0	0.00E+00
1495	1.373425	6.025	0	21.1	0	0	0.00E+00
1496	1.373263	6.008	0	20.8	0	0	0.00E+00
1497	1.3731	6.022	0	20.5	0	0	0.00E+00
1498	1.372936	6.021	0	20.3	0	0	0.00E+00
1499	1.372772	6.027	0	20	0	0	0.00E+00
1500	1.372608	6.027	0	19.7	0	0	0.00E+00
1501	1.372442	6.035	0	19.5	0	0	0.00E+00
1502	1.372277	6.025	0	19.2	0	0	0.00E+00
1503	1.372111	6.009	0	19	0	0	0.00E+00
1504	1.371945	5.989	0	18.7	0	0	0.00E+00
1505	1.37178	5.987	0	18.5	0	0	0.00E+00
1506	1.371614	5.984	0	18.3	0	0	0.00E+00
1507	1.371448	5.971	0	18	0	0	0.00E+00
1508	1.371283	5.971	0	17.8	0	0	0.00E+00
1509	1.371118	5.973	0	17.6	0	0	0.00E+00
1510	1.370953	5.951	0	17.3	0	0	0.00E+00
1511	1.370789	5.952	0	17.1	0	0	0.00E+00
1512	1.370625	5.939	0	16.9	0	0	0.00E+00
1513	1.370462	5.933	0	16.7	0	0	0.00E+00
1514	1.3703	5.931	0	16.5	0	0	0.00E+00
1515	1.370139	5.925	0	16.2	0	0	0.00E+00
1516	1.369978	5.909	0	16.1	0	0	0.00E+00
1517	1.369819	5.897	0	15.8	0	0	0.00E+00
1518	1.36966	5.884	0	15.6	0	0	0.00E+00
1519	1.369501	5.881	0	15.4	0	0	0.00E+00
1520	1.369343	5.876	0	15.2	0	0	0.00E+00
1521	1.369185	5.856	0	15	0	0	0.00E+00
1522	1.369027	5.843	0	14.9	0	0	0.00E+00
1523	1.36887	5.83	0	14.7	0	0	0.00E+00
1524	1.368712	5.818	0	14.5	0	0	0.00E+00
1525	1.368554	5.807	0	14.3	0	0	0.00E+00
1526	1.368396	5.799	0	14.1	0	0	0.00E+00
1527	1.368238	5.792	0	13.9	0	0	0.00E+00
1528	1.368079	5.776	0	13.8	0	0	0.00E+00
1529	1.36792	5.783	0	13.6	0	0	0.00E+00
1530	1.367761	5.776	0	13.5	0	0	0.00E+00
1531	1.3676	5.767	0	13.3	0	0	0.00E+00
1532	1.367439	5.762	0	13.2	0	0	0.00E+00
1533	1.367276	5.769	0	13	0	0	0.00E+00
1534	1.367114	5.756	0	12.8	0	0	0.00E+00
1535	1.36695	5.762	0	12.7	0	0	0.00E+00
1536	1.366787	5.737	0	12.5	0	0	0.00E+00
1537	1.366622	5.74	0	12.4	0	0	0.00E+00
1538	1.366458	5.757	0	12.2	0	0	0.00E+00
1539	1.366292	5.756	0	12.1	0	0	0.00E+00
1540	1.366127	5.751	0	11.9	0	0	0.00E+00
1541	1.365961	5.754	0	11.8	0	0	0.00E+00
1542	1.365795	5.751	0	11.7	0	0	0.00E+00
1543	1.365629	5.75	0	11.5	0	0	0.00E+00
1544	1.365463	5.744	0	11.4	0	0	0.00E+00
1545	1.365297	5.744	0	11.3	0	0	0.00E+00
1546	1.365131	5.754	0	11.1	0	0	0.00E+00
1547	1.364966	5.744	0	11	0	0	0.00E+00
1548	1.3648	5.735	0	10.9	0	0	0.00E+00
1549	1.364635	5.74	0	10.8	0	0	0.00E+00
1550	1.36447	5.732	0	10.6	0	0	0.00E+00
1551	1.364305	5.728	0	10.5	0	0	0.00E+00
1552	1.36414	5.731	0	10.4	0	0	0.00E+00
1553	1.363975	5.724	0	10.3	0	0	0.00E+00
1554	1.363811	5.724	0	10.2	0	0	0.00E+00
1555	1.363647	5.715	0	10.1	0	0	0.00E+00
1556	1.363482	5.697	0	10	0	0	0.00E+00
1557	1.363318	5.693	0	9.91	0	0	0.00E+00
1558	1.363154	5.703	0	9.84	0	0	0.00E+00
1559	1.362989	5.7	0	9.75	0	0	0.00E+00
1560	1.362825	5.713	0	9.66	0	0	0.00E+00
1561	1.36266	5.728	0	9.56	0	0	0.00E+00
1562	1.362495	5.731	0	9.48	0	0	0.00E+00
1563	1.36233	5.735	0	9.38	0	0	0.00E+00
1564	1.362165	5.743	0	9.3	0	0	0.00E+00
1565	1.362	5.754	0	9.2	0	0	0.00E+00
1566	1.361834	5.753	0	9.13	0	0	0.00E+00
1567	1.361669	5.744	0	9.05	0	0	0.00E+00
1568	1.361503	5.746	0	8.98	0	0	0.00E+00
1569	1.361337	5.746	0	8.9	0	0	0.00E+00
1570	1.361171	5.746	0	8.82	0	0	0.00E+00
1571	1.361005	5.75	0	8.74	0	0	0.00E+00
1572	1.360839	5.749	0	8.66	0	0	0.00E+00
1573	1.360673	5.743	0	8.59	0	0	0.00E+00
1574	1.360508	5.74	0	8.51	0	0	0.00E+00
1575	1.360343	5.747	0	8.45	0	0	0.00E+00
1576	1.360178	5.739	0	8.36	0	0	0.00E+00
1577	1.360014	5.755	0	8.3	0	0	0.00E+00
1578	1.359849	5.749	0	8.23	0	0	0.00E+00
1579	1.359686	5.753	0	8.16	0	0	0.00E+00
1580	1.359523	5.745	0	8.1	0	0	0.00E+00
1581	1.359362	5.732	0	8.04	0	0	0.00E+00
1582	1.3592	5.735	0	7.96	0	0	0.00E+00
1583	1.35904	5.724	0	7.89	0	0	0.00E+00
1584	1.35888	5.725	0	7.83	0	0	0.00E+00
1585	1.358721	5.712	0	7.77	0	0	0.00E+00
1586	1.358562	5.702	0	7.71	0	0	0.00E+00
1587	1.358404	5.7	0	7.65	0	0	0.00E+00
1588	1.358246	5.699	0	7.61	0	0	0.00E+00
1589	1.358088	5.686	0	7.55	0	0	0.00E+00
1590	1.35793	5.685	0	7.49	0	0	0.00E+00
1591	1.357772	5.672	0	7.43	0	0	0.00E+00
1592	1.357615	5.659	0	7.37	0	0	0.00E+00
1593	1.357457	5.627	0	7.31	0	0	0.00E+00
1594	1.357299	5.613	0	7.25	0	0	0.00E+00
1595	1.35714	5.59	0	7.2	0	0	0.00E+00
1596	1.356981	5.591	0	7.16	0	0	0.00E+00
1597	1.356821	5.563	0	7.12	0	0	0.00E+00
1598	1.356661	5.552	0	7.08	0	0	0.00E+00
1599	1.3565	5.525	0	7.04	0	0	0.00E+00
1600	1.356338	5.517	0	6.99	0	0	0.00E+00
1601	1.356175	5.506	0	6.94	0	0	0.00E+00
1602	1.356012	5.494	0	6.91	0	0	0.00E+00
1603	1.355848	5.459	0	6.86	0	0	0.00E+00
1604	1.355683	5.45	0	6.83	0	0	0.00E+00
1605	1.355518	5.438	0	6.78	0	0	0.00E+00
1606	1.355353	5.428	0	6.74	0	0	0.00E+00
1607	1.355187	5.407	0	6.71	0	0	0.00E+00
1608	1.355022	5.391	0	6.7	0	0	0.00E+00
1609	1.354856	5.382	0	6.65	0	0	0.00E+00
1610	1.35469	5.376	0	6.63	0	0	0.00E+00
1611	1.354524	5.358	0	6.6	0	0	0.00E+00
1612	1.354359	5.347	0	6.57	0	0	0.00E+00
1613	1.354193	5.333	0	6.53	0	0	0.00E+00
1614	1.354028	5.319	0	6.5	0	0	0.00E+00
1615	1.353864	5.301	0	6.47	0	0	0.00E+00
1616	1.3537	5.292	0	6.45	0	0	0.00E+00
1617	1.353537	5.284	0	6.42	0	0	0.00E+00
1618	1.353374	5.274	0	6.4	0	0	0.00E+00
1619	1.353212	5.258	0	6.36	0	0	0.00E+00
1620	1.353051	5.253	0	6.35	0	0	0.00E+00
1621	1.35289	5.249	0	6.31	0	0	0.00E+00
1622	1.35273	5.233	0	6.28	0	0	0.00E+00
1623	1.35257	5.222	0	6.25	0	0	0.00E+00
1624	1.352411	5.211	0	6.21	0	0	0.00E+00
1625	1.352252	5.204	0	6.19	0	0	0.00E+00
1626	1.352094	5.21	0	6.16	0	0	0.00E+00
1627	1.351936	5.2	0	6.13	0	0	0.00E+00
1628	1.351779	5.193	0	6.12	0	0	0.00E+00
1629	1.351623	5.186	0	6.09	0	0	0.00E+00
1630	1.351466	5.177	0	6.08	0	0	0.00E+00
1631	1.351311	5.175	0	6.05	0	0	0.00E+00
1632	1.351155	5.178	0	6.05	0	0	0.00E+00
1633	1.351	5.173	0	6.02	0	0	0.00E+00
1634	1.350846	5.152	0	6	0	0	0.00E+00
1635	1.350692	5.135	0	5.98	0	0	0.00E+00
1636	1.350538	5.139	0	5.97	0	0	0.00E+00
1637	1.350384	5.128	0	5.95	0	0	0.00E+00
1638	1.350231	5.121	0	5.94	0	0	0.00E+00
1639	1.350078	5.114	0	5.92	0	0	0.00E+00
1640	1.349925	5.126	0	5.91	0	0	0.00E+00
1641	1.349772	5.107	0	5.89	0	0	0.00E+00
1642	1.34962	5.104	0	5.88	0	0	0.00E+00
1643	1.349467	5.1	0	5.85	0	0	0.00E+00
1644	1.349315	5.109	0	5.83	0	0	0.00E+00
1645	1.349163	5.114	0	5.8	0	0	0.00E+00
1646	1.34901	5.112	0	5.79	0	0	0.00E+00
1647	1.348858	5.128	0	5.75	0	0	0.00E+00
1648	1.348705	5.136	0	5.75	0	0	0.00E+00
1649	1.348553	5.131	0	5.72	0	0	0.00E+00
1650	1.3484	5.152	0	5.7	0	0	0.00E+00
1651	1.348247	5.175	0	5.69	0	0	0.00E+00
1652	1.348094	5.193	0	5.68	0	0	0.00E+00
1653	1.347941	5.2	0	5.66	0	0	0.00E+00
1654	1.347788	5.244	0	5.66	0	0	0.00E+00
1655	1.347634	5.257	0	5.64	0	0	0.00E+00
1656	1.347481	5.273	0	5.65	0	0	0.00E+00
1657	1.347327	5.289	0	5.63	0	0	0.00E+00
1658	1.347174	5.335	0	5.63	0	0	0.00E+00
1659	1.347021	5.366	0	5.62	0	0	0.00E+00
1660	1.346868	5.389	0	5.62	0	0	0.00E+00
1661	1.346714	5.427	0	5.6	0	0	0.00E+00
1662	1.346561	5.453	0	5.61	0	0	0.00E+00
1663	1.346409	5.49	0	5.6	0	0	0.00E+00
1664	1.346256	5.522	0	5.6	0	0	0.00E+00
1665	1.346104	5.562	0	5.58	0	0	0.00E+00
1666	1.345952	5.605	0	5.58	0	0	0.00E+00
1667	1.3458	5.652	0	5.56	0	0	0.00E+00
1668	1.345649	5.698	0	5.56	0	0	0.00E+00
1669	1.345498	5.744	0	5.55	0	0	0.00E+00
1670	1.345347	5.743	0	5.55	0	0	0.00E+00
1671	1.345197	5.642	0	5.54	0	0	0.00E+00
1672	1.345047	5.689	0	5.54	0	0	0.00E+00
1673	1.344898	5.722	0	5.53	0	0	0.00E+00
1674	1.344749	5.755	0	5.53	0	0	0.00E+00
1675	1.344601	5.798	0	5.53	0	0	0.00E+00
1676	1.344454	5.847	0	5.53	0	0	0.00E+00
1677	1.344307	5.875	0	5.53	0	0	0.00E+00
1678	1.344161	5.918	0	5.53	0	0	0.00E+00
1679	1.344016	5.971	0	5.52	0	0	0.00E+00
1680	1.34387	6.022	0	5.52	0	0	0.00E+00
1681	1.343727	6.061	0	5.52	0	0	0.00E+00
1682	1.343584	6.116	0	5.53	0	0	0.00E+00
1683	1.343442	6.173	0	5.52	0	0	0.00E+00
1684	1.3433	6.214	0	5.52	0	0	0.00E+00
1685	1.34316	6.266	0	5.52	0	0	0.00E+00
1686	1.34302	6.319	0	5.52	0	0	0.00E+00
1687	1.342882	6.381	0	5.51	0	0	0.00E+00
1688	1.342744	6.426	0	5.53	0	0	0.00E+00
1689	1.342607	6.486	0	5.51	0	0	0.00E+00
1690	1.34247	6.541	0	5.52	0	0	0.00E+00
1691	1.342335	6.579	0	5.51	0	0	0.00E+00
1692	1.342199	6.616	0	5.52	0	0	0.00E+00
1693	1.342065	6.666	0	5.51	0	0	0.00E+00
1694	1.34193	6.728	0	5.52	0	0	0.00E+00
1695	1.341797	6.771	0	5.52	0	0	0.00E+00
1696	1.341663	6.807	0	5.54	0	0	0.00E+00
1697	1.34153	6.858	0	5.54	0	0	0.00E+00
1698	1.341397	6.907	0	5.54	0	0	0.00E+00
1699	1.341265	6.959	0	5.56	0	0	0.00E+00
1700	1.341132	7.006	0	5.57	0	0	0.00E+00
1701	1.341	7.052	0	5.58	0	0	0.00E+00
1702	1.340868	7.093	0	5.61	0	0	0.00E+00
1703	1.340736	7.136	0	5.61	0	0	0.00E+00
1704	1.340604	7.164	0	5.63	0	0	0.00E+00
1705	1.340472	7.199	0	5.64	0	0	0.00E+00
1706	1.340341	7.232	0	5.66	0	0	0.00E+00
1707	1.34021	7.266	0	5.67	0	0	0.00E+00
1708	1.340079	7.315	0	5.69	0	0	0.00E+00
1709	1.339949	7.34	0	5.7	0	0	0.00E+00
1710	1.339819	7.361	0	5.73	0	0	0.00E+00
1711	1.33969	7.399	0	5.75	0	0	0.00E+00
1712	1.33956	7.44	0	5.77	0	0	0.00E+00
1713	1.339432	7.473	0	5.78	0	0	0.00E+00
1714	1.339304	7.505	0	5.8	0	0	0.00E+00
1715	1.339177	7.525	0	5.81	0	0	0.00E+00
1716	1.339051	7.557	0	5.83	0	0	0.00E+00
1717	1.338925	7.579	0	5.84	0	0	0.00E+00
1718	1.3388	7.604	0	5.88	0	0	0.00E+00
1719	1.338676	7.633	0	5.89	0	0	0.00E+00
1720	1.338553	7.653	0	5.93	0	0	0.00E+00
1721	1.338431	7.674	0	5.95	0	0	0.00E+00
1722	1.338309	7.691	0	5.97	0	0	0.00E+00
1723	1.338188	7.699	0	6	0	0	0.00E+00
1724	1.338068	7.708	0	6.02	0	0	0.00E+00
1725	1.337949	7.721	0	6.05	0	0	0.00E+00
1726	1.33783	7.73	0	6.09	0	0	0.00E+00
1727	1.337713	7.729	0	6.1	0	0	0.00E+00
1728	1.337596	7.712	0	6.14	0	0	0.00E+00
1729	1.33748	7.702	0	6.17	0	0	0.00E+00
1730	1.337365	7.695	0	6.2	0	0	0.00E+00
1731	1.33725	7.67	0	6.22	0	0	0.00E+00
1732	1.337136	7.644	0	6.26	0	0	0.00E+00
1733	1.337024	7.618	0	6.28	0	0	0.00E+00
1734	1.336911	7.585	0	6.33	0	0	0.00E+00
1735	1.3368	7.555	0	6.37	0	0	0.00E+00
1736	1.336689	7.517	0	6.39	0	0	0.00E+00
1737	1.33658	7.479	0	6.44	0	0	0.00E+00
1738	1.33647	7.451	0	6.49	0	0	0.00E+00
1739	1.336362	7.435	0	6.52	0	0	0.00E+00
1740	1.336254	7.408	0	6.57	0	0	0.00E+00
1741	1.336147	7.379	0	6.62	0	0	0.00E+00
1742	1.33604	7.363	0	6.66	0	0	0.00E+00
1743	1.335934	7.347	0	6.69	0	0	0.00E+00
1744	1.335829	7.332	0	6.75	0	0	0.00E+00
1745	1.335724	7.332	0	6.8	0	0	0.00E+00
1746	1.335619	7.332	0	6.84	0	0	0.00E+00
1747	1.335515	7.304	0	6.9	0	0	0.00E+00
1748	1.335411	7.295	0	6.95	0	0	0.00E+00
1749	1.335308	7.296	0	7	0	0	0.00E+00
1750	1.335205	7.291	0	7.05	0	0	0.00E+00
1751	1.335102	7.292	0	7.11	0	0	0.00E+00
1752	1.335	7.292	0	7.18	0	0	0.00E+00
1753	1.334898	7.281	0	7.24	0	0	0.00E+00
1754	1.334796	7.283	0	7.27	0	0	0.00E+00
1755	1.334695	7.264	0	7.34	0	0	0.00E+00
1756	1.334594	7.25	0	7.41	0	0	0.00E+00
1757	1.334493	7.24	0	7.48	0	0	0.00E+00
1758	1.334392	7.228	0	7.54	0	0	0.00E+00
1759	1.334292	7.21	0	7.59	0	0	0.00E+00
1760	1.334192	7.186	0	7.67	0	0	0.00E+00
1761	1.334092	7.164	0	7.73	0	0	0.00E+00
1762	1.333992	7.143	0	7.78	0	0	0.00E+00
1763	1.333893	7.114	0	7.83	0	0	0.00E+00
1764	1.333793	7.101	0	7.89	0	0	0.00E+00
1765	1.333694	7.069	0	7.95	0	0	0.00E+00
1766	1.333595	7.038	0	8	0	0	0.00E+00
1767	1.333497	7.003	0	8.04	0	0	0.00E+00
1768	1.333398	6.974	0	8.1	0	0	0.00E+00
1769	1.3333	6.928	0	8.16	0	0	0.00E+00
1770	1.333202	6.889	0	8.21	0	0	0.00E+00
1771	1.333104	6.839	0	8.24	0	0	0.00E+00
1772	1.333007	6.793	0	8.26	0	0	0.00E+00
1773	1.33291	6.764	0	8.32	0	0	0.00E+00
1774	1.332813	6.729	0	8.35	0	0	0.00E+00
1775	1.332717	6.694	0	8.39	0	0	0.00E+00
1776	1.332621	6.661	0	8.43	0	0	0.00E+00
1777	1.332526	6.613	0	8.45	0	0	0.00E+00
1778	1.332431	6.572	0	8.48	0	0	0.00E+00
1779	1.332337	6.546	0	8.51	0	0	0.00E+00
1780	1.332243	6.522	0	8.54	0	0	0.00E+00
1781	1.332151	6.507	0	8.56	0	0	0.00E+00
1782	1.332059	6.482	0	8.59	0	0	0.00E+00
1783	1.331968	6.484	0	8.62	0	0	0.00E+00
1784	1.331877	6.479	0	8.64	0	0	0.00E+00
1785	1.331789	6.494	0	8.67	0	0	0.00E+00
1786	1.3317	6.496	0	8.69	0	0	0.00E+00
1787	1.331613	6.491	0	8.72	0	0	0.00E+00
1788	1.331527	6.461	0	8.74	0	0	0.00E+00
1789	1.331442	6.44	0	8.76	0	0	0.00E+00
1790	1.331357	6.43	0	8.78	0	0	0.00E+00
1791	1.331273	6.413	0	8.78	0	0	0.00E+00
1792	1.33119	6.421	0	8.78	0	0	0.00E+00
1793	1.331108	6.399	0	8.79	0	0	0.00E+00
1794	1.331026	6.379	0	8.8	0	0	0.00E+00
1795	1.330944	6.365	0	8.81	0	0	0.00E+00
1796	1.330863	6.372	0	8.81	0	0	0.00E+00
1797	1.330782	6.346	0	8.81	0	0	0.00E+00
1798	1.330702	6.321	0	8.8	0	0	0.00E+00
1799	1.330621	6.31	0	8.79	0	0	0.00E+00
1800	1.330541	6.314	0	8.79	0	0	0.00E+00
1801	1.330461	6.282	0	8.78	0	0	0.00E+00
1802	1.33038	6.277	0	8.77	0	0	0.00E+00
1803	1.3303	6.27	0	8.75	0	0	0.00E+00
1804	1.330219	6.258	0	8.75	0	0	0.00E+00
1805	1.330138	6.242	0	8.74	0	0	0.00E+00
1806	1.330058	6.234	0	8.74	0	0	0.00E+00
1807	1.329976	6.221	0	8.73	0	0	0.00E+00
1808	1.329895	6.231	0	8.74	0	0	0.00E+00
1809	1.329813	6.221	0	8.75	0	0	0.00E+00
1810	1.329731	6.205	0	8.76	0	0	0.00E+00
1811	1.329649	6.192	0	8.78	0	0	0.00E+00
1812	1.329567	6.192	0	8.79	0	0	0.00E+00
1813	1.329484	6.179	0	8.79	0	0	0.00E+00
1814	1.329402	6.159	0	8.8	0	0	0.00E+00
1815	1.329318	6.143	0	8.79	0	0	0.00E+00
1816	1.329235	6.143	0	8.81	0	0	0.00E+00
1817	1.329152	6.12	0	8.82	0	0	0.00E+00
1818	1.329068	6.098	0	8.84	0	0	0.00E+00
1819	1.328984	6.087	0	8.85	0	0	0.00E+00
1820	1.3289	6.063	0	8.85	0	0	0.00E+00
1821	1.328816	6.056	0	8.86	0	0	0.00E+00
1822	1.328731	6.053	0	8.87	0	0	0.00E+00
1823	1.328646	6.04	0	8.87	0	0	0.00E+00
1824	1.328562	6.044	0	8.88	0	0	0.00E+00
1825	1.328477	6.007	0	8.89	0	0	0.00E+00
1826	1.328393	5.996	0	8.9	0	0	0.00E+00
1827	1.328309	5.994	0	8.92	0	0	0.00E+00
1828	1.328225	5.997	0	8.95	0	0	0.00E+00
1829	1.328142	5.975	0	8.97	0	0	0.00E+00
1830	1.328059	5.954	0	9.01	0	0	0.00E+00
1831	1.327977	5.946	0	9.03	0	0	0.00E+00
1832	1.327895	5.927	0	9.11	0	0	0.00E+00
1833	1.327815	5.914	0	9.15	0	0	0.00E+00
1834	1.327734	5.89	0	9.2	0	0	0.00E+00
1835	1.327656	5.873	0	9.26	0	0	0.00E+00
1836	1.327577	5.832	0	9.31	0	0	0.00E+00
1837	1.327501	5.794	0	9.38	0	0	0.00E+00
1838	1.327424	5.768	0	9.46	0	0	0.00E+00
1839	1.32735	5.728	0	9.54	0	0	0.00E+00
1840	1.327276	5.681	0	9.63	0	0	0.00E+00
1841	1.327203	5.68	0	9.72	0	0	0.00E+00
1842	1.327131	5.655	0	9.82	0	0	0.00E+00
1843	1.32706	5.648	0	9.93	0	0	0.00E+00
1844	1.326989	5.62	0	10.1	0	0	0.00E+00
1845	1.326919	5.594	0	10.2	0	0	0.00E+00
1846	1.326849	5.567	0	10.3	0	0	0.00E+00
1847	1.32678	5.557	0	10.4	0	0	0.00E+00
1848	1.326711	5.552	0	10.6	0	0	0.00E+00
1849	1.326643	5.553	0	10.7	0	0	0.00E+00
1850	1.326574	5.539	0	10.9	0	0	0.00E+00
1851	1.326506	5.523	0	11.1	0	0	0.00E+00
1852	1.326437	5.507	0	11.4	0	0	0.00E+00
1853	1.326369	5.505	0	11.6	0	0	0.00E+00
1854	1.3263	5.487	0	11.8	0	0	0.00E+00
1855	1.326231	5.474	0	12.1	0	0	0.00E+00
1856	1.326162	5.462	0	12.4	0	0	0.00E+00
1857	1.326092	5.45	0	12.7	0	0	0.00E+00
1858	1.326023	5.448	0	13	0	0	0.00E+00
1859	1.325952	5.441	0	13.3	0	0	0.00E+00
1860	1.325882	5.44	0	13.8	0	0	0.00E+00
1861	1.325812	5.442	0	14.1	0	0	0.00E+00
1862	1.325741	5.449	0	14.8	0	0	0.00E+00
1863	1.325671	5.466	0	15.3	0	0	0.00E+00
1864	1.3256	5.461	0	15.9	0	0	0.00E+00
1865	1.325529	5.452	0	16.4	0	0	0.00E+00
1866	1.325458	5.445	0	17.1	0	0	0.00E+00
1867	1.325386	5.412	0	17.7	0	0	0.00E+00
1868	1.325315	5.379	0	18.5	0	0	0.00E+00
1869	1.325243	5.28	0	19.2	0	0	0.00E+00
1870	1.325172	5.228	0	20.5	0	0	0.00E+00
1871	1.3251	5.199	0	21.5	0	0	0.00E+00
1872	1.325028	5.171	0	22.5	0	0	0.00E+00
1873	1.324957	5.139	0	23.7	0	0	0.00E+00
1874	1.324885	5.124	0	24.8	0	0	0.00E+00
1875	1.324813	5.112	0	26.2	0	0	0.00E+00
1876	1.324741	5.129	0	27.5	0	0	0.00E+00
1877	1.32467	5.144	0	29.7	0	0	0.00E+00
1878	1.324598	5.173	0	31.4	0	0	0.00E+00
1879	1.324527	5.176	0	33.2	0	0	0.00E+00
1880	1.324456	5.185	0	35	0	0	0.00E+00
1881	1.324386	5.183	0	37.2	0	0	0.00E+00
1882	1.324315	5.2	0	39.3	0	0	0.00E+00
1883	1.324245	5.202	0	42.7	0	0	0.00E+00
1884	1.324175	5.204	0	45.3	0	0	0.00E+00
1885	1.324106	5.224	0	47.9	0	0	0.00E+00
1886	1.324037	5.244	0	50.6	0	0	0.00E+00
1887	1.323968	5.297	0	53.6	0	0	0.00E+00
1888	1.3239	5.318	0	57.6	0	0	0.00E+00
1889	1.323833	5.375	0	60.9	0	0	0.00E+00
1890	1.323765	5.441	0	64	0	0	0.00E+00
1891	1.323699	5.491	0	67.2	0	0	0.00E+00
1892	1.323633	5.561	0	70.6	0	0	0.00E+00
1893	1.323567	5.629	0	75	0	0	0.00E+00
1894	1.323502	5.687	0	78.4	0	0	0.00E+00
1895	1.323437	5.757	0	81.6	0	0	0.00E+00
1896	1.323372	5.83	0	84.7	0	0	0.00E+00
1897	1.323308	5.911	0	87.5	0	0	0.00E+00
1898	1.323243	5.998	0	91.9	0	0	0.00E+00
1899	1.32318	6.09	0	94.6	0	0	0.00E+00
1900	1.323116	6.193	0	97.2	0	0	0.00E+00
1901	1.323053	6.33	0	100	0	0	0.00E+00
1902	1.322989	6.449	0	103	0	0	0.00E+00
1903	1.322926	6.581	0	106	0	0	0.00E+00
1904	1.322863	6.71	0	108	0	0	0.00E+00
1905	1.3228	6.838	0	110	0	0	0.00E+00
1906	1.322737	6.97	0	112	0	0	0.00E+00
1907	1.322674	7.107	0	114	0	0	0.00E+00
1908	1.322611	7.238	0	116	0	0	0.00E+00
1909	1.322548	7.388	0	117	0	0	0.00E+00
1910	1.322485	7.506	0	119	0	0	0.00E+00
1911	1.322422	7.635	0	120	0	0	0.00E+00
1912	1.322358	7.767	0	122	0	0	0.00E+00
1913	1.322294	7.874	0	123	0	0	0.00E+00
1914	1.32223	7.977	0	124	0	0	0.00E+00
1915	1.322166	8.071	0	125	0	0	0.00E+00
1916	1.322101	8.15	0	126	0	0	0.00E+00
1917	1.322035	8.22	0	126	0	0	0.00E+00
1918	1.32197	8.292	0	128	0	0	0.00E+00
1919	1.321903	8.35	0	128	0	0	0.00E+00
1920	1.321836	8.449	0	129	0	0	0.00E+00
1921	1.321768	8.521	0	129	0	0	0.00E+00
1922	1.3217	8.583	0	130	0	0	0.00E+00
1923	1.321631	8.666	0	130	0	0	0.00E+00
1924	1.321561	8.723	0	130	0	0	0.00E+00
1925	1.32149	8.759	0	130	0	0	0.00E+00
1926	1.32142	8.821	0	131	0	0	0.00E+00
1927	1.321348	8.864	0	131	0	0	0.00E+00
1928	1.321277	8.909	0	131	0	0	0.00E+00
1929	1.321205	8.941	0	130	0	0	0.00E+00
1930	1.321134	8.949	0	130	0	0	0.00E+00
1931	1.321062	8.955	0	130	0	0	0.00E+00
1932	1.32099	8.983	0	130	0	0	0.00E+00
1933	1.320919	9.022	0	130	0	0	0.00E+00
1934	1.320848	9.043	0	129	0	0	0.00E+00
1935	1.320777	9.044	0	129	0	0	0.00E+00
1936	1.320707	9.028	0	128	0	0	0.00E+00
1937	1.320638	9.034	0	127	0	0	0.00E+00
1938	1.320568	9.052	0	127	0	0	0.00E+00
1939	1.3205	9.048	0	126	0	0	0.00E+00
1940	1.320433	9.041	0	126	0	0	0.00E+00
1941	1.320367	9.037	0	125	0	0	0.00E+00
1942	1.3203	9.036	0	124	0	0	0.00E+00
1943	1.320235	9.035	0	123	0	0	0.00E+00
1944	1.32017	9.021	0	122	0	0	0.00E+00
1945	1.320106	9.016	0	122	0	0	0.00E+00
1946	1.320042	9.008	0	121	0	0	0.00E+00
1947	1.319978	8.97	0	120	0	0	0.00E+00
1948	1.319915	8.974	0	119	0	0	0.00E+00
1949	1.319851	8.953	0	118	0	0	0.00E+00
1950	1.319787	8.957	0	117	0	0	0.00E+00
1951	1.319724	8.937	0	116	0	0	0.00E+00
1952	1.31966	8.923	0	115	0	0	0.00E+00
1953	1.319595	8.912	0	114	0	0	0.00E+00
1954	1.319531	8.895	0	113	0	0	0.00E+00
1955	1.319466	8.891	0	112	0	0	0.00E+00
1956	1.3194	8.88	0	111	0	0	0.00E+00
1957	1.319333	8.867	0	110	0	0	0.00E+00
1958	1.319267	8.855	0	109	0	0	0.00E+00
1959	1.319199	8.852	0	108	0	0	0.00E+00
1960	1.319131	8.861	0	107	0	0	0.00E+00
1961	1.319062	8.864	0	106	0	0	0.00E+00
1962	1.318992	8.876	0	104	0	0	0.00E+00
1963	1.318922	8.869	0	104	0	0	0.00E+00
1964	1.318852	8.872	0	102	0	0	0.00E+00
1965	1.318781	8.855	0	101	0	0	0.00E+00
1966	1.31871	8.828	0	101	0	0	0.00E+00
1967	1.318638	8.839	0	99.3	0	0	0.00E+00
1968	1.318566	8.855	0	98.3	0	0	0.00E+00
1969	1.318493	8.856	0	97.1	0	0	0.00E+00
1970	1.318421	8.833	0	96.3	0	0	0.00E+00
1971	1.318347	8.842	0	94.9	0	0	0.00E+00
1972	1.318274	8.843	0	94.1	0	0	0.00E+00
1973	1.3182	8.83	0	93.4	0	0	0.00E+00
1974	1.318126	8.808	0	92.1	0	0	0.00E+00
1975	1.318052	8.818	0	91.2	0	0	0.00E+00
1976	1.317977	8.807	0	90.1	0	0	0.00E+00
1977	1.317902	8.797	0	89.3	0	0	0.00E+00
1978	1.317827	8.794	0	88	0	0	0.00E+00
1979	1.317752	8.791	0	87.2	0	0	0.00E+00
1980	1.317676	8.795	0	86.1	0	0	0.00E+00
1981	1.3176	8.771	0	85.3	0	0	0.00E+00
1982	1.317524	8.754	0	84.6	0	0	0.00E+00
1983	1.317447	8.759	0	83.4	0	0	0.00E+00
1984	1.31737	8.76	0	82.6	0	0	0.00E+00
1985	1.317292	8.746	0	81.5	0	0	0.00E+00
1986	1.317215	8.762	0	80.8	0	0	0.00E+00
1987	1.317137	8.778	0	79.7	0	0	0.00E+00
1988	1.317058	8.79	0	79	0	0	0.00E+00
1989	1.316979	8.795	0	78	0	0	0.00E+00
1990	1.3169	8.811	0	77.2	0	0	0.00E+00
1991	1.31682	8.848	0	76.3	0	0	0.00E+00
1992	1.31674	8.874	0	75.6	0	0	0.00E+00
1993	1.31666	8.885	0	74.6	0	0	0.00E+00
1994	1.316579	8.913	0	73.9	0	0	0.00E+00
1995	1.316497	8.944	0	73	0	0	0.00E+00
1996	1.316416	8.98	0	72.3	0	0	0.00E+00
1997	1.316334	8.988	0	71.4	0	0	0.00E+00
1998	1.316252	9.001	0	70.8	0	0	0.00E+00
1999	1.316169	9.034	0	69.9	0	0	0.00E+00
2000	1.316087	9.076	0	69.2	0	0	0.00E+00
2001	1.316003	9.111	0	68.7	0	0	0.00E+00
2002	1.31592	9.141	0	67.8	0	0	0.00E+00
2003	1.315836	9.171	0	66.9	0	0	0.00E+00
2004	1.315753	9.214	0	66.3	0	0	0.00E+00
2005	1.315669	9.255	0	65.5	0	0	0.00E+00
2006	1.315584	9.303	0	64.9	0	0	0.00E+00
2007	1.3155	9.356	0	64.1	0	0	0.00E+00
2008	1.315415	9.406	0	63.6	0	0	0.00E+00
2009	1.31533	9.448	0	62.8	0	0	0.00E+00
2010	1.315245	9.516	0	62.3	0	0	0.00E+00
2011	1.31516	9.578	0	61.6	0	0	0.00E+00
2012	1.315074	9.638	0	61.1	0	0	0.00E+00
2013	1.314988	9.692	0	60.3	0	0	0.00E+00
2014	1.314901	9.763	0	59.8	0	0	0.00E+00
2015	1.314814	9.845	0	59.1	0	0	0.00E+00
2016	1.314726	9.953	0	58.6	0	0	0.00E+00
2017	1.314638	10.04	0	57.9	0	0	0.00E+00
2018	1.314549	10.14	0	57.5	0	0	0.00E+00
2019	1.314459	10.27	0	56.8	0	0	0.00E+00
2020	1.314369	10.39	0	56.3	0	0	0.00E+00
2021	1.314278	10.52	0	55.7	0	0	0.00E+00
2022	1.314186	10.63	0	55	0	0	0.00E+00
2023	1.314093	10.77	0	54.6	0	0	0.00E+00
2024	1.314	10.91	0	54	0	0	0.00E+00
2025	1.313905	11.03	0	53.6	0	0	0.00E+00
2026	1.31381	11.19	0	52.9	0	0	0.00E+00
2027	1.313713	11.35	0	52.6	0	0	0.00E+00
2028	1.313617	11.5	0	52	0	0	0.00E+00
2029	1.313518	11.65	0	51.4	0	0	0.00E+00
2030	1.31342	11.81	0	51	0	0	0.00E+00
2031	1.31332	12.01	0	50.5	0	0	0.00E+00
2032	1.313221	12.17	0	50.1	0	0	0.00E+00
2033	1.31312	12.34	0	49.5	0	0	0.00E+00
2034	1.313019	12.51	0	49.2	0	0	0.00E+00
2035	1.312917	12.69	0	48.6	0	0	0.00E+00
2036	1.312816	12.87	0	48.1	0	0	0.00E+00
2037	1.312713	13.07	0	47.7	0	0	0.00E+00
2038	1.31261	13.25	0	47.2	0	0	0.00E+00
2039	1.312507	13.46	0	46.8	0	0	0.00E+00
2040	1.312404	13.64	0	46.3	0	0	0.00E+00
2041	1.3123	13.84	0	45.8	0	0	0.00E+00
2042	1.312196	14.03	0	45.5	0	0	0.00E+00
2043	1.312092	14.23	0	45	0	0	0.00E+00
2044	1.311988	14.41	0	44.7	0	0	0.00E+00
2045	1.311883	14.61	0	44.3	0	0	0.00E+00
2046	1.311779	14.81	0	43.8	0	0	0.00E+00
2047	1.311673	14.99	0	43.5	0	0	0.00E+00
2048	1.311568	15.17	0	43	0	0	0.00E+00
2049	1.311463	15.34	0	42.7	0	0	0.00E+00
2050	1.311357	15.54	0	42.3	0	0	0.00E+00
2051	1.311251	15.71	0	41.9	0	0	0.00E+00
2052	1.311145	15.91	0	41.6	0	0	0.00E+00
2053	1.311038	16.07	0	41.2	0	0	0.00E+00
2054	1.310931	16.22	0	40.7	0	0	0.00E+00
2055	1.310824	16.37	0	40.5	0	0	0.00E+00
2056	1.310716	16.53	0	40	0	0	0.00E+00
2057	1.310608	16.67	0	39.8	0	0	0.00E+00
2058	1.3105	16.78	0	39.3	0	0	0.00E+00
2059	1.310391	16.9	0	38.9	0	0	0.00E+00
2060	1.310282	16.98	0	38.7	0	0	0.00E+00
2061	1.310173	17.08	0	38.3	0	0	0.00E+00
2062	1.310063	17.18	0	37.9	0	0	0.00E+00
2063	1.309953	17.25	0	37.6	0	0	0.00E+00
2064	1.309843	17.34	0	37.3	0	0	0.00E+00
2065	1.309732	17.39	0	36.9	0	0	0.00E+00
2066	1.30962	17.48	0	36.6	0	0	0.00E+00
2067	1.309508	17.55	0	36.3	0	0	0.00E+00
2068	1.309397	17.61	0	35.9	0	0	0.00E+00
2069	1.309284	17.67	0	35.7	0	0	0.00E+00
2070	1.309171	17.71	0	35.4	0	0	0.00E+00
2071	1.309058	17.77	0	35	0	0	0.00E+00
2072	1.308944	17.83	0	34.8	0	0	0.00E+00
2073	1.30883	17.87	0	34.5	0	0	0.00E+00
2074	1.308715	17.94	0	34.1	0	0	0.00E+00
2075	1.3086	17.95	0	33.9	0	0	0.00E+00
2076	1.308485	17.99	0	33.6	0	0	0.00E+00
2077	1.308368	18.05	0	33.3	0	0	0.00E+00
2078	1.308252	18.09	0	33.1	0	0	0.00E+00
2079	1.308135	18.13	0	32.8	0	0	0.00E+00
2080	1.308019	18.2	0	32.5	0	0	0.00E+00
2081	1.307901	18.27	0	32.3	0	0	0.00E+00
2082	1.307784	18.3	0	32	0	0	0.00E+00
2083	1.307666	18.35	0	31.7	0	0	0.00E+00
2084	1.307548	18.41	0	31.5	0	0	0.00E+00
2085	1.30743	18.46	0	31.3	0	0	0.00E+00
2086	1.307311	18.52	0	31	0	0	0.00E+00
2087	1.307193	18.56	0	30.7	0	0	0.00E+00
2088	1.307074	18.61	0	30.5	0	0	0.00E+00
2089	1.306956	18.66	0	30.3	0	0	0.00E+00
2090	1.306837	18.71	0	30	0	0	0.00E+00
2091	1.306719	18.76	0	29.8	0	0	0.00E+00
2092	1.3066	18.81	0	29.6	0	0	0.00E+00
2093	1.306482	18.85	0	29.3	0	0	0.00E+00
2094	1.306363	18.9	0	29.1	0	0	0.00E+00
2095	1.306245	18.96	0	28.9	0	0	0.00E+00
2096	1.306126	19.03	0	28.6	0	0	0.00E+00
2097	1.306008	19.07	0	28.4	0	0	0.00E+00
2098	1.30589	19.11	0	28.2	0	0	0.00E+00
2099	1.305772	19.16	0	28	0	0	0.00E+00
2100	1.305654	19.21	0	27.8	0	0	0.00E+00
2101	1.305537	19.27	0	27.5	0	0	0.00E+00
2102	1.305419	19.29	0	27.4	0	0	0.00E+00
2103	1.305302	19.32	0	27.1	0	0	0.00E+00
2104	1.305184	19.35	0	26.9	0	0	0.00E+00
2105	1.305067	19.36	0	26.7	0	0	0.00E+00
2106	1.30495	19.4	0	26.6	0	0	0.00E+00
2107	1.304833	19.43	0	26.4	0	0	0.00E+00
2108	1.304717	19.47	0	26.2	0	0	0.00E+00
2109	1.3046	19.51	0	26	0	0	0.00E+00
2110	1.304484	19.53	0	25.8	0	0	0.00E+00
2111	1.304368	19.56	0	25.7	0	0	0.00E+00
2112	1.304251	19.6	0	25.5	0	0	0.00E+00
2113	1.304135	19.61	0	25.3	0	0	0.00E+00
2114	1.304019	19.62	0	25.2	0	0	0.00E+00
2115	1.303903	19.66	0	25	0	0	0.00E+00
2116	1.303786	19.66	0	24.8	0	0	0.00E+00
2117	1.30367	19.69	0	24.7	0	0	0.00E+00
2118	1.303553	19.7	0	24.5	0	0	0.00E+00
2119	1.303435	19.72	0	24.4	0	0	0.00E+00
2120	1.303318	19.74	0	24.2	0	0	0.00E+00
2121	1.303199	19.74	0	24	0	0	0.00E+00
2122	1.303081	19.76	0	23.9	0	0	0.00E+00
2123	1.302961	19.78	0	23.7	0	0	0.00E+00
2124	1.302842	19.79	0	23.6	0	0	0.00E+00
2125	1.302721	19.82	0	23.4	0	0	0.00E+00
2126	1.3026	19.82	0	23.3	0	0	0.00E+00
2127	1.302478	19.83	0	23.2	0	0	0.00E+00
2128	1.302355	19.86	0	23	0	0	0.00E+00
2129	1.302231	19.88	0	22.9	0	0	0.00E+00
2130	1.302108	19.89	0	22.8	0	0	0.00E+00
2131	1.301983	19.89	0	22.6	0	0	0.00E+00
2132	1.301859	19.93	0	22.5	0	0	0.00E+00
2133	1.301734	19.93	0	22.4	0	0	0.00E+00
2134	1.301609	19.97	0	22.3	0	0	0.00E+00
2135	1.301485	20.01	0	22.1	0	0	0.00E+00
2136	1.30136	20.01	0	22	0	0	0.00E+00
2137	1.301236	20.04	0	21.9	0	0	0.00E+00
2138	1.301112	20.07	0	21.8	0	0	0.00E+00
2139	1.300988	20.11	0	21.7	0	0	0.00E+00
2140	1.300865	20.13	0	21.6	0	0	0.00E+00
2141	1.300743	20.15	0	21.5	0	0	0.00E+00
2142	1.300621	20.17	0	21.4	0	0	0.00E+00
2143	1.300501	20.19	0	21.3	0	0	0.00E+00
2144	1.30038	20.22	0	21.2	0	0	0.00E+00
2145	1.300262	20.23	0	21.1	0	0	0.00E+00
2146	1.300143	20.23	0	21	0	0	0.00E+00
2147	1.300026	20.26	0	20.9	0	0	0.00E+00
2148	1.299908	20.27	0	20.8	0	0	0.00E+00
2149	1.299792	20.29	0	20.8	0	0	0.00E+00
2150	1.299675	20.28	0	20.7	0	0	0.00E+00
2151	1.299559	20.27	0	20.6	0	0	0.00E+00
2152	1.299442	20.29	0	20.5	0	0	0.00E+00
2153	1.299326	20.29	0	20.4	0	0	0.00E+00
2154	1.29921	20.31	0	20.3	0	0	0.00E+00
2155	1.299093	20.29	0	20.3	0	0	0.00E+00
2156	1.298976	20.26	0	20.2	0	0	0.00E+00
2157	1.298857	20.3	0	20.1	0	0	0.00E+00
2158	1.298739	20.3	0	20	0	0	0.00E+00
2159	1.29862	20.3	0	19.9	0	0	0.00E+00
2160	1.2985	20.3	0	19.9	0	0	0.00E+00
2161	1.298379	20.31	0	19.8	0	0	0.00E+00
2162	1.298257	20.29	0	19.8	0	0	0.00E+00
2163	1.298134	20.29	0	19.7	0	0	0.00E+00
2164	1.298011	20.26	0	19.6	0	0	0.00E+00
2165	1.297887	20.25	0	19.6	0	0	0.00E+00
2166	1.297763	20.23	0	19.5	0	0	0.00E+00
2167	1.297638	20.2	0	19.5	0	0	0.00E+00
2168	1.297513	20.16	0	19.4	0	0	0.00E+00
2169	1.297388	20.15	0	19.4	0	0	0.00E+00
2170	1.297263	20.12	0	19.3	0	0	0.00E+00
2171	1.297139	20.09	0	19.3	0	0	0.00E+00
2172	1.297014	20.07	0	19.2	0	0	0.00E+00
2173	1.29689	20.03	0	19.2	0	0	0.00E+00
2174	1.296767	19.98	0	19.1	0	0	0.00E+00
2175	1.296644	19.95	0	19.1	0	0	0.00E+00
2176	1.296521	19.91	0	19	0	0	0.00E+00
2177	1.296401	19.86	0	19	0	0	0.00E+00
2178	1.29628	19.8	0	19	0	0	0.00E+00
2179	1.29616	19.75	0	18.9	0	0	0.00E+00
2180	1.296041	19.69	0	18.8	0	0	0.00E+00
2181	1.295923	19.64	0	18.8	0	0	0.00E+00
2182	1.295806	19.59	0	18.7	0	0	0.00E+00
2183	1.295689	19.53	0	18.7	0	0	0.00E+00
2184	1.295572	19.47	0	18.7	0	0	0.00E+00
2185	1.295455	19.41	0	18.6	0	0	0.00E+00
2186	1.295339	19.36	0	18.6	0	0	0.00E+00
2187	1.295222	19.31	0	18.5	0	0	0.00E+00
2188	1.295106	19.22	0	18.5	0	0	0.00E+00
2189	1.294989	19.18	0	18.4	0	0	0.00E+00
2190	1.294872	19.12	0	18.4	0	0	0.00E+00
2191	1.294755	19.05	0	18.4	0	0	0.00E+00
2192	1.294637	18.99	0	18.4	0	0	0.00E+00
2193	1.294519	18.9	0	18.4	0	0	0.00E+00
2194	1.2944	18.85	0	18.4	0	0	0.00E+00
2195	1.29428	18.81	0	18.4	0	0	0.00E+00
2196	1.29416	18.74	0	18.4	0	0	0.00E+00
2197	1.294038	18.67	0	18.4	0	0	0.00E+00
2198	1.293917	18.61	0	18.3	0	0	0.00E+00
2199	1.293794	18.58	0	18.3	0	0	0.00E+00
2200	1.293672	18.52	0	18.3	0	0	0.00E+00
2201	1.293548	18.46	0	18.3	0	0	0.00E+00
2202	1.293424	18.4	0	18.3	0	0	0.00E+00
2203	1.2933	18.34	0	18.3	0	0	0.00E+00
2204	1.293176	18.29	0	18.3	0	0	0.00E+00
2205	1.293051	18.24	0	18.3	0	0	0.00E+00
2206	1.292926	18.18	0	18.3	0	0	0.00E+00
2207	1.292801	18.13	0	18.3	0	0	0.00E+00
2208	1.292676	18.07	0	18.3	0	0	0.00E+00
2209	1.292551	18.03	0	18.3	0	0	0.00E+00
2210	1.292425	17.98	0	18.3	0	0	0.00E+00
2211	1.2923	17.92	0	18.3	0	0	0.00E+00
2212	1.292175	17.87	0	18.3	0	0	0.00E+00
2213	1.29205	17.82	0	18.3	0	0	0.00E+00
2214	1.291925	17.8	0	18.3	0	0	0.00E+00
2215	1.2918	17.75	0	18.3	0	0	0.00E+00
2216	1.291676	17.73	0	18.3	0	0	0.00E+00
2217	1.291552	17.68	0	18.3	0	0	0.00E+00
2218	1.291427	17.68	0	18.4	0	0	0.00E+00
2219	1.291304	17.66	0	18.4	0	0	0.00E+00
2220	1.29118	17.63	0	18.4	0	0	0.00E+00
2221	1.291056	17.62	0	18.4	0	0	0.00E+00
2222	1.290933	17.63	0	18.4	0	0	0.00E+00
2223	1.29081	17.64	0	18.4	0	0	0.00E+00
2224	1.290687	17.64	0	18.4	0	0	0.00E+00
2225	1.290565	17.66	0	18.4	0	0	0.00E+00
2226	1.290443	17.7	0	18.5	0	0	0.00E+00
2227	1.290322	17.74	0	18.5	0	0	0.00E+00
2228	1.2902	17.79	0	18.5	0	0	0.00E+00
2229	1.290079	17.86	0	18.5	0	0	0.00E+00
2230	1.289958	17.95	0	18.6	0	0	0.00E+00
2231	1.289838	18.03	0	18.6	0	0	0.00E+00
2232	1.289718	18.14	0	18.6	0	0	0.00E+00
2233	1.289599	18.25	0	18.6	0	0	0.00E+00
2234	1.28948	18.36	0	18.6	0	0	0.00E+00
2235	1.289362	18.51	0	18.7	0	0	0.00E+00
2236	1.289243	18.66	0	18.7	0	0	0.00E+00
2237	1.289126	18.81	0	18.7	0	0	0.00E+00
2238	1.289008	18.95	0	18.8	0	0	0.00E+00
2239	1.288892	19.13	0	18.8	0	0	0.00E+00
2240	1.288775	19.31	0	18.9	0	0	0.00E+00
2241	1.288659	19.51	0	18.9	0	0	0.00E+00
2242	1.288544	19.72	0	19	0	0	0.00E+00
2243	1.288429	19.94	0	19	0	0	0.00E+00
2244	1.288314	20.17	0	19.1	0	0	0.00E+00
2245	1.2882	20.4	0	19.1	0	0	0.00E+00
2246	1.288087	20.65	0	19.2	0	0	0.00E+00
2247	1.287974	20.89	0	19.2	0	0	0.00E+00
2248	1.287861	21.14	0	19.3	0	0	0.00E+00
2249	1.287749	21.4	0	19.3	0	0	0.00E+00
2250	1.287637	21.63	0	19.4	0	0	0.00E+00
2251	1.287525	21.86	0	19.5	0	0	0.00E+00
2252	1.287413	22.1	0	19.5	0	0	0.00E+00
2253	1.287302	22.36	0	19.6	0	0	0.00E+00
2254	1.287191	22.62	0	19.7	0	0	0.00E+00
2255	1.28708	22.9	0	19.7	0	0	0.00E+00
2256	1.286969	23.13	0	19.8	0	0	0.00E+00
2257	1.286857	23.39	0	19.8	0	0	0.00E+00
2258	1.286746	23.61	0	19.9	0	0	0.00E+00
2259	1.286635	23.86	0	20	0	0	0.00E+00
2260	1.286524	24.1	0	20	0	0	0.00E+00
2261	1.286412	24.34	0	20.1	0	0	0.00E+00
2262	1.2863	24.55	0	20.2	0	0	0.00E+00
2263	1.286188	24.79	0	20.3	0	0	0.00E+00
2264	1.286075	24.99	0	20.4	0	0	0.00E+00
2265	1.285963	25.21	0	20.5	0	0	0.00E+00
2266	1.28585	25.41	0	20.5	0	0	0.00E+00
2267	1.285737	25.62	0	20.6	0	0	0.00E+00
2268	1.285624	25.83	0	20.7	0	0	0.00E+00
2269	1.285512	26.05	0	20.8	0	0	0.00E+00
2270	1.285399	26.26	0	20.9	0	0	0.00E+00
2271	1.285287	26.43	0	20.9	0	0	0.00E+00
2272	1.285174	26.57	0	21	0	0	0.00E+00
2273	1.285062	26.74	0	21.1	0	0	0.00E+00
2274	1.284951	26.88	0	21.3	0	0	0.00E+00
2275	1.28484	27.01	0	21.4	0	0	0.00E+00
2276	1.284729	27.18	0	21.5	0	0	0.00E+00
2277	1.284619	27.32	0	21.5	0	0	0.00E+00
2278	1.284509	27.42	0	21.6	0	0	0.00E+00
2279	1.2844	27.54	0	21.7	0	0	0.00E+00
2280	1.284292	27.63	0	21.8	0	0	0.00E+00
2281	1.284185	27.77	0	21.9	0	0	0.00E+00
2282	1.284077	27.94	0	22	0	0	0.00E+00
2283	1.283971	28.04	0	22.1	0	0	0.00E+00
2284	1.283865	28.21	0	22.2	0	0	0.00E+00
2285	1.283759	28.36	0	22.3	0	0	0.00E+00
2286	1.283653	28.5	0	22.5	0	0	0.00E+00
2287	1.283548	28.63	0	22.6	0	0	0.00E+00
2288	1.283443	28.78	0	22.8	0	0	0.00E+00
2289	1.283338	28.96	0	22.9	0	0	0.00E+00
2290	1.283233	29.13	0	23	0	0	0.00E+00
2291	1.283128	29.22	0	23.1	0	0	0.00E+00
2292	1.283023	29.37	0	23.3	0	0	0.00E+00
2293	1.282918	29.47	0	23.4	0	0	0.00E+00
2294	1.282812	29.6	0	23.5	0	0	0.00E+00
2295	1.282706	29.7	0	23.6	0	0	0.00E+00
2296	1.2826	29.82	0	23.8	0	0	0.00E+00
2297	1.282493	29.97	0	23.9	0	0	0.00E+00
2298	1.282386	30.06	0	24.1	0	0	0.00E+00
2299	1.282279	30.18	0	24.2	0	0	0.00E+00
2300	1.282171	30.28	0	24.3	0	0	0.00E+00
2301	1.282063	30.4	0	24.4	0	0	0.00E+00
2302	1.281956	30.53	0	24.6	0	0	0.00E+00
2303	1.281848	30.6	0	24.7	0	0	0.00E+00
2304	1.281741	30.66	0	24.9	0	0	0.00E+00
2305	1.281634	30.7	0	25	0	0	0.00E+00
2306	1.281527	30.76	0	25.2	0	0	0.00E+00
2307	1.281421	30.78	0	25.3	0	0	0.00E+00
2308	1.281315	30.75	0	25.5	0	0	0.00E+00
2309	1.281211	30.74	0	25.6	0	0	0.00E+00
2310	1.281106	30.72	0	25.8	0	0	0.00E+00
2311	1.281004	30.65	0	25.9	0	0	0.00E+00
2312	1.280901	30.58	0	26.1	0	0	0.00E+00
2313	1.280801	30.51	0	26.2	0	0	0.00E+00
2314	1.2807	30.45	0	26.5	0	0	0.00E+00
2315	1.280602	30.34	0	26.6	0	0	0.00E+00
2316	1.280504	30.29	0	26.8	0	0	0.00E+00
2317	1.280409	30.23	0	27	0	0	0.00E+00
2318	1.280313	30.15	0	27.1	0	0	0.00E+00
2319	1.280221	30.04	0	27.3	0	0	0.00E+00
2320	1.280128	30	0	27.4	0	0	0.00E+00
2321	1.280039	29.98	0	27.6	0	0	0.00E+00
2322	1.279949	29.91	0	27.9	0	0	0.00E+00
2323	1.279863	29.86	0	28	0	0	0.00E+00
2324	1.279776	29.84	0	28.2	0	0	0.00E+00
2325	1.279693	29.81	0	28.4	0	0	0.00E+00
2326	1.27961	29.76	0	28.6	0	0	0.00E+00
2327	1.279531	29.73	0	28.7	0	0	0.00E+00
2328	1.279451	29.76	0	29	0	0	0.00E+00
2329	1.279376	29.77	0	29.2	0	0	0.00E+00
2330	1.2793	29.79	0	29.3	0	0	0.00E+00
2331	1.279228	29.81	0	29.5	0	0	0.00E+00
2332	1.279156	29.85	0	29.7	0	0	0.00E+00
2333	1.279087	29.89	0	29.9	0	0	0.00E+00
2334	1.279018	29.99	0	30	0	0	0.00E+00
2335	1.27895	30	0	30.4	0	0	0.00E+00
2336	1.278883	30.05	0	30.5	0	0	0.00E+00
2337	1.278816	30.07	0	30.7	0	0	0.00E+00
2338	1.278749	30.11	0	30.9	0	0	0.00E+00
2339	1.278681	30.17	0	31.1	0	0	0.00E+00
2340	1.278614	30.22	0	31.4	0	0	0.00E+00
2341	1.278545	30.23	0	31.6	0	0	0.00E+00
2342	1.278475	30.29	0	31.8	0	0	0.00E+00
2343	1.278403	30.28	0	32	0	0	0.00E+00
2344	1.278331	30.29	0	32.2	0	0	0.00E+00
2345	1.278256	30.27	0	32.4	0	0	0.00E+00
2346	1.27818	30.27	0	32.7	0	0	0.00E+00
2347	1.278099	30.24	0	32.9	0	0	0.00E+00
2348	1.278018	30.19	0	33.1	0	0	0.00E+00
2349	1.277932	30.1	0	33.3	0	0	0.00E+00
2350	1.277846	30.1	0	33.5	0	0	0.00E+00
2351	1.277755	30.03	0	33.9	0	0	0.00E+00
2352	1.277665	29.93	0	34	0	0	0.00E+00
2353	1.277571	29.83	0	34.3	0	0	0.00E+00
2354	1.277478	29.84	0	34.5	0	0	0.00E+00
2355	1.277382	29.75	0	34.7	0	0	0.00E+00
2356	1.277285	29.66	0	34.9	0	0	0.00E+00
2357	1.277187	29.58	0	35.3	0	0	0.00E+00
2358	1.27709	29.48	0	35.5	0	0	0.00E+00
2359	1.276991	29.3	0	35.7	0	0	0.00E+00
2360	1.276892	29.26	0	35.9	0	0	0.00E+00
2361	1.276794	29.2	0	36.1	0	0	0.00E+00
2362	1.276695	29.13	0	36.6	0	0	0.00E+00
2363	1.276598	29.02	0	36.8	0	0	0.00E+00
2364	1.2765	28.9	0	37	0	0	0.00E+00
2365	1.276404	28.82	0	37.2	0	0	0.00E+00
2366	1.276308	28.72	0	37.6	0	0	0.00E+00
2367	1.276214	28.73	0	37.8	0	0	0.00E+00
2368	1.276121	28.7	0	38	0	0	0.00E+00
2369	1.276029	28.65	0	38.3	0	0	0.00E+00
2370	1.275937	28.58	0	38.5	0	0	0.00E+00
2371	1.275847	28.54	0	38.9	0	0	0.00E+00
2372	1.275757	28.5	0	39.1	0	0	0.00E+00
2373	1.275669	28.46	0	39.4	0	0	0.00E+00
2374	1.275581	28.38	0	39.6	0	0	0.00E+00
2375	1.275495	28.34	0	40.1	0	0	0.00E+00
2376	1.27541	28.23	0	40.2	0	0	0.00E+00
2377	1.275326	28.2	0	40.5	0	0	0.00E+00
2378	1.275242	28.17	0	40.8	0	0	0.00E+00
2379	1.275161	28.09	0	41	0	0	0.00E+00
2380	1.27508	28.03	0	41.5	0	0	0.00E+00
2381	1.275001	28.03	0	41.7	0	0	0.00E+00
2382	1.274922	28.01	0	42	0	0	0.00E+00
2383	1.274845	27.94	0	42.2	0	0	0.00E+00
2384	1.274768	27.91	0	42.7	0	0	0.00E+00
2385	1.274693	27.9	0	42.9	0	0	0.00E+00
2386	1.274618	27.84	0	43.2	0	0	0.00E+00
2387	1.274546	27.79	0	43.4	0	0	0.00E+00
2388	1.274473	27.81	0	43.9	0	0	0.00E+00
2389	1.274402	27.82	0	44.1	0	0	0.00E+00
2390	1.274331	27.81	0	44.4	0	0	0.00E+00
2391	1.274262	27.81	0	44.6	0	0	0.00E+00
2392	1.274194	27.83	0	45.1	0	0	0.00E+00
2393	1.274126	27.85	0	45.4	0	0	0.00E+00
2394	1.274059	27.85	0	45.6	0	0	0.00E+00
2395	1.273994	27.82	0	45.9	0	0	0.00E+00
2396	1.273928	27.82	0	46.4	0	0	0.00E+00
2397	1.273864	27.79	0	46.6	0	0	0.00E+00
2398	1.2738	27.79	0	46.9	0	0	0.00E+00
2399	1.273737	27.78	0	47.1	0	0	0.00E+00
2400	1.273675	27.83	0	47.6	0	0	0.00E+00
