 -2.1477273e+000
  1.7772727e-002
  1.5272727e+000
 -6.2272727e+000
  1.0431818e+001
  7.3409091e+000
  1.5977273e+001
  1.9181818e+001
  3.1818182e+001
  1.7500000e+001
  2.7500000e+001
  3.4545455e+001
  1.1886364e+001
  2.7045455e+001
  1.5772727e+001
  1.7113636e+001
  1.6863636e+001
  1.6318182e+001
  2.3181818e+001
  1.5704545e+001
  1.4204545e+001
  5.2045455e+000
  1.3568182e+001
  1.0750000e+001
  1.8522727e+000
  5.0000000e-001
 -6.2045455e-001
 -1.1136364e+000
 -1.1795455e+000
 -1.5045455e+000
 -2.5681818e+000
 -1.7613636e+000
 -1.0727273e+000
 -1.9568182e+000
 -3.7045455e+000
 -2.6136364e+000
 -1.7136364e+000
 -4.1590909e+000
 -2.0886364e+000
 -4.9772727e+000
 -5.0681818e+000
 -4.3181818e+000
 -2.4090909e+000
 -5.6590909e+000
 -1.6795455e+000
 -8.3636364e-002
  2.6590909e+000
  9.2500000e+000
  1.0954545e+001
  1.4477273e+001
  1.9590909e+001
  2.3181818e+001
  2.1500000e+001
  2.1318182e+001
  1.9886364e+001
  2.0136364e+001
  2.0272727e+001
  2.2295455e+001
  2.5000000e+001
  1.7409091e+001
  1.1636364e+001
  1.8454545e+001
  1.6840909e+001
  2.2250000e+001
  1.1613636e+001
  1.1954545e+001
  8.2500000e+000
  1.1227273e+001
  1.0136364e+001
  6.2045455e+000
  4.5227273e+000
 -1.7340909e-001
  2.6363636e+000
  1.7136364e+000
  6.3863636e-002
 -1.4522727e+000
  2.3181818e+000
 -1.1045455e+000
 -3.2045455e-001
  1.9363636e-001
 -1.5181818e-001
  3.2954545e-001
  5.7727273e-001
 -6.1136364e-001
  2.1681818e-001
 -2.1022727e+000
 -4.2045455e+000
 -1.3636364e+000
 -2.2068182e+000
 -6.2500000e+000
 -2.7954545e+000
 -3.5909091e+000
 -2.9772727e+000
 -1.0159091e+000
  2.4090909e+000
  6.7500000e+000
  7.4545455e+000
  7.1136364e+000
  1.2068182e+001
  1.5295455e+001
  2.1181818e+001
  1.5272727e+001
  1.8818182e+001
  1.8795455e+001
  2.0295455e+001
  1.7068182e+001
  1.4181818e+001
  1.6204545e+001
  1.6568182e+001
  2.0500000e+001
  1.9272727e+001
  1.8886364e+001
  1.1340909e+001
  1.3250000e+001
  1.0431818e+001
  7.2272727e+000
  7.7500000e+000
  9.5909091e+000
  5.4545455e+000
  8.4090909e-002
  2.2250000e+000
 -1.5704545e-001
 -2.7045455e+000
 -2.6590909e+000
  1.0318182e-001
 -6.4090909e-002
 -1.3272727e+000
  1.0704545e+000
  9.2500000e-001
  5.5909091e-001
 -1.1295455e-001
  5.9090909e+000
  5.5454545e+000
 -1.7977273e+000
 -1.8613636e+000
 -2.4318182e-001
 -5.1590909e+000
 -6.3409091e+000
 -5.4090909e+000
 -5.3181818e+000
 -1.0113636e+001
 -3.2500000e+000
  2.1386364e+000
  1.5454545e+000
  7.5000000e+000
  5.7727273e+000
  2.7500000e+000
  1.1454545e+001
  1.4204545e+001
  5.2500000e+000
  9.3863636e+000
  1.2318182e+001
  2.3636364e+001
  1.9431818e+001
  2.8636364e+001
  2.3181818e+001
  2.5454545e+001
  1.9909091e+001
  1.7863636e+001
  2.3636364e+001
  1.8636364e+001
  2.1568182e+001
  1.9931818e+001
  1.3477273e+001
  1.7931818e+001
  1.2500000e+001
  9.4318182e+000
  4.4318182e+000
  2.1136364e+000
 -6.5909091e-001
 -5.0000000e-001
 -1.9863636e+000
 -2.3409091e+000
 -2.5227273e+000
 -6.8181818e+000
 -4.3636364e+000
 -7.2954545e+000
 -2.6590909e+000
 -1.6454545e+000
 -3.1363636e+000
 -2.3863636e+000
 -1.9159091e+000
 -2.3409091e+000
 -2.9090909e+000
 -3.2727273e+000
 -3.9545455e+000
 -8.9090909e+000
 -4.8636364e+000
 -4.8181818e+000
 -5.2500000e+000
 -4.1818182e+000
  2.6818182e+000
  6.9090909e+000
  8.3181818e+000
  1.6136364e+001
  1.3522727e+001
  1.7363636e+001
  2.1159091e+001
  2.3863636e+001
  2.6590909e+001
  1.6500000e+001
  2.0318182e+001
  2.1522727e+001
  1.7181818e+001
  2.1954545e+001
  2.9772727e+001
  2.1909091e+001
  2.1704545e+001
  2.4772727e+001
  2.3863636e+001
  1.3704545e+001
  1.3363636e+001
  1.7590909e+001
  1.4795455e+001
