 -3.1907586e+000
 -3.3286556e+000
 -3.0993548e+000
 -2.8146207e+000
 -2.3128444e+000
 -1.8704301e+000
 -3.1370968e-001
 -2.7340230e-001
  5.1236667e-001
  1.7733118e+000
  2.2925517e+000
  1.7836333e+000
  1.1573333e+000
  3.1246322e+000
  2.1871222e+000
  1.8941290e+000
  2.0609310e+000
  2.1830000e+000
  2.3508817e+000
  1.5294138e+000
  1.6778556e+000
  1.5663226e+000
  1.5600575e+000
  1.7160778e+000
  1.2896452e+000
  8.2770115e-001
  1.2697778e-001
 -2.5290323e-002
 -2.5994253e-001
 -4.5524444e-001
 -6.3465591e-001
 -8.1043678e-001
 -9.4747778e-001
 -1.0437419e+000
 -9.9380460e-001
 -1.0092444e+000
 -9.1201075e-001
 -1.0059195e+000
 -1.0078556e+000
 -1.0476559e+000
 -1.1528736e+000
 -1.3412778e+000
 -1.6910753e+000
 -1.8291494e+000
 -2.0970889e+000
 -2.2233333e+000
 -1.5495172e+000
 -5.1338889e-001
  4.5551613e-001
  1.1994943e+000
  2.3120222e+000
  3.9571183e+000
  5.3329770e+000
  6.9134111e+000
  5.1241398e+000
  5.4105057e+000
  7.7593000e+000
  8.2902688e+000
  7.3667471e+000
  7.2238333e+000
  7.4520860e+000
  8.4590690e+000
  7.8103889e+000
  7.4823978e+000
  7.3155747e+000
  6.9527444e+000
  6.8743763e+000
  6.4345287e+000
  6.9184889e+000
  6.7728495e+000
  6.4527586e+000
  5.8899556e+000
  5.1311398e+000
  4.6763103e+000
  3.8823778e+000
  2.5416989e+000
  1.6283908e+000
  7.4788889e-001
  1.3496774e-001
 -4.6011494e-001
 -7.2098889e-001
 -7.5088172e-001
 -6.4657471e-001
 -6.7996667e-001
 -7.1056989e-001
 -7.3211494e-001
 -9.7374444e-001
 -1.0240645e+000
 -8.7036782e-001
 -9.4893333e-001
 -1.1140538e+000
 -9.1995402e-001
 -4.2023333e-001
  2.6900000e-001
  1.6098851e+000
  2.5400222e+000
  3.4474194e+000
  4.3134023e+000
  5.4291556e+000
  6.4286022e+000
  7.8525057e+000
  9.0984889e+000
  9.9000753e+000
  1.0224195e+001
  1.0961244e+001
  1.1311602e+001
  1.1239540e+001
  1.1586556e+001
  1.1664731e+001
  1.1620920e+001
  1.2197667e+001
  1.2231290e+001
  1.1045632e+001
  1.0963889e+001
  1.1341183e+001
  1.0889655e+001
  1.0534889e+001
  1.0762796e+001
  1.0453793e+001
  1.0193200e+001
  9.6295699e+000
  8.0924943e+000
  7.1246000e+000
  6.1695591e+000
  5.3597011e+000
  4.8635000e+000
  4.3280430e+000
  3.8980230e+000
  3.5423222e+000
  3.3219570e+000
  3.3378046e+000
  2.7364111e+000
  2.3391935e+000
  2.1631264e+000
  2.0483333e+000
  1.9395484e+000
  2.0485517e+000
  1.9395222e+000
  1.9656237e+000
  2.2304368e+000
  2.8203556e+000
  3.9516882e+000
  4.8801149e+000
  6.1934333e+000
  7.5434301e+000
  7.8047356e+000
  7.6910778e+000
  9.0507204e+000
  9.0380805e+000
  8.3478222e+000
  8.1207957e+000
  8.1555977e+000
  8.9952000e+000
  6.2906667e+000
  5.7557931e+000
  4.8131889e+000
  5.4530968e+000
  5.2012299e+000
  4.8027000e+000
  5.0160108e+000
  5.1679080e+000
  5.7588000e+000
  5.4570430e+000
  5.0933333e+000
  4.6324444e+000
  4.6771828e+000
  3.6652414e+000
  2.9877778e+000
  2.1927097e+000
  1.7106667e+000
  1.5414778e+000
  1.2233226e+000
  9.5305747e-001
  5.0417778e-001
  3.8335484e-001
  5.2235632e-001
  6.6015556e-001
  3.3469892e-001
 -3.9324138e-001
 -8.5291111e-001
 -1.2529570e+000
 -1.5532529e+000
 -1.4402778e+000
 -1.0597527e+000
 -4.3716092e-001
  2.6485556e-001
  9.5165591e-001
  1.2577586e+000
  1.3908000e+000
  1.4488065e+000
  1.3741034e+000
  1.7137222e+000
  1.9062903e+000
  2.0941379e+000
  1.9657556e+000
  2.9926237e+000
  4.4144828e+000
  3.8261333e+000
  3.5272258e+000
  3.9123218e+000
  2.8823111e+000
  3.6176559e+000
  3.7116437e+000
  3.4056111e+000
  3.9450645e+000
  5.0050345e+000
  4.4161444e+000
  4.3881398e+000
  4.4792874e+000
  3.9600444e+000
  3.7445269e+000
  3.3710690e+000
  3.4321000e+000
  2.9034301e+000
