 -2.3379000e+001
 -2.0070000e+001
 -1.5869000e+001
 -8.4569000e+000
 -5.4142000e-001
 -1.2554000e+000
  2.6774000e+001
  1.7232000e+001
  8.9962000e+001
  9.3952000e+001
  1.7130000e+002
  2.9026000e+002
  4.1385000e+001
  2.8682000e+002
  9.7482000e+001
  5.5950000e+001
  9.1247000e+001
  7.0944000e+001
  2.3124000e+002
  2.0179000e+002
  4.5197000e+001
  1.4262000e+001
  8.9876000e+001
  2.6520000e+001
 -1.4460000e+000
 -1.0352000e+001
 -6.7725000e+000
 -7.2310000e+000
 -5.2322000e+000
 -6.3797000e+000
 -9.9590000e+000
 -6.8513000e+000
 -4.5979000e+000
 -5.3787000e+000
 -8.4852000e+000
 -6.7623000e+000
 -3.8747000e+000
 -8.7173000e+000
 -5.4045000e+000
 -1.2007000e+001
 -8.5254000e+000
 -1.0272000e+001
 -6.8555000e+000
 -1.9586000e+001
 -7.2764000e+000
 -3.3529000e+000
  7.3224000e+000
  3.6083000e+001
  3.6337000e+001
  8.0640000e+001
  2.0623000e+002
  2.3642000e+002
  2.5735000e+002
  3.0827000e+002
  3.3407000e+002
  4.1314000e+002
  3.9485000e+002
  4.8695000e+002
  4.4888000e+002
  4.3477000e+002
  2.9018000e+002
  3.6226000e+002
  4.1181000e+002
  4.9897000e+002
  3.2944000e+002
  3.2194000e+002
  1.9366000e+002
  1.8975000e+002
  1.7935000e+002
  1.0540000e+002
  8.7407000e+001
  7.1171000e+001
  2.7403000e+001
 -1.1727000e+000
 -9.1058000e+000
 -1.2507000e+001
 -1.0797000e+001
 -5.6905000e+000
 -3.1289000e+000
 -1.5435000e+000
 -2.1373000e+000
  1.3663000e+000
  4.3400000e+000
 -1.2998000e+001
 -4.6423000e-001
 -2.1494000e+001
 -2.7781000e+001
 -7.7833000e+000
 -1.2388000e+001
 -3.4592000e+001
 -1.4144000e+001
 -2.2217000e+001
 -2.6263000e+001
 -2.4110000e+001
 -2.1255000e+001
 -1.4334000e+001
 -1.4239000e+001
 -8.7709000e+000
  2.0138000e+000
  1.5047000e+001
  3.5668000e+001
  4.1971000e+001
  9.9813000e+001
  1.0952000e+002
  8.7106000e+001
  1.0161000e+002
  1.4882000e+002
  2.1771000e+002
  1.8564000e+002
  2.6313000e+002
  1.9928000e+002
  1.8966000e+002
  1.0251000e+002
  1.2400000e+002
  1.2661000e+002
  1.0524000e+002
  7.0236000e+001
  3.6140000e+001
  3.5785000e+000
  8.7350000e-001
 -4.1973000e+000
 -8.9167000e+001
 -2.3685000e+001
 -1.6514000e+001
 -6.2739000e+000
 -2.5715000e+000
 -1.6785000e+001
  8.9792000e+000
  7.4029000e+000
  8.7143000e+000
 -1.9038000e+000
  4.9293000e+001
  1.0799000e+001
 -8.5410000e+000
 -1.0064000e+001
 -2.3672000e+000
 -2.5119000e+001
 -2.8696000e+001
 -3.9705000e+001
 -3.7275000e+001
 -4.3283000e+001
 -2.3819000e+001
 -6.2463000e+000
 -8.0140000e+000
  1.7753000e+001
  1.8710000e+001
 -4.8836000e+000
  4.7052000e+001
  4.2441000e+001
 -6.9399000e+000
  8.7679000e+000
  1.5136000e+002
  2.3717000e+002
  2.4732000e+002
  2.3613000e+002
  2.2662000e+002
  2.4389000e+002
  2.3107000e+002
  1.3081000e+002
  1.9003000e+002
  2.2234000e+002
  3.1062000e+002
  2.5137000e+002
  1.2548000e+002
  1.8318000e+002
  1.2397000e+002
  9.6744000e+001
  2.6721000e+001
 -2.3627000e+001
 -3.3851000e+001
 -2.4287000e+001
 -2.2900000e+001
 -2.1393000e+001
 -1.7407000e+001
 -4.9142000e+001
 -3.2628000e+001
 -3.1553000e+001
 -1.9574000e+001
 -1.1263000e+001
 -1.9582000e+001
 -1.7207000e+001
 -1.3448000e+001
 -1.6191000e+001
 -2.1868000e+001
 -2.1724000e+001
 -2.2214000e+001
 -3.4724000e+001
 -2.1490000e+001
 -2.0548000e+001
 -1.8365000e+001
 -2.0992000e+001
 -5.6068000e+000
  1.2993000e+001
  4.3627000e+001
  1.4887000e+002
  1.3143000e+002
  1.9752000e+002
  2.1235000e+002
  3.0923000e+002
  2.4977000e+002
  9.1218000e+001
  1.2630000e+002
  1.7086000e+002
  8.2018000e+001
  1.3445000e+002
  2.8472000e+002
  2.5609000e+002
  2.0749000e+002
  2.0574000e+002
  2.6026000e+002
  9.2850000e+001
  8.6908000e+001
  1.5404000e+002
  1.1272000e+002
