  4.3759000e+001
  2.9047000e+001
  2.4204000e+001
 -1.8726000e+001
  4.5710000e+001
  4.1156000e+001
  1.1669000e+002
  1.7418000e+002
  2.2561000e+002
  1.5210000e+002
  2.2577000e+002
  2.4742000e+002
  6.4827000e+001
  1.8422000e+002
  1.0476000e+002
  1.3304000e+002
  8.4175000e+001
  9.1795000e+001
  1.5642000e+002
  1.2039000e+002
  9.2207000e+001
  4.2019000e+001
  8.5429000e+001
  9.0095000e+001
  2.0976000e+001
  2.6143000e+001
  1.2636000e+001
  4.9921000e+000
  3.1855000e+000
  3.9949000e+000
  6.0978000e+000
  4.1510000e+000
  2.7574000e+000
  3.3187000e+000
  7.4360000e+000
  5.4151000e+000
  3.6926000e+000
  8.0439000e+000
  6.9361000e+000
  1.5418000e+001
  1.3430000e+001
  1.2000000e+001
  6.2356000e+000
  1.3570000e+001
  4.0440000e+000
  4.9416000e+000
  1.8970000e+001
  4.8808000e+001
  6.3894000e+001
  1.0286000e+002
  1.1757000e+002
  1.3758000e+002
  1.7644000e+002
  2.0502000e+002
  2.0201000e+002
  1.6707000e+002
  2.0456000e+002
  2.7284000e+002
  2.2266000e+002
  1.4975000e+002
  9.4210000e+001
  1.8887000e+002
  2.1506000e+002
  2.5289000e+002
  2.0090000e+002
  1.6958000e+002
  6.5849000e+001
  1.2441000e+002
  7.9018000e+001
  1.0198000e+002
  8.4436000e+001
  2.2877000e+001
  4.1790000e+001
  2.5466000e+001
  1.1493000e+001
  8.4925000e+000
  3.1324000e+000
  1.6263000e+000
  1.4605000e+000
  1.3510000e+000
  2.7720000e+000
 -6.7359000e+000
 -4.4600000e-002
  1.0721000e+000
  3.9900000e-002
  3.3575000e+000
  4.3609000e+000
  8.8698000e-001
  1.5979000e+000
  5.2484000e+000
  3.2635000e+000
  9.5589000e+000
  1.5947000e+001
  2.2407000e+001
  3.9881000e+001
  4.0903000e+001
  3.6993000e+001
  3.3353000e+001
  5.1967000e+001
  6.3678000e+001
  1.0813000e+002
  1.0222000e+002
  1.4396000e+002
  1.3703000e+002
  1.8444000e+002
  1.4388000e+002
  1.9907000e+002
  1.7647000e+002
  2.1496000e+002
  2.2652000e+002
  2.2938000e+002
  2.2991000e+002
  1.7944000e+002
  1.8268000e+002
  1.2396000e+002
  1.1266000e+002
  1.3981000e+002
  1.4956000e+002
  1.1888000e+002
 -3.2631000e+000
  6.1106000e+001
  2.1011000e+002
  8.3267000e+000
  6.7664000e+000
 -9.6312000e+000
  1.1445000e+000
  1.3560000e+001
 -1.5068000e+001
 -1.2600000e+001
 -1.3609000e+001
  1.9195000e+000
 -5.6187000e+001
 -1.0765000e+001
  9.9002000e+000
 -2.4843000e+000
 -1.1655000e+000
  8.6273000e+000
  8.9538000e+000
 -5.3141000e+000
 -2.2702000e+001
 -1.9060000e+001
  2.5451000e+000
  1.0925000e+001
  3.1638000e+001
  3.7176000e+001
  3.7744000e+001
  2.7765000e+001
  5.2635000e+001
  8.0042000e+001
  5.2221000e+001
  3.4563000e+001
  1.4110000e+002
  1.2285000e+002
  2.8555000e+002
  2.6869000e+002
  2.6476000e+002
  1.8912000e+002
  1.5728000e+002
  1.3780000e+002
  2.0852000e+002
  1.3628000e+002
  1.6937000e+002
  1.5256000e+002
  9.0110000e+001
  1.7391000e+002
  1.1659000e+002
  1.1904000e+002
  4.5028000e+001
  3.8289000e+001
  1.8033000e+001
  1.1650000e+001
  1.2689000e+001
  5.2464000e+000
  3.5705000e+000
  7.5840000e+000
  7.5079000e+000
  1.7671000e+001
  9.0842000e+000
  3.6921000e+000
  3.2278000e+000
  4.2011000e-001
 -1.9677000e+000
 -2.6720000e+000
 -4.9793000e+000
 -3.4058000e+000
 -2.4975000e+000
  4.7635000e+000
  6.4152000e+000
  8.2619000e+000
  3.3520000e+001
  5.0117000e+001
  1.8128000e+001
  4.2009000e+001
  9.0486000e+001
  1.3076000e+002
  8.6063000e+001
  1.2612000e+002
  1.6355000e+002
  1.8705000e+002
  1.6663000e+002
  1.2884000e+002
  1.1896000e+002
  1.4935000e+002
  1.4374000e+002
  1.5725000e+002
  2.0989000e+002
  1.6412000e+002
  1.3569000e+002
  1.7489000e+002
  1.5346000e+002
  9.4246000e+001
  1.0980000e+002
  1.2725000e+002
  1.1603000e+002
