  2.9862064e+002
  2.9899471e+002
  2.9972003e+002
  3.0014614e+002
  3.0235756e+002
  3.0416101e+002
  3.1208876e+002
  3.1111286e+002
  3.1677838e+002
  3.2102170e+002
  3.2523919e+002
  3.2122530e+002
  3.2042251e+002
  3.2912186e+002
  3.2055160e+002
  3.2133453e+002
  3.2241435e+002
  3.2280621e+002
  3.2469349e+002
  3.2090507e+002
  3.1879021e+002
  3.1981179e+002
  3.2029224e+002
  3.1822152e+002
  3.1592430e+002
  3.1385199e+002
  3.1186201e+002
  3.1051666e+002
  3.0958945e+002
  3.0929493e+002
  3.0760704e+002
  3.0773775e+002
  3.0733233e+002
  3.0769068e+002
  3.0741836e+002
  3.0752173e+002
  3.0693690e+002
  3.0709815e+002
  3.0701968e+002
  3.0688957e+002
  3.0663330e+002
  3.0470599e+002
  3.0513443e+002
  3.0424001e+002
  3.0248317e+002
  3.0469907e+002
  3.0974185e+002
  3.1444998e+002
  3.1518500e+002
  3.1920816e+002
  3.2455921e+002
  3.2720826e+002
  3.3115194e+002
  3.3516521e+002
  3.3970666e+002
  3.4356587e+002
  3.4775069e+002
  3.5024218e+002
  3.5113248e+002
  3.5339651e+002
  3.5491882e+002
  3.5484119e+002
  3.5636806e+002
  3.5523804e+002
  3.5558753e+002
  3.5592756e+002
  3.5531933e+002
  3.5424178e+002
  3.5120978e+002
  3.4889692e+002
  3.4561790e+002
  3.4196702e+002
  3.3766738e+002
  3.3357642e+002
  3.2849817e+002
  3.2498474e+002
  3.2176949e+002
  3.1895112e+002
  3.1680118e+002
  3.1714674e+002
  3.1717888e+002
  3.1724533e+002
  3.1771212e+002
  3.1746210e+002
  3.1675493e+002
  3.1496641e+002
  3.1392913e+002
  3.1403805e+002
  3.1310575e+002
  3.1308745e+002
  3.1289608e+002
  3.1503545e+002
  3.1771008e+002
  3.2171470e+002
  3.2700533e+002
  3.2829359e+002
  3.3181403e+002
  3.3513276e+002
  3.3808989e+002
  3.4094175e+002
  3.4639631e+002
  3.5211579e+002
  3.5971865e+002
  3.5829528e+002
  3.6362026e+002
  3.6687845e+002
  3.7321050e+002
  3.7520759e+002
  3.7767569e+002
  3.7532991e+002
  3.7903629e+002
  3.7896807e+002
  3.7860614e+002
  3.8032051e+002
  3.8123366e+002
  3.7863317e+002
  3.7702233e+002
  3.7645519e+002
  3.7304753e+002
  3.7319429e+002
  3.6726925e+002
  3.5560360e+002
  3.5138348e+002
  3.4659252e+002
  3.4386521e+002
  3.4279957e+002
  3.4087284e+002
  3.4141811e+002
  3.4061028e+002
  3.4109128e+002
  3.4225984e+002
  3.3551454e+002
  3.3270135e+002
  3.3352433e+002
  3.3401264e+002
  3.3264647e+002
  3.3262720e+002
  3.3227680e+002
  3.3141193e+002
  3.3006876e+002
  3.3219606e+002
  3.3468718e+002
  3.3905038e+002
  3.4704746e+002
  3.5054845e+002
  3.4637752e+002
  3.4874076e+002
  3.5405963e+002
  3.5250440e+002
  3.4966801e+002
  3.4742887e+002
  3.5094826e+002
  3.5610665e+002
  3.5826919e+002
  3.6129887e+002
  3.5578622e+002
  3.6167420e+002
  3.5589439e+002
  3.5409162e+002
  3.5867039e+002
  3.5908510e+002
  3.5919185e+002
  3.5467094e+002
  3.5492409e+002
  3.5287053e+002
  3.5096031e+002
  3.4802103e+002
  3.4449728e+002
  3.3882809e+002
  3.3665760e+002
  3.3604503e+002
  3.3339212e+002
  3.3119395e+002
  3.2902390e+002
  3.2882803e+002
  3.2899025e+002
  3.2967272e+002
  3.2562606e+002
  3.2268883e+002
  3.2142655e+002
  3.1957695e+002
  3.1873033e+002
  3.1955212e+002
  3.2071725e+002
  3.2281691e+002
  3.2447868e+002
  3.2571895e+002
  3.2600341e+002
  3.2658938e+002
  3.2779244e+002
  3.2860544e+002
  3.2981089e+002
  3.3168121e+002
  3.3454200e+002
  3.3568651e+002
  3.3929115e+002
  3.4432775e+002
  3.4343295e+002
  3.4534620e+002
  3.4496850e+002
  3.4086978e+002
  3.4490647e+002
  3.4515441e+002
  3.4434398e+002
  3.4728527e+002
  3.5299478e+002
  3.5006182e+002
  3.4990582e+002
  3.5255481e+002
  3.4879704e+002
  3.4933933e+002
  3.4776852e+002
  3.4845406e+002
  3.4591574e+002
