  1.1360890e+001
  2.7977092e+001
  4.8268784e+001
  7.2248164e+001
  8.8759430e+001
  1.6180666e+002
  2.4105657e+002
  2.2968519e+002
  4.1987067e+002
  5.0391440e+002
  6.3441750e+002
  3.3148465e+002
  3.6313644e+002
  5.5094751e+002
  1.7538322e+002
  2.3437750e+002
  2.2912379e+002
  3.3863797e+002
  4.7473272e+002
  1.8512764e+002
  9.0538418e+001
  1.8703164e+002
  1.8217619e+002
  6.2758467e+001
  2.2171934e+001
  3.5550037e+000
 -6.2783247e+000
 -1.1986804e+001
 -1.0357791e+001
 -9.4109667e+000
 -2.2227495e+001
 -8.5636807e+000
 -6.9546497e+000
 -8.0527616e+000
 -1.1512650e+001
 -5.3762740e+000
 -6.1255897e+000
 -6.0854531e+000
 -4.1514943e+000
 -3.3029532e+000
 -4.2112569e+000
 -2.4656982e+001
 -1.7257899e+001
 -2.1481153e+001
 -3.4375040e+001
  2.1222543e+001
  1.6276660e+001
  5.0566962e+001
  1.6079067e+002
  3.2955549e+002
  4.0732383e+002
  4.8542818e+002
  5.9014527e+002
  6.5011987e+002
  7.0909805e+002
  7.5787581e+002
  7.8935513e+002
  8.0187572e+002
  8.0303993e+002
  7.9698474e+002
  7.8201597e+002
  7.5584585e+002
  7.1694964e+002
  6.7079226e+002
  6.1557080e+002
  5.5194328e+002
  4.5740507e+002
  4.0598891e+002
  3.3162465e+002
  2.5242080e+002
  1.7175807e+002
  9.8141338e+001
  3.1129664e+001
 -1.8393510e+001
 -4.8524827e+001
 -6.2535039e+001
 -5.8184433e+001
 -5.5680263e+001
 -5.3870741e+001
 -5.3363804e+001
 -5.2488828e+001
 -5.2350820e+001
 -5.2744472e+001
 -5.2971090e+001
 -5.2197988e+001
 -5.0864849e+001
 -5.0678939e+001
 -5.0380273e+001
 -4.8941392e+001
 -4.7786120e+001
 -4.1486157e+001
 -2.6716995e+001
 -9.7663008e+000
  5.0611205e+001
  4.0269237e+001
  7.9900291e+001
  1.0994716e+002
  1.8509889e+002
  1.6882817e+002
  1.8995230e+002
  2.9945043e+002
  3.7695995e+002
  5.9615536e+002
  3.1106800e+002
  4.5692356e+002
  6.3445561e+002
  7.4489994e+002
  7.2726524e+002
  7.2656207e+002
  5.3505497e+002
  6.1208445e+002
  5.0153593e+002
  5.1364125e+002
  5.4965429e+002
  4.5176327e+002
  3.6302640e+002
  2.4289880e+002
  1.9238607e+002
  8.3621457e+001
  9.9455406e+001
             NaN
 -3.8047846e+001
 -4.6448150e+001
 -5.3290035e+001
 -3.9013717e+001
 -4.3107822e+001
 -4.2459202e+001
 -4.3053101e+001
 -4.0360486e+001
 -3.6009215e+001
 -3.3996630e+001
 -4.6084078e+001
 -4.6575030e+001
 -4.7943872e+001
 -4.8141705e+001
 -4.6986905e+001
 -4.6655411e+001
 -4.9716770e+001
 -4.6800114e+001
 -3.1599850e+001
 -1.2695444e+001
  3.1166178e+001
  2.1399630e+001
  5.2791332e+001
  1.3479981e+002
  2.1764471e+001
  1.7328845e+002
  2.2692314e+002
  7.7823704e+001
  8.8700280e+001
  2.3790258e+002
  3.1016147e+002
  6.5527666e+002
  5.4896665e+002
  6.2777479e+002
  4.1792961e+002
  6.1374798e+002
  3.2943422e+002
  3.2164970e+002
  5.9871918e+002
  5.8922019e+002
  5.4707750e+002
  3.8709334e+002
  3.6000051e+002
  3.0986118e+002
  2.5425797e+002
  1.6975920e+002
  5.6681281e+001
 -3.8046545e+001
 -2.5057337e+001
 -2.6419378e+001
 -3.6001612e+001
 -4.1683978e+001
 -5.4920345e+001
 -4.6906627e+001
 -1.8053743e+001
 -2.8255420e+001
 -5.9032286e+001
 -5.7013222e+001
 -5.5583673e+001
 -5.7912347e+001
 -5.3186571e+001
 -4.1124874e+001
 -2.1721310e+001
 -8.5350466e+000
 -8.6597653e+000
 -1.1828051e+001
 -6.6068986e+000
  7.1977363e+000
  2.0155615e+001
  3.6423644e+001
  7.0553350e+001
  1.1512803e+002
  2.8188588e+002
  4.5288858e+002
  4.8972785e+002
  5.2174426e+002
  5.5173151e+002
  4.9310204e+002
  4.2956612e+002
  2.4710011e+002
  4.6463991e+002
  3.2357837e+002
  2.3861684e+002
  3.7714952e+002
  5.6651867e+002
  4.1546457e+002
  4.2006078e+002
  5.2050286e+002
  3.1367157e+002
  3.6792612e+002
  2.7302533e+002
  3.3163117e+002
  2.1830461e+002
