  3.5582823e+000
  5.5978836e+000
  8.1218744e+000
  1.0842092e+001
  1.3016749e+001
  2.1728288e+001
  3.1372404e+001
  3.2936378e+001
  5.1317166e+001
  5.8654704e+001
  7.1295488e+001
  3.7421484e+001
  4.5243236e+001
  5.7844388e+001
  2.3507544e+001
  3.1582526e+001
  2.9816090e+001
  4.3958058e+001
  5.8224050e+001
  2.1921274e+001
  1.2592606e+001
  2.6753526e+001
  2.5004127e+001
  9.0731571e+000
  4.7806335e+000
  2.5506975e+000
  1.3980772e+000
  6.1676536e-001
  0.0000000e+000
  0.0000000e+000
  0.0000000e+000
  0.0000000e+000
  0.0000000e+000
  0.0000000e+000
  0.0000000e+000
  0.0000000e+000
  0.0000000e+000
  0.0000000e+000
  0.0000000e+000
  0.0000000e+000
  0.0000000e+000
  0.0000000e+000
  1.3166642e+000
  2.5894819e+000
  5.0596676e+000
  2.0738889e+001
  2.3831827e+001
  3.2232975e+001
  3.1652250e+001
  4.3188610e+001
  4.6957385e+001
  4.9547248e+001
  5.4052623e+001
  5.9845033e+001
  6.5335356e+001
  7.2151780e+001
  7.7030519e+001
  7.9511589e+001
  8.2030670e+001
  8.3524712e+001
  8.1240513e+001
  7.7882427e+001
  7.3607375e+001
  6.9743482e+001
  6.4104188e+001
  5.6754749e+001
  5.1812518e+001
  4.2785590e+001
  3.6399757e+001
  2.9501822e+001
  2.5663125e+001
  2.0993979e+001
  1.7260848e+001
  1.2449789e+001
  6.4886835e+000
  1.8408627e+000
  0.0000000e+000
  0.0000000e+000
  0.0000000e+000
  0.0000000e+000
  0.0000000e+000
  0.0000000e+000
  0.0000000e+000
  0.0000000e+000
  0.0000000e+000
  0.0000000e+000
  0.0000000e+000
  0.0000000e+000
  0.0000000e+000
  0.0000000e+000
  3.7630606e+000
  7.1623975e+000
  1.5120516e+001
  2.3538610e+001
  2.2263926e+001
  2.2970600e+001
  2.5140705e+001
  3.0594813e+001
  2.8029355e+001
  3.0483965e+001
  4.1125618e+001
  4.5554222e+001
  6.4413789e+001
  4.1627117e+001
  5.4979930e+001
  7.0188964e+001
  8.0236471e+001
  8.0394981e+001
  8.0297177e+001
  6.2096169e+001
  7.0187166e+001
  5.8219633e+001
  6.1159610e+001
  6.4104402e+001
  5.5772007e+001
  4.4944025e+001
  3.2896739e+001
  2.6798642e+001
  1.6562958e+001
  2.1720663e+001
             NaN
  3.0954664e+000
  2.8248436e+000
  1.7530914e+000
  0.0000000e+000
  0.0000000e+000
  0.0000000e+000
  0.0000000e+000
  0.0000000e+000
  0.0000000e+000
  0.0000000e+000
  0.0000000e+000
  0.0000000e+000
  0.0000000e+000
  0.0000000e+000
  0.0000000e+000
  0.0000000e+000
  0.0000000e+000
  2.5616790e+000
  5.5857278e+000
  1.3810919e+001
  1.9327355e+001
  2.5368701e+001
  3.1338068e+001
  3.3413986e+001
  6.9641925e+000
  2.5516865e+001
  3.1551922e+001
  1.0849849e+001
  1.4172403e+001
  3.3616536e+001
  3.9834941e+001
  7.1950574e+001
  6.3582138e+001
  7.0678311e+001
  5.1724031e+001
  6.8841791e+001
  4.1151249e+001
  4.3102599e+001
  6.9009951e+001
  6.7234257e+001
  6.3786864e+001
  4.7722413e+001
  4.5938255e+001
  4.1190854e+001
  3.4192633e+001
  2.9321336e+001
  1.6724373e+001
  3.8968944e+000
  4.7999898e+000
  2.8508595e+000
  2.3824766e+000
  0.0000000e+000
  0.0000000e+000
  0.0000000e+000
  0.0000000e+000
  0.0000000e+000
  0.0000000e+000
  0.0000000e+000
  0.0000000e+000
  0.0000000e+000
  0.0000000e+000
  0.0000000e+000
  0.0000000e+000
  0.0000000e+000
  0.0000000e+000
  1.0934500e+000
  1.8165259e+000
  4.4128238e+000
  5.6695467e+000
  7.4575299e+000
  1.3367540e+001
  2.3970842e+001
  4.0412659e+001
  5.0720887e+001
  5.3614006e+001
  5.6513577e+001
  5.9188767e+001
  5.7417324e+001
  5.1599764e+001
  3.3890755e+001
  5.7782670e+001
  4.1793046e+001
  3.3718294e+001
  4.7343185e+001
  6.6628546e+001
  4.8723401e+001
  5.1054062e+001
  6.2312012e+001
  3.9610340e+001
  4.9455754e+001
  3.7721697e+001
  4.3507508e+001
  3.1944401e+001
