             NaN
             NaN
             NaN
             NaN
             NaN
  1.2451198e+001
  1.3545311e+001
  1.2936622e+001
  1.3978755e+001
  1.5277830e+001
  1.6077803e+001
  1.4913141e+001
  1.4552584e+001
  1.7598417e+001
  1.4270145e+001
  1.4353130e+001
  1.4826051e+001
  1.5133554e+001
  1.6922997e+001
  1.4645509e+001
  1.3219367e+001
  1.3931890e+001
  1.4589929e+001
  1.3008656e+001
  1.1887462e+001
  1.1025813e+001
  1.0305835e+001
  9.7423253e+000
  9.3796240e+000
  9.2318381e+000
  8.7627319e+000
  8.7541393e+000
  8.6809360e+000
  8.7900549e+000
  8.7103278e+000
  8.7390352e+000
  8.5849655e+000
  8.6453870e+000
  8.6011269e+000
  8.5760150e+000
  8.5334320e+000
  8.0377738e+000
  8.0705031e+000
  7.8368013e+000
  7.5001078e+000
  8.3340142e+000
  1.0127162e+001
  1.1516650e+001
  1.2203025e+001
  1.4820439e+001
  1.6328008e+001
  1.7246232e+001
  1.8400994e+001
  1.8929300e+001
  1.9277129e+001
  2.0139593e+001
  2.0884842e+001
  2.2511921e+001
  2.2674391e+001
  2.4256058e+001
  2.5024509e+001
  2.4722957e+001
  2.5864823e+001
  2.5693048e+001
  2.5645761e+001
  2.5556138e+001
  2.5425430e+001
  2.5598854e+001
  2.5531508e+001
  2.3956710e+001
  2.2375282e+001
  2.0273622e+001
  1.8450265e+001
  1.6895028e+001
  1.4911327e+001
  1.3529671e+001
  1.2471791e+001
  1.1275830e+001
  1.0694375e+001
  1.0533851e+001
  1.0328429e+001
  1.0507084e+001
  1.0877671e+001
  1.0998608e+001
  1.0950948e+001
  1.0327041e+001
  1.0173877e+001
  1.0290197e+001
  1.0031678e+001
  9.9048448e+000
  9.8753221e+000
  1.0568003e+001
  1.1459641e+001
  1.3183571e+001
  1.5081107e+001
  1.5473265e+001
  1.6564322e+001
  1.7634849e+001
  1.8630988e+001
  1.9389518e+001
  2.0931097e+001
  2.2362783e+001
  2.4276215e+001
  2.4489400e+001
  2.5478750e+001
  2.6610077e+001
  2.8102693e+001
  2.8917443e+001
  3.0086045e+001
  2.9362975e+001
  3.0238376e+001
  3.0056727e+001
  3.0068579e+001
  3.0514337e+001
  3.0904194e+001
  3.0308844e+001
  2.9870573e+001
  2.9382903e+001
  2.7871115e+001
  2.7557044e+001
  2.5814783e+001
  2.2802947e+001
  2.1355471e+001
  1.9958733e+001
  1.8896220e+001
  1.8521250e+001
  1.7649493e+001
  1.7530529e+001
  1.7403107e+001
  1.7416788e+001
  1.7951231e+001
  1.6590730e+001
  1.5827071e+001
  1.5652365e+001
  1.5822088e+001
  1.5795428e+001
  1.5755215e+001
  1.5735879e+001
  1.5621189e+001
  1.5337102e+001
  1.5972091e+001
  1.7057220e+001
  1.8596334e+001
  2.0719233e+001
  2.1984303e+001
  2.0656770e+001
  2.1221425e+001
  2.2850725e+001
  2.2133310e+001
  2.1793627e+001
  2.1667237e+001
  2.1785726e+001
  2.3054955e+001
  2.4401544e+001
  2.5062640e+001
  2.3616937e+001
  2.5792840e+001
  2.3692246e+001
  2.3004940e+001
  2.5139777e+001
  2.5561957e+001
  2.5694983e+001
  2.3947997e+001
  2.4265681e+001
  2.4077073e+001
  2.3348209e+001
  2.2002525e+001
  2.0415188e+001
  1.8204925e+001
  1.7371651e+001
  1.7053514e+001
  1.6301848e+001
  1.5437235e+001
  1.4781221e+001
  1.4860167e+001
  1.4812977e+001
  1.4959428e+001
  1.3784363e+001
  1.2822928e+001
  1.2381744e+001
  1.1720543e+001
  1.1478677e+001
  1.1748703e+001
  1.1645404e+001
  1.2079196e+001
  1.2702494e+001
  1.3159581e+001
  1.3382914e+001
  1.3625894e+001
  1.4001574e+001
  1.4556811e+001
  1.5022578e+001
  1.6168535e+001
  1.7519794e+001
  1.8618917e+001
  1.9700353e+001
  2.0899738e+001
  2.0270950e+001
  2.0896064e+001
  2.0472796e+001
  1.9165896e+001
  2.0293264e+001
  2.0461768e+001
  2.0061644e+001
  2.1164364e+001
  2.3072815e+001
  2.2439848e+001
  2.2288757e+001
  2.3325857e+001
  2.2018106e+001
  2.2382680e+001
  2.1799505e+001
  2.2667251e+001
  2.1573611e+001
