  8.7781344e+000
  8.7358161e+000
  8.7893688e+000
  8.8352604e+000
  8.9685262e+000
  9.0703519e+000
  9.5231069e+000
  9.5060050e+000
  9.8420209e+000
  1.0168652e+001
  1.0488254e+001
  1.0180667e+001
  1.0214996e+001
  1.0612938e+001
  1.0369439e+001
  1.0413820e+001
  1.0493523e+001
  1.0486251e+001
  1.0446980e+001
  1.0420462e+001
  1.0399792e+001
  1.0373930e+001
  1.0378070e+001
  1.0376087e+001
  1.0231452e+001
  1.0082507e+001
  9.9064030e+000
  9.8204589e+000
  9.6935836e+000
  9.6329230e+000
  9.5080834e+000
  9.4626879e+000
  9.3683107e+000
  9.3529558e+000
  9.3162643e+000
  9.2828472e+000
  9.2913918e+000
  9.2224109e+000
  9.2311538e+000
  9.2017734e+000
  9.1409246e+000
  9.0312905e+000
  8.9145989e+000
  8.8325412e+000
  8.6955405e+000
  8.7132888e+000
  8.9190530e+000
  9.2565556e+000
  9.5581811e+000
  9.8433874e+000
  1.0335895e+001
  1.0898444e+001
  1.1355442e+001
  1.1423086e+001
  1.1757154e+001
  1.2133929e+001
  1.3691703e+001
  1.3344644e+001
  1.3360600e+001
  1.3493065e+001
  1.3617612e+001
  1.3913643e+001
  1.4212877e+001
  1.4017849e+001
  1.3992544e+001
  1.3936906e+001
  1.4013320e+001
  1.3975539e+001
  1.4001923e+001
  1.3903577e+001
  1.3770832e+001
  1.3530071e+001
  1.3211356e+001
  1.2882068e+001
  1.2416501e+001
  1.1895087e+001
  1.1478375e+001
  1.1098211e+001
  1.0803298e+001
  1.0482188e+001
  1.0337714e+001
  1.0237579e+001
  1.0219429e+001
  1.0088761e+001
  1.0044411e+001
  9.9667739e+000
  9.8289635e+000
  9.8002369e+000
  9.7707566e+000
  9.6627348e+000
  9.5846861e+000
  9.6421236e+000
  9.7951973e+000
  1.0056130e+001
  1.0644441e+001
  1.1062314e+001
  1.1507452e+001
  1.1890435e+001
  1.2347645e+001
  1.2829968e+001
  1.3420762e+001
  1.3839721e+001
  1.4910947e+001
  1.5234064e+001
  1.5982928e+001
  1.6625224e+001
  1.7308361e+001
  1.7587297e+001
  1.7909147e+001
  1.8044003e+001
  1.8606125e+001
  1.8451283e+001
  1.8762307e+001
  1.8862990e+001
  1.8832378e+001
  1.8438864e+001
  1.8137085e+001
  1.7857600e+001
  1.7649551e+001
  1.7401230e+001
  1.7218829e+001
  1.6681378e+001
  1.6226338e+001
  1.5725511e+001
  1.5312899e+001
  1.5007543e+001
  1.4696440e+001
  1.4442404e+001
  1.4205592e+001
  1.4063505e+001
  1.3942179e+001
  1.3595604e+001
  1.3402588e+001
  1.3258101e+001
  1.3131523e+001
  1.3001347e+001
  1.2998843e+001
  1.2900306e+001
  1.2918207e+001
  1.2984686e+001
  1.3212900e+001
  1.3595860e+001
  1.3999022e+001
  1.4579667e+001
  1.5294738e+001
  1.5401067e+001
  1.5546678e+001
  1.6296232e+001
  1.6321612e+001
  1.6072571e+001
  1.5919210e+001
  1.6052338e+001
  1.7260458e+001
  1.6156157e+001
  1.6482445e+001
  1.5916056e+001
  1.6379884e+001
  1.6281534e+001
  1.6119001e+001
  1.6423892e+001
  1.6555830e+001
  1.6586661e+001
  1.6253498e+001
  1.6138139e+001
  1.6002751e+001
  1.5779554e+001
  1.5371830e+001
  1.5006481e+001
  1.4500045e+001
  1.4156776e+001
  1.3984890e+001
  1.3711478e+001
  1.3446098e+001
  1.3117990e+001
  1.3017286e+001
  1.2958313e+001
  1.2940254e+001
  1.2684389e+001
  1.2264067e+001
  1.1950796e+001
  1.1665705e+001
  1.1455169e+001
  1.1425479e+001
  1.1454255e+001
  1.1641021e+001
  1.1858475e+001
  1.2094824e+001
  1.2169400e+001
  1.2220447e+001
  1.2268155e+001
  1.2326772e+001
  1.2505419e+001
  1.2675808e+001
  1.2876100e+001
  1.3155175e+001
  1.3733333e+001
  1.4268223e+001
  1.4132608e+001
  1.4467503e+001
  1.4503399e+001
  1.4241385e+001
  1.4649420e+001
  1.4716320e+001
  1.4568879e+001
  1.4834990e+001
  1.5303094e+001
  1.5278333e+001
  1.5273362e+001
  1.5424218e+001
  1.5265154e+001
  1.5258270e+001
  1.5148270e+001
  1.5132905e+001
  1.4957876e+001
