  2.8154000e-001
  2.3985000e-001
  2.4473000e-001
  2.6127000e-001
  2.3035000e-001
  2.0931000e-001
  2.7652000e-001
  2.9636000e-001
  4.2062000e-001
  2.9167000e-001
  3.6291000e-001
  4.9227000e-001
  3.8948000e-001
  3.6036000e-001
  4.4916000e-001
  4.1874000e-001
  4.0244000e-001
  4.9544000e-001
  6.6377000e-001
  6.5202000e-001
  3.8485000e-001
  2.7643000e-001
  4.1037000e-001
  3.6700000e-001
  2.4695000e-001
  2.7109000e-001
  1.5813000e-001
  6.8500000e-002
  8.9100000e-002
  1.4398000e-001
  2.0747000e-001
  1.5647000e-001
  1.0248000e-001
  1.2221000e-001
  1.3440000e-001
  1.1294000e-001
  1.1557000e-001
  1.7908000e-001
  1.3213000e-001
  2.2195000e-001
  1.7285000e-001
  1.7689000e-001
  1.3053000e-001
  1.9521000e-001
  1.3898000e-001
  1.6487000e-001
  2.2272000e-001
  3.4437000e-001
  4.0633000e-001
  4.0308000e-001
  4.8099000e-001
  4.5259000e-001
  4.6224000e-001
  3.4925000e-001
  3.6399000e-001
  3.9426000e-001
  3.5609000e-001
  5.0645000e-001
  6.2421000e-001
  5.3570000e-001
  3.4186000e-001
  4.9090000e-001
  5.0278000e-001
  7.2358000e-001
  6.4868000e-001
  3.4548000e-001
  3.8821000e-001
  2.7577000e-001
  4.9054000e-001
  3.3158000e-001
  4.4115000e-001
  4.9311000e-001
  4.7376000e-001
  3.1193000e-001
  1.6201000e-001
  9.9700000e-002
  2.1216000e-001
  1.1303000e-001
  1.7850000e-001
  1.2835000e-001
  2.0300000e-001
  1.3423000e-001
  1.6006000e-001
  1.5850000e-001
  1.3613000e-001
  1.4037000e-001
  1.2550000e-001
  1.4244000e-001
  2.0542000e-001
  3.1741000e-001
  2.1921000e-001
  2.6465000e-001
  3.2658000e-001
  3.1125000e-001
  2.6989000e-001
  2.7135000e-001
  2.6705000e-001
  2.5434000e-001
  2.8849000e-001
  3.3610000e-001
  3.9407000e-001
  2.9354000e-001
  3.0700000e-001
  4.1596000e-001
  4.1532000e-001
  4.4751000e-001
  5.7236000e-001
  4.5952000e-001
  4.0934000e-001
  6.2405000e-001
  5.5643000e-001
  6.3134000e-001
  5.8368000e-001
  5.6245000e-001
  6.4752000e-001
  5.7053000e-001
  6.2356000e-001
  4.8781000e-001
  4.0706000e-001
  1.3402000e-001
  1.8085000e-001
  3.7530000e-001
  3.4654000e-001
  2.2628000e-001
  1.8359000e-001
  1.9964000e-001
  2.0311000e-001
  2.6816000e-001
  1.5607000e-001
  2.2196000e-001
  1.7295000e-001
  1.9000000e-001
  8.2800000e-002
  1.7980000e-001
  6.4200000e-002
  1.1675000e-001
  2.4605000e-001
  2.7296000e-001
  3.9335000e-001
  3.7165000e-001
  3.7913000e-001
  3.3557000e-001
  3.9638000e-001
  3.5218000e-001
  4.5813000e-001
  5.2964000e-001
  5.4236000e-001
  6.1232000e-001
  7.1672000e-001
  6.8727000e-001
  6.2459000e-001
  7.5752000e-001
  7.6803000e-001
  6.2431000e-001
  8.4481000e-001
  7.8431000e-001
  7.8656000e-001
  6.9695000e-001
  9.1259000e-001
  7.6859000e-001
  7.7052000e-001
  8.2781000e-001
  6.6131000e-001
  5.7622000e-001
  7.3472000e-001
  7.0881000e-001
  6.6167000e-001
  5.7811000e-001
  5.2521000e-001
  4.2123000e-001
  4.3018000e-001
  3.6698000e-001
  2.3484000e-001
  2.0109000e-001
  4.1397000e-001
  3.4105000e-001
  4.0735000e-001
  3.0633000e-001
  2.1538000e-001
  1.8565000e-001
  1.8049000e-001
  1.6986000e-001
  1.8784000e-001
  2.1442000e-001
  2.3896000e-001
  2.7976000e-001
  4.3625000e-001
  3.7777000e-001
  3.8327000e-001
  3.5708000e-001
  4.4489000e-001
  4.0454000e-001
  5.9316000e-001
  6.6779000e-001
  7.4696000e-001
  7.0196000e-001
  7.1590000e-001
  8.2818000e-001
  8.9070000e-001
  9.3517000e-001
  9.0435000e-001
  8.5015000e-001
  8.2304000e-001
  8.4236000e-001
  6.2900000e-001
  7.7640000e-001
  6.8024000e-001
  7.2258000e-001
  7.2790000e-001
  8.1214000e-001
  6.2637000e-001
  6.5578000e-001
  8.2643000e-001
  7.7637000e-001
