742.6759667
741.0255
740.9463
739.8028667
738.2764333
739.7123333
742.1268667
745.1715
747.0931
751.5688667
752.6461333
745.5032
744.6788
739.0417333
737.7179667
736.1399333
736.4078
733.8738333
729.8509
726.7815
722.4978333
721.9594667
718.9055667
717.8596333
712.8047333
719.2489667
712.9838667
708.4308333
706.3002333
703.2906667
704.1336667
706.4482667
701.0127333
701.8948333
705.9024667
711.9577667
726.2232667
731.9936
744.0167
756.3859667
765.6988667
759.0827
758.4302
756.8425333
755.2683333
757.8781
767.3810333
782.5679
776.0205
767.4690667
788.8627333
810.8842333
807.5351
765.6174
778.4217667
767.4549667
773.0684
801.7107667
788.2131
769.3645
740.1574
762.6596667
750.1925667
738.3485333
737.0129333
724.5023667
723.6084333
728.6320333
731.3664
736.9965
733.2072
730.7962667
732.2004333
745.3579333
795.6583333
798.2714333
745.6656333
736.0553333
731.2441667
729.5453
727.0930667
727.3881667
729.7869667
745.0624
778.5940667
806.879
875.9017333
872.9195
864.9311
870.1044
851.9517
841.0345
842.4215
841.0018333
895.8643667
939.8215333
950.6878
867.7660333
594.8469667
97.7193
1184.690667
1500.255667
1655.045667
1594.931333
1240.206
898.2434333
905.8027667
857.4495333
782.2688667
744.2408
734.8449667
727.7055333
723.2635
721.7327
719.5565
718.5215667
718.5168
717.0689667
716.0372667
715.7650667
716.4059667
715.4678667
715.3529333
713.3824667
713.5401333
714.0521667
716.8539667
718.7806
721.4319667
724.6923667
728.4951333
728.3903667
729.3249667
735.1321333
736.8171333
742.0821
744.6025
757.6684333
772.305
782.1975667
786.8105333
767.0088667
778.9459667
778.7489
764.4776333
749.9198333
750.8715667
743.9284
741.4484333
750.4486333
752.6859667
746.0147333
748.6515333
764.2496667
757.4525667
751.0372333
743.3786333
744.1285667
733.4903
729.8691333
725.8750667
722.4262
720.3384
720.8448333
719.1100333
717.6191333
714.4489
709.8026333
706.2943667
704.3227667
701.1848
698.1759333
697.2295
697.3820667
694.8230333
694.4231333
694.9623667
692.3772667
696.0396333
710.2777667
725.0364333
734.4076
758.3465667
748.1861333
757.7998667
770.0305667
766.3282
757.2658667
756.3501667
765.9844
778.2793667
752.3952
726.6373667
727.8948333
730.8965667
736.6321667
738.5714333
738.2416667
734.4763333
734.0806667
735.4719667
734.8723667
733.9258
736.6463333
739.1963333
736.2416333
731.9114333
730.6103667
731.0916333
729.7527
731.6245667
727.6251333
727.9902
726.3301333
725.9628667
723.6281333
722.6276333
723.6496
724.7649667
723.5378
722.3262333
722.1689
724.1460333
723.9963667
724.4936333
725.5335333
726.9082667
728.8375333
731.9259
734.7993
736.8588667
739.0681333
743.1740333
763.5326667
787.2816333
792.9732
795.7266333
782.6331
756.2596
753.9971
749.1507667
751.6649667
753.4379333
757.3851333
757.0083333
758.5403
759.748
761.6062
763.8246333
765.6807333
763.3117
759.8415333
756.6166667
754.2403667
752.7897333
750.4444
747.4681
745.9756333
745.2992667
743.2174667
742.3169333
740.3176
739.9006667
739.4059
736.6373667
736.7227333
736.0615
738.8563333
745.9204333
761.8653
736.9363333
738.8063
738.9699667
742.4842
744.2097667
746.0941667
752.4323333
758.7965667
761.5713
762.6833667
765.8518333
765.5806667
761.8497333
762.0289
765.4349667
766.9209333
772.1264333
775.5287333
775.3779333
775.4665667
776.6465667
780.4473
786.0001667
787.4913
789.7484
792.3218333
792.2093667
794.0482
796.6779
799.7598333
800.9605333
801.1563333
795.7591
779.3502667
771.2156333
772.0755
764.3259333
762.9011667
760.5331667
760.6643
760.4011333
760.5441333
754.5418667
751.6058333
751.0018667
748.8621
748.8034333
745.7121667
745.252
743.4623333
743.8015667
747.3884
747.8737667
748.766
751.3997
756.2833333
758.2221667
761.0698333
764.0213667
771.6947667
772.3005333
771.4463333
772.6683
775.3756333
778.406
780.9668667
810.1524333
804.9278333
782.8741667
787.3751
790.5849667
790.1338
789.8365667
791.3449333
800.3161667
814.625
815.4594333
797.7311
790.7587
786.0325667
787.7542
785.6976
784.7556
782.3890333
776.7535
771.4176333
768.7079333
765.0581333
758.7284667
754.2108
754.9852333
756.7097333
756.3647667
754.9026
756.4154
750.9846333
748.0284667
745.3367333
746.574
745.2267667
756.2645667
764.8462333
775.1312667
789.3246
791.0125
799.4034667
772.9528667
767.8208333
783.4605
795.7928333
790.1255
763.8754333
763.9708
770.5145333
779.8029333
799.6236
806.5879667
790.8471333
798.7667333
795.6886333
788.7158667
795.2986667
806.8796333
812.8065
808.1225667
785.3085333
778.5426
769.1718667
757.8010333
766.1153333
758.2134
755.9514333
749.1901333
747.3482667
743.0931333
735.1446
731.1663333
731.0432333
727.9421333
728.2699
726.4032667
725.6511333
724.6033667
723.8129
724.9450667
724.0135
725.8735667
726.2736
729.7108
737.2429667
748.2785333
757.0039
747.4947333
770.2142333
764.5383667
775.5698667
764.8695
770.1765
773.4684667
768.3932667
762.4485667
761.6494333
769.7785
778.9996
782.2539
785.7971
774.0201
768.0026333
764.0384667
761.1845
763.9074333
763.4081333
759.2798333
753.6275
749.4289333
744.551
742.0643667
738.4304333
735.4600667
734.0470667
732.2004333
729.9350333
729.1136667
727.6561
725.1154
723.8187667
727.0758333
728.5212
733.1586
733.4944667
733.676
737.1240333
732.8710333
730.1533
728.0144
728.0865667
729.6838
731.3806333
742.0582333
767.1405667
790.1466667
824.3
812.9239333
803.5444667
795.8219
788.6690667
787.1415333
805.1452
788.5122333
833.7822667
877.5363333
907.3151
851.3557667
839.2927333
820.6572
806.6393333
799.0515333
801.5641333
804.2111
812.4265
788.6127
786.9181667
767.0412667
736.0424333
732.5028333
727.3115667
723.9452
720.0761667
718.0883667
717.4787
713.8749333
713.1297667
711.7206333
711.709
709.0946
708.0459333
703.6753667
703.5209333
705.8803
705.3166333
703.0945333
704.1078333
704.3983
705.6927
704.4634667
707.4295667
716.1045667
725.8493
730.6139667
747.2568667
769.4610667
801.0353333
795.3546
825.0948333
798.9648
799.4619
829.6446333
841.9518333
823.1438667
825.9766
830.0652333
841.7614
828.1959
830.7043
892.0172667
875.6033333
971.1492333
991.577
938.9875333
890.1403
864.0894667
837.0973667
806.7685667
785.2946333
762.4408333
746.1012667
734.4332
729.2443667
719.6062
708.5173333
698.3330333
695.4214
696.2116667
695.2178
694.1398667
692.4605
692.6080667
691.2139667
690.4425667
692.3571333
688.6472333
687.8897
693.5815
703.7807
718.2035333
741.5556667
768.9746
791.3648
806.8681
825.6211667
829.2656667
809.7848333
820.2900333
810.5645333
811.8296333
857.0596667
866.7015
876.7351667
880.6254667
880.3994667
856.9037
824.8439333
860.7637333
862.6598333
950.4698667
901.8562
865.1684333
830.5861667
816.6902
445141.644
776.7830667
765.0609333
750.6975667
770.2695667
766.0791667
731.1597
737.309
753.6059333
749.7800667
759.8388667
776.4893333
815.7138333
851.1846333
814.6122333
851.8408333
816.5058667
765.6695333
784.4575
744.8267333
733.6774333
784.3722
802.2017667
757.2782
763.1978667
765.3580333
779.3095667
786.0784333
775.0292
769.7499667
769.5074333
774.4745
769.8608
768.4225333
775.8871333
795.6036667
789.0636333
764.0047
767.7568667
781.7364333
784.4235333
767.6658333
762.6414333
764.7410667
766.7871667
766.4202333
763.0888333
761.1136667
755.9946
751.0829667
750.4410333
748.5070333
747.2547667
745.8665667
744.9161667
743.2463667
741.9430667
742.0885667
740.2154333
741.0667667
738.9156
740.4749
740.2001667
738.0174667
736.5593333
736.3119333
736.215
737.5691667
738.0903
739.7673
743.696
746.1973
750.7045333
758.1686333
761.0435
761.7541333
765.7197333
768.4127
785.1808
776.3002
771.1774
774.7986
778.1698
779.3863667
793.3141333
791.3900667
793.1482333
795.4224667
808.2612
814.2536333
815.1288
815.7657667
808.3934667
795.6293667
790.7394667
784.517
773.4188
769.8867
772.4688667
769.5588667
771.8324
761.2999667
748.7781
753.3218333
755.9226
757.578
758.0262333
753.0344667
749.0471667
747.9926667
747.3672
742.5914667
743.7189667
744.1232667
743.9018667
743.6460333
743.3459667
744.5591333
743.6229
747.6308667
752.7897667
759.0374667
767.1664
768.8124667
773.9512
779.5346333
784.6121667
799.1708667
782.8675667
779.3359333
780.7352333
772.3627333
770.0162
765.7434333
766.7894667
780.2482667
778.3745333
777.6436667
775.2853333
783.4692
782.9417
769.0297
759.7486333
755.5339333
750.3165333
745.1629667
742.4502333
739.5730667
737.4193
734.6234333
731.0198
730.5267333
732.1146667
729.6658333
727.1173667
725.7967
724.5645333
726.4599
723.2291333
724.4376
723.8446667
726.7665
738.5931
736.3124
735.0085
732.3906
736.1807333
737.6209333
745.6311667
775.6914333
814.2584667
834.8929667
855.3011333
897.1543667
897.1828667
932.4571
913.4372667
946.8019333
921.8481333
919.9750667
909.5718333
918.4899
916.7080667
944.372
976.2382333
963.1447
963.6828333
951.1127333
973.4249
920.8665333
849.7097667
855.4705333
816.5005333
780.602
794.9601
782.2195667
762.4241
755.6905333
751.5678333
749.5469667
753.7616667
750.9812333
753.9849
756.1519667
765.4083333
780.7914
773.7656333
759.9899667
747.1442
740.8636
739.4590333
740.1578
739.7128333
742.1011667
742.9903
751.5352
753.8353
759.5061667
766.0456333
768.1870667
771.0877333
773.7506667
774.6164667
778.5615333
780.9174
783.2627333
781.0754
783.2118
790.5660667
794.1387
791.7297333
784.3668333
778.4814
780.6114
783.4930667
789.6303333
788.2833333
781.9769
778.1702333
777.1778
773.4163333
767.4491
760.3446333
753.0675
744.1173
740.8514667
741.6959667
737.5252
736.8680333
732.9596
725.2659333
723.9121
720.8868
718.8030667
717.7035
716.5632667
718.3949333
722.6263667
716.7088667
718.1917
722.5678667
723.2193667
723.8613
730.9809
742.3088667
748.7196333
752.3394
755.5218
756.9231333
761.8305333
769.2765333
771.1087333
746.8343333
742.4668667
821.1805667
844.1333
882.1136667
858.1709
867.4536667
829.9904333
876.6884667
843.2018
808.4977333
848.9092333
864.8985667
809.0388667
801.0018333
792.8002333
795.573
793.4517333
777.3055
761.5511667
749.7948667
741.8203667
737.0634333
740.8193
733.2072
726.0454333
720.0199667
719.0504667
716.7290667
714.8042333
718.3976667
717.4899667
726.3288333
719.0794667
719.1362667
721.3861
720.7754667
718.9056333
720.8449
726.5742
730.2958
730.4061333
731.4661
739.0651333
744.0798
747.2298667
750.7869333
754.2543333
765.6433
775.4711667
783.4852333
792.378
786.9456
794.1868
794.5091667
797.3746667
830.2078667
836.0356
887.2069
886.1031667
864.3538667
864.0394667
812.3821333
789.6209667
767.0259
765.2274333
743.9467667
733.4717
737.3415333
737.2100333
732.3131333
734.8727667
723.5796333
714.3782667
721.7679
732.2681333
729.9156
724.3355
729.3327333
729.0527333
720.3027667
725.2127
725.0229667
724.6323
725.0562
724.6208
721.1260667
725.9826
736.0883333
749.1964667
783.1888
822.4180333
844.0765333
879.2879
875.1723333
857.8269333
823.9914
855.9584
840.0175667
843.1543
848.4310667
825.6217667
818.4812667
818.0867667
814.8631
817.9761333
827.3522667
847.1762333
815.6568667
806.9766333
800.2048333
775.5788
756.4249
756.6520333
754.1508667
745.2104
738.2018
733.3523333
730.4778667
725.2418667
724.2305
720.0497
715.9110667
712.5999667
708.2943
707.2745333
705.2862333
703.5435667
702.335
703.2401333
703.6420667
703.0221667
704.5589333
707.4735667
709.9997667
715.9640667
723.5724667
730.1746333
734.7094
735.2394667
738.5085667
756.3122667
767.6691667
771.6428333
773.2238667
772.1246
799.55
810.4940333
822.0152667
812.8437
805.4363
821.7180667
844.7164
819.1001667
807.7372667
846.8484667
825.0955667
780.5300333
751.1343333
738.1269
731.1271
728.809
723.2171333
721.6522333
719.3648
718.6121333
715.0273333
714.2996333
714.0086
711.2745
707.9284333
709.6509
708.0009333
705.4532
705.0773333
703.6887
704.2272
700.5798333
701.2572
700.8979667
697.7878333
701.2865
703.0377333
710.6447333
729.4456667
749.5595
804.4821
855.3045333
877.4449333
887.5570667
992.789
1018.030633
992.0200667
996.9351333
990.8016667
968.7428667
1007.0594
1028.168233
983.8036333
967.5577333
1009.677567
1023.775
1069.581333
1052.592667
1031.827
932.4641667
902.6875333
838.1623
823.2623
815.179
812.1883333
774.8883667
737.4838667
734.0201333
725.9186667
702.6522667
698.3554667
698.4519
700.5731
704.567
700.8697333
697.2107333
694.4327667
694.3592333
694.1285
703.9311667
699.2994
693.5938
703.0891667
709.1901667
718.9783667
725.685
736.047
744.8818667
750.3702333
748.0826667
750.15
791.0641333
818.3306
824.9027
815.7028
842.2997667
926.2909667
1013.008
1003.849167
976.8797667
974.3418
1020.63
1020.670033
1003.188233
1044.241
1075.069333
1063.147
1007.793
957.0573
854.7326333
800.3226
775.3075333
759.0339333
746.4346667
729.1005333
703.9223667
702.8861
709.0693333
713.0159
712.6678333
706.0436
710.4641667
756.6854333
761.7414
810.6514333
791.9702667
799.2704
785.0202
833.8733333
808.8064667
770.8986333
756.5325333
756.2001333
751.8739
766.1777333
790.7274333
797.3494667
724.9652
333.0014
465.3595333
851.3829
826.2494333
832.5243667
799.6164333
842.8053667
806.6601667
732.4241667
783.3952
868.4298333
579.525
513.1275267
618.9332667
857.6336
852.6550667
829.9810667
785.6549667
770.9281
788.0041
765.2626
735.897
13266667168
701.7154333
690.2654333
685.3140333
683.6161333
687.5256667
684.0175667
683.2180333
681.3881333
676.4763333
690.315
717.4930333
687.6480667
700.3807333
672.0297333
684.8934667
686.4385333
693.369
701.2994333
699.9164667
698.5137
704.7812667
722.9323333
742.7874333
771.5054
789.2282333
788.6132333
783.5301667
807.6909333
880.7173
809.5964
778.9727667
843.8807333
843.6677
773.8139333
775.5707667
778.1882333
781.5815333
813.8254333
813.7696667
789.8209667
811.7321
817.9985
808.8849667
747.0835667
707.0828333
712.9074
734.0367333
730.8448667
724.2786333
715.9013667
714.1265667
714.5325333
712.5467333
711.4316333
709.8207333
706.3703667
703.2385333
698.1477
698.6382
696.6834333
697.8511667
700.9723667
701.2184
705.4396333
706.3811667
708.4002
707.1083
707.9942667
714.5371
719.6387667
727.5336333
741.6111333
759.1243333
753.7642333
749.5182333
753.0239333
803.4739667
815.8269333
804.1915333
789.7623667
799.5206667
786.3141667
772.5533
762.0244333
765.0417
768.1230667
766.9840667
768.4761667
761.4392667
755.0136333
744.3096667
737.3715
734.5615
736.0048333
740.5504
732.9130667
729.3719
729.6528667
727.3894
722.7164667
723.3194667
721.7123667
727.6645
720.1956333
722.9092333
725.0929333
719.5314667
719.3417333
718.1292667
717.4268667
720.1871333
732.4656667
737.1118667
725.3538667
742.8712
728.5193
732.029
737.637
743.6352
750.768
753.9078333
742.2740333
743.0386667
756.9331333
773.9984667
775.8526333
785.9234
783.902
791.3074667
806.9582333
797.3231
786.0945333
785.0920667
792.8363
807.3973667
792.6145
781.8885
767.0662
748.7879667
744.4986
736.1346333
724.4426
714.0597333
712.7015333
714.7992667
713.3984333
709.1201
703.8753
708.7599
741.8403
757.9787333
786.0565333
732.5913333
743.0548
715.6106667
713.2043667
712.7087333
712.4054333
724.4082667
713.7807667
713.4089333
715.8095
725.0566
719.7354667
721.0936333
728.1658667
745.7361333
750.4958667
740.4586
746.1263333
761.1692333
740.6357
748.2463667
778.0656667
770.2282667
767.7602667
744.6264
738.2312667
737.6139667
745.0866667
752.0696
762.0642667
791.9011333
770.7481
764.7114
754.3797
751.0838667
741.8437
741.8149333
740.7624333
738.9010667
736.8446
776.6479667
745.5708667
634.2477
709.7404333
717.9160333
765.8268333
757.4019
782.5116
736.2991333
748.7734
723.0813667
745.8819
736.9978667
751.2044333
748.7168667
730.1830667
750.0898667
727.8081667
727.0264333
732.4283
737.6834333
743.3803667
759.5571
772.7344
789.1553333
793.3143667
769.6430667
765.3741333
767.8624333
761.5714333
743.4331667
798.4344
784.6546
817.2817333
792.9904667
803.1377667
789.0232667
777.4401667
755.3158
773.697
826.0112
866.6083667
775.7936333
807.65
820.2411
750.0445
808.5920667
741.3814333
730.3688333
729.1229
727.3743333
723.7404667
723.9733667
771.1724667
762.0649667
782.4760333
713.5695333
710.7969333
707.4812333
708.4311667
707.9469667
708.0199
725.3601333
708.9688667
710.6345667
712.3999
714.1043333
718.3371333
719.6829
722.5531333
727.3773
738.2625333
744.8966667
729.4790667
734.1467333
739.6819
740.6458667
741.2351667
743.7931
745.4634333
747.4598333
747.8355333
745.4862667
745.1327667
745.9451667
747.5762333
749.6706333
751.2830667
749.7971333
748.9523
745.0175333
741.9914
735.4905
731.9228
725.8367333
724.2027667
720.2384333
717.9556667
80334.1968
718.2090333
715.3710667
714.5985667
709.2728667
706.4299
707.5561333
711.1577
708.0157667
706.1718333
715.0847667
724.1686
738.1262
754.8146667
748.5076
729.9946333
722.2908
738.5936
754.9889667
751.5784
745.6714667
752.0915333
755.2810667
757.0769667
761.8462
786.0596333
776.9536667
770.0248333
782.9633667
802.6515333
788.3571333
769.5378
767.8074333
767.6617333
768.6741
764.5606
764.3546333
766.0595
771.5877333
770.3223
768.3537333
737.5015333
719.1807
708.5708667
713.8064667
714.2566333
712.2738
731.6223
763.9202667
724.1130667
698.7817667
698.7319667
693.3974333
690.3945667
703.5849
705.8768
703.3494667
706.1556
700.5161
701.416
702.5554667
702.672
705.2523
700.5561333
700.7379
698.1193
707.8516333
726.4989667
742.4582
770.8186667
800.3092333
816.9496
788.6961333
827.4348667
856.9672667
859.7426667
863.4982667
870.3103667
893.2243333
831.6846333
888.9712667
938.5374
940.1811333
941.6924667
954.777
960.3627333
909.3081333
872.5942333
864.0279
841.909
823.5952333
809.1005667
796.1974
800.2873
847.3662
843.2094333
818.2153333
784.5399667
769.9012667
771.0731333
773.4416667
779.0097667
767.6535667
800.1596667
774.4164
765.0062333
779.9807333
761.348
754.5824667
751.8612667
702.1082333
725.7435667
755.5899333
758.4155
753.4158333
755.8489667
758.7095
753.6234333
752.6012
753.0981667
756.1773333
757.1417
756.1259333
755.6526333
752.6034333
750.0330667
748.3986667
746.9251333
745.1615333
745.3219
749.4548667
751.7708667
751.6692667
755.7762333
764.3712333
760.4663
770.3059333
790.1721
720.2433667
711.5700667
747.4609
719.2374333
683.2029333
699.8963
734.0267
746.4013333
743.1166
729.3577333
741.3778333
757.2689
754.4428333
731.2374
755.9260667
770.7109
763.1417
771.5396
760.2013667
764.2930667
758.4933667
754.4289667
758.8318667
768.2098333
764.7259333
765.7831667
769.1024333
775.9447667
780.8123667
826.7044667
822.4259
816.1137333
757.0953
761.0914333
764.3107
767.1219667
759.8607667
757.0403333
751.5968
746.7037667
754.5545667
757.6516333
747.9559
749.4288
747.5017
748.636
746.2236
740.5106333
734.0133333
731.6105333
727.5218
725.6563
719.7766
716.6366333
714.4994333
707.0224333
711.9479667
716.8238
710.3504333
702.6262
701.0694667
700.2843333
699.6668
701.5338333
695.3143333
696.1613
695.3388667
692.8558667
692.7474667
692.6662
694.2515333
702.2154667
712.5134333
724.6404
736.4135
745.7238333
752.1870333
759.0450667
761.0083667
770.0747333
779.8961333
799.8385667
798.3779
839.9184667
807.4557667
643.3998667
339.9533967
306.4202633
-695.3164333
2997.516
1728.232567
1585.779
2072.701333
1871.11
1353.336667
841.9792
765.3209
746.5897333
735.3643
728.5263
721.651
716.7299
725.6897
729.7776667
730.1001333
720.6889
718.7418
713.0431
698.0367333
687.9174333
689.8515667
686.3803333
684.6573667
683.5681667
690.2492
685.7000667
686.0091
687.3895
688.6472667
692.6342333
695.1217667
703.9814333
715.8214333
724.3074
730.7197667
731.9233333
741.9220667
749.4070667
762.4797
765.0684333
764.2406667
766.7227667
761.1295333
759.7581
761.9823667
760.0060667
758.109
761.8428333
763.3320667
761.1251
764.3829333
762.4314333
765.1111667
752.9126667
738.6256
739.2301
759.0183
787.6600333
743.2434667
751.4082667
765.7465333
742.3510333
743.4798667
755.0378667
735.7594
716.1586333
720.6534
703.762
698.5925667
701.9334
703.0009333
709.2936667
719.3786667
719.1522
724.3662667
726.8644667
737.4861
747.5236
736.1293333
747.1767667
773.9413667
822.4827333
787.5748667
786.9189667
788.4861
850.9655667
816.7142333
810.4122667
760.5899667
858.0139
810.4253
682.4615333
342.0980667
44.20877333
47.00847
1224.313167
1524.437667
1512.583333
1525.775333
1283.035333
781.0713333
757.2265333
754.4991667
751.3815333
735.7075
721.2478333
717.814644416667
714.381455533333
710.94826665
707.515077766667
704.081888883333
700.6487
701.3688
701.6268667
706.5186333
716.6896
711.5681667
708.606
717.6087667
739.2862
750.2056
749.1998667
740.3923333
738.1225667
756.4025333
775.9166667
754.5731333
755.3399
760.2903333
772.6449
765.4595667
775.2985333
800.8311333
785.1589667
798.3226667
790.3864
797.5475333
809.591
826.0243333
800.787
789.5208667
772.8850333
811.4308333
802.4856333
801.4951
837.1933333
850.6590667
835.1271667
812.4916667
809.2392
788.3510667
762.0889333
736.9397
742.0608
748.0695
742.0517667
742.7791667
768.4855333
736.5532
745.3897333
729.6180333
725.3216
722.4264667
724.3374333
727.6436667
725.6895
741.9776
800.6862667
734.7860667
734.6465
736.4022667
728.3157667
727.8469667
726.7510333
732.6315667
739.3203
745.3262667
753.4484667
765.3112333
774.4653667
776.1612333
763.0271333
759.8689
766.7106333
773.8936667
784.5151333
736.6884
739.9811333
776.9298
735.4695333
786.2253333
774.0024333
772.4214667
783.8631
781.9321333
799.7354
804.5992333
800.0349667
788.9796667
803.0651
779.1706667
796.6765
736.2773667
746.8068667
759.4272333
759.5587333
744.1337333
730.0668667
733.6868333
726.9076333
725.8543667
719.9281
734.9780667
729.8774
732.1846333
761.3961667
714.3977667
721.9944667
722.6635
740.7515667
732.012
741.3136667
741.638
740.5553
762.4062667
762.5557667
778.1489
780.3033
774.0211667
780.3013333
793.2805
784.9956667
783.6157667
788.5955667
789.6218333
790.5568
750.1372
633.6308667
706.0239667
796.8116333
799.4969667
791.5792
782.8748667
774.7713333
764.7449
761.0307
751.1404
740.2855333
735.6481333
729.5508
728.6567333
724.4218
722.5391
721.9685667
717.6785
718.8149333
717.3906
713.1875667
716.1543
713.6885
711.3954333
715.8799667
710.4509667
709.1145333
706.9549333
709.5789667
712.1772333
713.9009667
715.6164
719.7740333
721.1013
727.2117667
741.2538333
754.4582333
776.8594
783.9399667
815.6603
870.2868333
866.6431333
733.293
343.1497
203.8742
183.1183933
205.6487433
893.9930667
1144.3
1078.048333
1472.299333
1686.050667
1616.594667
1622.792667
1592.75
1520.826
1072.369333
794.0702333
782.2375
772.4465
774.1513667
776.2899667
765.6665
749.2743333
733.6606333
717.9339667
713.7190667
713.0119
708.1785
706.6898667
705.0866667
707.1772333
702.3146667
721.2331333
710.2073667
722.453
742.1698
723.0747
772.8997333
719.7131
723.1799333
726.8027667
731.6530333
736.7213333
742.2983333
745.6043333
748.4369333
748.334
771.8259
797.035
801.7904333
786.8593
770.5934667
787.8113333
796.3002333
779.9329667
774.2268333
805.4096667
824.6517333
826.9661333
808.4477
816.0737667
814.2686667
788.7392667
818.2104
777.0618667
759.6386667
780.8562
818.0492667
788.7124667
766.8735333
730.1572
726.562
720.1346
721.2974
721.7248667
751.6128667
706.6347667
721.8107333
740.2240667
759.3264667
743.1057667
807.0064333
786.7202667
740.7346333
769.7444667
726.0343
721.3383333
724.3952667
727.9982
732.6551667
738.4761333
743.0711
747.1237
748.2523333
745.8137
748.0968667
749.5225
752.1470667
752.6102667
753.0097
753.2183
755.7653667
754.1863667
752.7101667
752.1762667
753.6255333
754.7935
755.4703333
753.9615667
751.1142333
749.4940667
748.1401
742.6965
735.9191333
721.8426
713.6493
706.1588333
707.1753333
697.6940333
691.2577
689.3993667
686.6043333
686.7585
682.1150333
681.8693
682.1304333
681.679
680.1082667
680.0745667
682.0862
680.6286
682.4955333
687.8191333
686.5167333
689.2684
684.5105
700.8301
716.4849333
732.1709333
783.9148
846.2861333
917.0266
967.7696667
932.4889
904.7793333
947.0450667
941.9183333
950.5296667
902.5165
965.2166667
962.039
931.3956333
955.0066
952.1809667
952.9900667
913.3955
961.5142333
917.0624333
838.4392667
780.9107667
758.2712667
78000000371
722.3961
721.5729333
711.5793333
698.5943333
685.2304333
678.2998
673.8778
669.8718667
669.6441
667.7629667
666.2105667
665.1955333
662.3906
667.3260667
664.1022
660.9453
667.7390667
665.6213333
667.6026
677.3486667
701.8184333
704.6797
755.0729
749.0931667
763.6902333
765.0539
717.5849667
749.4587667
765.3296
741.8933333
739.0681667
738.9109333
740.5221
746.4029667
751.0203667
742.6936667
745.6066
748.3945667
799.6704333
785.5263
812.4482667
799.0049
819.6647
799.5347667
842.7350333
780.3411333
742.4794
764.2295333
769.2838
764.9313333
749.3747667
758.0389667
727.2753667
762.6471
743.3167667
765.5078
753.7856667
769.3028
756.1512667
741.6255
757.6465667
750.0423667
752.5723
779.4778
773.9153
766.1422333
824.2311333
767.0255333
769.6242
774.9892
791.9909
797.3932
800.3177
826.7971333
812.9882333
809.4423333
815.3415333
792.7832333
788.2754333
788.7014667
819.7114
834.6868667
846.0373
801.6127667
753.6171
786.3080667
746.7521333
746.1651
748.6759667
752.5942
745.8440333
729.7119667
723.6095333
717.8783
714.8169333
713.0964
701.3237
699.6371
703.1213667
702.0435333
702.2361667
701.6688667
698.6278333
698.8631667
698.3361333
696.7589
696.5774
692.6193333
690.7852333
695.1982
696.3
695.0161
692.1024333
694.1705
698.2374
696.2303
693.3181
685.5588333
695.4206667
708.9639667
727.5756333
747.0969
785.2316333
802.9676333
793.8631333
791.5409667
786.7499333
780.4748667
778.2982
779.6293667
776.9535
774.7549667
779.2
776.1091
790.5121333
859.3172667
863.3251333
830.3697
762.2069333
729.2769
722.3994667
720.4161667
717.9557333
717.9658333
735.2235333
719.7913333
707.4193333
699.6648
692.4376667
688.898
669.1119333
659.8118
662.3583
655.6034
663.1089
658.9361
660.0659333
659.1461667
662.4337333
662.8492333
668.6611333
670.3747333
679.0898667
674.8415
678.3727333
682.2007667
689.656
695.4218333
701.0404
704.2589333
709.8112333
712.2472667
713.7733667
715.3531
717.8949
723.1496667
728.5999333
729.5302333
729.5225333
729.3487333
775.1584333
737.1937667
730.2562
732.2951333
731.4194667
732.5215333
733.1861
734.1393667
731.3123333
729.4306333
729.3591
728.8083333
728.4000667
727.8609333
722.1081
717.4350667
709.4652
707.8573667
704.6883333
704.6426667
707.8165
709.5881
707.0943
708.4361
708.7407
706.2789
703.8007333
701.6123667
699.8141
688.0236
681.6873667
686.0328
698.4654333
708.7048333
715.5838667
720.1156667
725.0993
725.3298667
728.6546333
730.8923
733.9065667
742.6073667
751.9069333
757.3972667
761.2739667
765.5527667
763.6445667
767.6089
771.5019333
772.05
771.4395
766.0428
767.1209667
769.0942333
765.9065
759.2338667
755.8873
759.0250667
743.7400667
736.7796
736.8846667
728.2337667
724.5350667
719.6513667
716.0474667
716.2235667
712.7056
711.5912333
708.5317667
705.9967
702.8761667
702.9336333
700.0274
702.4684
703.5316
702.0086667
702.3819
706.1043
708.8901333
707.2140333
712.5919
714.0978
718.0950333
722.4833667
729.1477
736.9237667
741.6841
748.0756
751.0419
748.2117333
754.4277667
762.9476333
777.2869667
787.2012
802.5472333
822.6229
872.0707333
849.3895
839.5098
839.4987333
840.6978667
853.4356333
804.4972
778.6769333
755.1392
757.5811
753.0964333
746.251
738.0666
739.4687667
736.8655
736.9364
733.1456333
729.0464
717.3260667
717.5038667
712.8347333
715.3238333
712.2778
710.9316333
709.4717
708.1489333
703.7044667
704.1935333
702.9210333
707.0538
707.2807667
709.0418
709.1591333
711.8685
715.6176
721.1446333
730.7471333
752.4414667
754.1543667
751.6322333
755.0379
761.3178
759.6554
763.8608
764.7767
766.4835333
780.4996333
784.5957667
781.9868
798.3483333
810.2575667
816.0461333
809.7450667
794.9112333
784.1825333
776.5103
763.5107667
756.4203667
757.6331333
756.5768333
757.8118333
752.6749333
744.5528333
735.7735667
735.4807667
731.2555
727.1280667
721.9600667
714.7743
712.0194333
712.8543333
711.0164667
706.8422333
702.7319667
701.1229
697.6297333
697.3615667
696.4579667
695.699
695.1791333
695.8434
698.6368
701.3369333
703.6787
724.5975
810.1282333
877.5559667
961.5920667
1040.0183
977.0414333
955.7101
1024.028167
1071.195667
1066.292
1094.076333
990.1039
1040.743733
1001.418167
985.1518
962.5248
989.0633
986.1409333
963.5744667
888.5155333
647.3335
569.1807
536.2847
516.4340333
516.41
506.7693333
502.7983667
504.0439
498.7684
493.2315333
498.0488
700.7415333
695.0138333
693.3284
696.5205667
691.4493667
691.0004667
684.4564333
688.1783667
685.0464
686.3573333
687.6025667
694.7652333
696.1358667
696.1523
702.6997667
705.4644333
709.2612333
726.9816
737.6290667
753.7550667
810.9029667
929.0907
996.3179667
1050.831667
1028.4411
1011.712133
1085.873667
1135.393333
1153.250667
1201.691667
966.0946
855.5184667
824.1547333
834.5150333
830.1532333
800.0505333
771.3247
758.6624667
748.7918
745.439
740.8135667
727.7782
719.2689333
705.3274333
700.9989667
691.1109333
683.9456
688.2433667
686.7498333
704.4036
702.0977333
683.1324333
677.3693
672.6049
674.7945333
675.9761
678.9035333
685.5197333
691.2752
701.6598333
704.3980667
694.7360667
691.3807
693.5307667
697.3946
714.1848333
731.5545333
745.3071
749.8340667
751.8563333
775.1714333
810.3423333
900.6503333
948.8312
996.6088333
1090.56
1115.943333
1080.576667
1057.321667
1122.725667
1105.47
1189.129
1232.29
1189.375667
988.9703333
943.8386
922.871
836.3565
783.3823
785.9609667
762.8116
750.9836667
726.7828667
719.6048
703.7242333
701.7951
710.0020667
711.9401667
694.6546
705.2390667
742.5503333
729.4565
725.3919
707.5981
698.1691
698.9324667
706.4952
698.0113667
687.0606667
679.3653
684.9950667
691.0209
701.2910667
714.4528
727.3082
741.6923
765.117
946.6747
982.8272667
946.2160667
894.3972
787.4225
833.6727333
843.7641667
781.7642667
804.8191333
806.1628333
862.8583667
885.3331333
878.3326667
896.6189
855.7892333
785.8540667
767.1010667
754.4956
751.0413
748.5020333
744.4113667
740.6091
739.6871333
738.3062
731.4224
737.3075333
723.3128333
713.4946333
705.9906667
697.2198333
690.0694333
685.5161667
682.9804
680.7772667
678.5264
680.0396333
676.1472667
671.2390667
666.3214
670.7568
674.3207
676.7099333
679.5318
685.9147333
691.8755
699.8757333
705.9924
711.1793
715.3010667
720.3303
726.5632667
731.6538667
736.8646333
742.65
748.3122667
751.5543
753.9748
756.8747
758.7232667
767.6235
771.7603
782.8392
774.0261667
768.3072667
754.8557667
755.5351333
747.7339
745.3576
752.9219667
754.0064333
754.1603667
747.1604333
742.0671667
732.2376
725.1178
718.3453
715.9331333
714.3094667
707.6164667
703.6399
693.5221
687.1127
682.2298667
687.5158
689.8014
706.0010667
714.1233333
709.7896667
708.2388
709.6422333
715.7399667
719.8314333
727.8264333
764.0395
793.9528333
782.4895667
732.9790333
722.5838
722.0523333
724.1184667
726.2185
731.0058333
732.6226333
739.2202
741.1722667
744.5377667
747.6662667
750.8027667
756.5444333
755.6777333
753.5176
751.1658
750.6916667
747.9781
746.0178333
744.6531667
749.6578667
742.8861333
734.1432667
723.8745667
713.0169667
701.5643333
699.3788
694.4630333
696.1819333
695.4307333
694.0874333
690.7265667
687.9639
684.9798
688.3603
686.0269667
688.0824667
685.4962333
685.3221333
685.1737667
687.6289333
691.1023333
693.9245
702.0037333
718.1189333
753.2275667
776.0128667
788.0716
808.2216
805.3568
817.7115667
839.9624333
858.1671
843.6707667
857.3702667
825.3031667
828.2582
857.6353
864.6457667
887.9879
888.8151
845.5976333
888.6721333
826.2131333
803.9795333
776.6585
759.9965
741.8695333
720.5291333
719.2239667
710.9600333
698.0776667
697.0820333
689.0687667
682.997
681.6991
678.3373333
682.3058333
679.6837667
676.1807667
681.4488667
681.8107
677.6950333
678.6668333
674.8769667
670.7699
666.8680333
666.7279333
685.2117333
692.8064
700.6420333
714.3928667
717.9268333
761.6573667
799.6949
830.2561
857.1207667
848.8301
804.8167
760.9481
810.2573
781.7575
775.9002667
792.5934
800.3648333
779.0866
793.7862
842.2127
822.8888
813.3944
795.0738333
771.5232
738.6049333
711.5678667
697.7775
690.0174333
683.9323333
692.1500667
681.699
676.3212333
674.5428667
679.5712333
683.3298333
687.5582
685.1991
689.3726333
696.4465333
695.6732
707.6454
694.5123667
689.8396333
688.1606
697.1807333
685.3747
693.042
692.4181
690.8938667
695.8557667
696.6772
700.2802333
706.2806333
712.6042
716.153
720.2194667
718.4358
714.3812
711.0413667
717.8154
726.9154
733.1451667
725.4984
726.2520667
721.3429667
720.6625667
725.0517
719.6466
723.3803667
722.178
719.1382667
718.3932333
717.7393667
740.1195667
782.1681333
783.4731667
694.3140667
690.9519333
688.2154
685.6050333
685.0335333
679.015
677.5601667
679.9211667
674.7337667
673.5296333
685.6718667
699.4185667
743.8083
758.0024
747.5159333
746.0389333
733.9290667
773.8104333
767.6236667
767.2364
791.6931333
786.1411333
773.1322
755.6477333
750.5068
743.3496333
740.2305333
740.0815667
741.6361667
751.196
761.7720333
762.9141667
770.4035667
778.6236333
772.6496667
760.5371
746.5314667
748.7418667
750.3050667
755.4034667
760.1195
760.8536333
755.0357333
748.9967333
737.0199333
732.2
729.42565
720.6327667
716.5510667
715.2226
707.4353
703.1517333
700.7168667
697.8969333
693.0791333
690.8079333
690.2455333
685.6834
682.3962333
684.6998667
683.9346667
678.9139333
685.4010333
685.1347667
684.8866667
681.9682
677.9729
681.6373333
682.2741667
679.7294
685.4305333
693.7987
701.6204667
734.7849667
768.1464667
817.3900667
798.9558333
872.7116
852.1489333
825.1942333
811.4839333
833.3121333
849.4476667
832.6779667
838.3012667
823.6795667
822.9633667
849.4834
870.4809333
904.6782
781.5717333
736.7533667
713.7183333
694.9985333
681.2718667
674.8264333
673.7641667
669.1008333
668.3279333
671.0946333
676.5342
685.5808333
688.5682667
727.1103333
684.0300667
683.3019667
690.6990667
688.0901667
690.1445333
680.3707667
680.7125667
679.2589333
680.2633333
678.7786
682.7828667
677.8995
680.7339333
688.0041333
693.6231667
696.9735667
705.1141333
709.855
731.5248667
752.8401333
761.6870333
788.2896333
839.6069667
844.8176333
769.1579333
771.9825333
795.1541667
810.4084
866.2031667
798.1100667
780.8847
781.4184
788.8846333
760.0583
750.9023333
738.8329667
733.5079
723.6904
714.4011333
708.0986667
696.98
697.9013667
689.6554333
684.7863
681.5924667
678.4747667
679.0119
676.7555333
674.1687
676.1612667
676.5411
677.5054333
674.0532667
678.511
725.4697333
682.9832
666.6621
667.7601667
668.0036333
670.7253
672.7002333
680.3058667
693.9483333
701.1578667
716.4474333
735.9748333
783.8065333
762.0086667
800.3050667
761.8465333
778.0169
762.5807
770.9219667
772.8944
785.1734333
842.6036667
869.6226667
822.8678667
843.4074
861.054
876.1788333
807.6444
851.9735667
781.4756667
768.2538
746.9745333
735.2031667
735.19
753.7826667
755.0405
731.899
711.7744333
698.9947
683.6241333
675.4386667
676.1366
687.3123667
682.4611667
664.1615
659.9963667
677.5590667
717.8428667
754.2326
682.4946333
656.4141
672.2292
654.2067667
662.2725333
659.7425667
658.7887333
647.6155667
659.7088
681.4542333
729.1847
754.5097
831.7358333
801.4298667
868.4842
804.5249
832.3758
982.6462667
887.7895333
767.821
802.7726
856.0121
864.4076
840.9380667
890.714
888.6311333
881.5426
846.4752
770.2874667
759.7348333
782.1163333
765.2190667
749.5305667
736.3512
723.0915333
708.6459667
695.4550667
678.7571333
669.0579
665.1159
668.5329
668.8
674.1065
690.5291
698.3405333
690.617
690.1907
692.6054333
698.1844667
702.5033333
695.1466333
691.2636667
684.5684667
675.0589333
687.9635667
698.9397667
719.7162667
737.7652333
887.4698
990.6083333
1154.114667
1088.438233
1232.665167
1364.527333
1243.194
1325.204333
1361.168667
1355.096
1350.512333
1286.791333
1342.934
1232.754333
1021.856333
963.9962
827.4736667
876.7818
860.4883667
819.7421333
780.8826667
786.8147667
796.6153
798.38785
785.9762333
767.0976333
728.6283
694.4614667
695.373
710.2345
717.8245667
736.0413
730.9943667
727.554
708.2285
692.4778
695.0474333
704.5321333
706.7965
686.8987667
673.6295667
674.3309667
698.7007333
719.2204
719.7644667
720.5783667
722.5845333
745.8683333
810.5969333
806.8739667
788.8967333
798.8221333
762.3763667
743.8687667
730.4696333
758.9573667
787.1062333
771.8750333
809.9739
852.1401667
799.717
753.3637333
795.0777333
807.7555667
820.7892
771.4781667
762.0632667
751.9199
779.6997667
758.6818333
758.3672667
769.3673
839.0088333
824.3980667
825.863
759.7739333
783.2113333
782.4175
772.0130667
735.4137
758.7133333
768.3644
736.3385333
709.4743667
683.198
674.8239
676.7574667
677.9172333
680.7324333
681.988
680.7826
683.2928333
685.2534
692.6441667
738.574
805.6772667
845.6375667
889.0503333
822.7836667
791.0425
795.1162667
765.4571333
819.0184
804.7272667
704.7910667
703.3913333
702.3683
701.9075
730.5806
733.5664667
722.0467
716.1565667
761.9534333
724.0950333
718.5566333
714.8809667
719.2706333
729.7805667
937.2611
847.4286
722.8505667
729.1931667
779.1964
648.6557
660.6033667
685.9271667
751.3140667
731.3348667
711.1441333
688.9377667
744.5153667
705.9556
680.0700333
682.7099
683.1768667
693.6087667
686.4044333
695.1445667
696.3268667
691.5639
695.0511
699.1854667
706.9928667
711.7343667
719.4562333
724.0466333
752.6954667
760.5336333
749.465
750.6366
739.8575667
730.9501
732.1066
730.7085333
729.5987
732.6691333
732.5592
739.1424667
731.419
728.1909333
721.9063
719.9115667
715.8009333
711.7086
705.0407
699.0597
685.2347667
691.2070667
688.4035667
682.8407667
681.0626667
677.0765
676.2293333
677.5572333
673.9520333
675.6144333
669.179
675.1326333
677.8603
678.7710667
678.3434333
677.6592333
672.6371
674.0390333
675.0033333
675.8686333
679.8865667
687.4232333
686.7267
685.4644333
690.1883667
694.2553667
696.8733333
699.7298
701.5043333
702.3311667
706.2206
708.0083
800.6692333
736.7648667
777.4048
833.4725667
815.5237333
670.3667667
643.4898
636.3143333
695.5494
806.5607667
839.5317
836.4325667
843.9748667
767.5598667
720.405
707.0842333
704.4261333
708.9889333
703.0962
699.8238
695.0012
694.8985333
696.0795333
731.1705667
731.9287333
821.867
800.5402667
706.6362667
759.7539
696.226
689.0852667
685.3129
686.5497
697.3084333
713.1353667
681.9986333
685.3385333
685.8687
689.6421
735.4434333
839.8898333
759.1167333
739.4884333
739.5016667
730.7548
723.9121333
723.1529333
726.6415
729.0858333
729.6561
731.4316333
733.9609667
958.7885
756.0828667
843.8204
822.3418
753.9058
775.7075
802.2565
763.4493
776.6926
832.7606667
740.4883667
719.7017667
711.6389
707.9382667
703.2993333
705.793
699.5724667
700.6150333
708.8364333
704.1722333
702.0003333
700.7465667
704.2008
711.7041
710.2585333
744.4188667
811.9839
803.4360333
710.7403667
706.4646333
710.9387
715.9784333
718.3403
728.8011667
732.6818333
742.1612333
805.5214667
996.4523667
798.0981
748.3634
916.4078333
804.0389
840.0865667
804.7123333
776.7143
775.7610333
769.3044
764.8016
766.7680667
764.5433
770.9103667
778.1997333
781.0549667
780.4864333
775.7292667
775.6250667
763.3275
753.1885667
761.4796333
751.8781
743.90785
725.6646667
722.8493333
722.9214
716.6960333
713.8301333
708.6312333
708.2406667
705.1499333
705.3933
698.5719
702.6678
702.9691667
698.0555667
697.7042333
709.9963667
719.9788333
709.9472667
702.9009667
700.3988667
697.1529667
701.6201
701.8013333
703.4412333
710.1964
728.4434667
752.7197667
776.5964667
774.2452333
789.3409
794.5503
801.7998
889.9036667
905.9341333
903.8960333
834.2643
893.3577667
926.678
648.7634
-338.6002667
-828.6587
1264.366467
2886.308667
1149.4751
385.8139
797.6973667
792.3409333
761.3061667
746.3171667
734.4190667
726.3357333
727.1289667
718.4200333
712.3461333
717.1666667
715.6072667
711.2146333
708.7195
700.9975333
698.7106
704.2383
696.6738
702.7197333
708.0493667
709.1967
707.9766333
707.4720333
709.2273667
701.2616
714.2252333
733.2907333
775.5455667
791.9171
747.001
799.9555667
810.6832333
800.9801333
803.0086667
824.3846333
786.3068
765.7412667
797.8668667
796.4029
880.5298333
882.6496667
881.2201667
901.6345333
923.5272
875.7454
971.1832
955.8551667
926.7437
896.2359333
764.9699667
751.1157667
742.0497667
724.3615
723.8285667
725.9877333
731.1499
811.6051667
776.8915667
720.4032667
697.9024667
695.0122667
694.8356
692.6791333
698.2569667
701.9289667
703.7945333
700.1386667
694.1174333
701.4498667
717.69
701.4508
708.0851
724.7234
714.3306667
720.0030333
719.4024333
715.3568333
718.1683
739.8892333
779.1132333
786.4076333
764.1879667
795.8426
814.8678667
811.3512333
805.3123667
790.6928
779.9194
778.0052333
783.3333667
776.0463333
800.9889333
757.9031667
751.2775667
745.8912333
743.3643667
811.2035
798.6479333
870.4688333
827.5003667
813.1224
688.9422
562.5538
569.7505
761.1444
735.5671667
716.8932667
773.8188333
762.2144667
702.1136333
798.2104667
731.9984333
767.0396333
704.2315
699.1963333
694.7962667
694.7438
692.5092333
691.4644
686.9848667
693.2110333
701.0738
702.8555
709.1873667
711.0733667
714.9107
721.1113
751.9106333
764.4239
722.0818
786.1496667
835.87
771.2644333
814.3094
852.4008667
877.3954667
893.1423
914.0412
948.7062
895.2066333
864.0634333
885.8779333
861.6734
806.3887
809.4447
856.4288
745.1213
724.8266333
712.5562333
713.17
724.2227667
712.9598333
702.5262667
738.4162667
717.5921667
699.7782333
710.5808667
725.6989333
706.0459333
687.7545333
684.0585
680.9866333
681.9809333
683.2726
684.1027
686.5500667
687.4724333
691.0370333
690.9376333
692.2159667
697.6530333
701.7270333
706.9644667
715.6825
734.9798
749.8304333
772.8269
769.7388333
778.5513333
759.6121333
791.1798667
879.1906
888.2701
906.0289
460.64327
51.94746667
107.2710333
-115.3045233
-28.80396667
1766.170567
2122.975
1123.937567
525.6748333
787.3470667
758.2215333
731.8058333
713.3733667
706.3850333
711.5497667
707.5000333
707.8274333
696.0803333
690.8566667
690.0118
683.4698667
675.3818333
674.7157667
671.1596667
668.3196333
663.6495667
661.3749
665.1435
664.4984667
661.949
667.8666667
661.356
659.9415
663.3579333
662.9545
667.6501333
673.7374333
698.3442667
754.1375333
799.6008667
787.7103667
775.8030333
780.0996667
780.1302333
802.7838333
816.6128333
809.9651
814.5297667
901.2281333
952.7111
927.6004
545.29339
-68.22187667
176.571607
735.0111
731.1117667
721.1614333
706.7033333
704.6436667
706.0981
705.6875
704.1572
699.2322667
696.7318333
692.0372
692.3453333
687.9735667
684.4033
680.4178
679.0052
676.8637
676.5417333
673.4031667
668.5545
668.2360667
666.9694667
667.2267
668.1027
667.0723667
667.9653667
671.8996333
677.5981333
692.0568333
689.7751333
698.5992333
713.5192333
731.4094
761.8753333
797.7576667
844.0746333
898.8849333
938.95
903.8881
890.346
934.3483333
960.0776
1026.564
817.2424333
595.8709
779.3047
-255.97173
-198.03527
253.7522267
789.5097667
299.4332
789.7819333
766.7041333
720.0008333
708.5020667
707.8453333
693.9645667
682.0096
675.9425667
673.7803667
670.927
669.7079
668.61965
670.8981
667.026
664.4268
661.5892667
658.2952667
659.8711
657.5787
658.2804667
661.8807
661.1415667
658.1220333
648.5774667
648.2491
654.3424
673.5397667
689.9014
710.0420667
730.1284
892.6176667
854.6241333
897.3403333
819.1450333
823.4359333
845.8726333
855.4677333
855.5808667
1058.098333
1149.299667
904.6835333
765.5576
778.1926667
752.8402667
774.1122667
792.2365
790.0793667
797.6526
781.5039
785.4615
810.2982333
816.7881
801.4867
808.7801667
820.6181
803.2523
751.0426
794.2304
806.5640333
829.7932667
730.3708333
764.7389667
790.3046
743.3130667
739.1818333
791.8783667
827.5708667
742.0054667
702.6332667
697.9192667
693.3522667
699.6988667
695.8905333
694.5369333
698.7223
704.07
716.7114667
723.0377
737.8943667
758.0958667
765.0492667
819.9272333
840.9379333
861.6156333
788.7038
845.9323667
883.0141
816.1620333
778.4490333
760.6426
762.6862333
788.2444667
785.7945667
777.7957333
764.6176
753.6822
741.2895667
736.3748333
732.8262667
745.4066667
718.5539333
717.0765333
713.5614667
708.5431667
701.9048333
699.6500333
696.619
690.1087
687.6309333
685.4786333
680.97
679.3969667
679.5144
680.1606667
680.7164333
673.7521667
671.0764667
674.0542667
673.7543333
672.7286
677.1630667
676.3811667
684.0381
698.2914
706.1844333
727.3202333
726.612
728.8934
737.4395
735.8164
741.8100333
737.5845333
752.9927
735.8046333
735.4558667
742.9146333
757.6686667
778.3322667
774.7547333
769.4646
776.1104
787.6194333
813.0212
775.0064
754.3282333
728.9819667
726.8774667
723.7766333
715.6109667
716.8803333
707.3247333
708.2133667
703.8026333
703.0198333
701.8835667
698.0000667
700.2945667
695.5096
696.3392
696.9857667
691.0239
689.1358333
687.7290667
693.3686667
691.1063667
690.1052333
690.8680667
691.4736
693.3233667
695.5868
701.5879667
712.1829
738.4462667
763.7669
795.3124333
887.4133667
944.1618333
1036.468333
1019.626233
1007.044733
1178.353667
1256.779667
1257.522
1264.468333
1196.514333
1249.083667
1157.383
1256.814
984.2226
1077.8725
1273.15
1175.749333
1042.5473
929.2408333
858.0501667
790.8651333
753.0278333
738.4695667
728.6274
717.9338667
707.9022333
704.1267333
704.189
706.8519667
701.4414333
702.7200333
706.2624
707.5144667
697.7034
694.8327667
694.4312
690.9121333
683.5035667
681.6352333
679.6970333
679.3177667
679.9394
683.7213
685.6374
692.3872667
703.8870333
716.1352333
724.3961333
726.2780333
771.4100333
766.8140333
749.3071667
811.4160333
913.2004667
990.8258
886.0244333
927.6840667
1030.8193
1008.873133
1141.548667
1282.640667
1311.665667
1331.066667
1283.616667
1203.761333
946.4702667
862.8455
774.4697
748.0546
724.9994
719.5000667
718.0293
719.7691
708.4243
693.9459333
687.6527333
683.3932
671.7350333
669.1313
671.2121333
671.0762
676.5005667
681.8847667
687.0388333
687.6983667
687.7430667
684.5397333
686.9751333
681.2657
682.2926333
679.3975333
682.0452
689.4639
718.3066667
737.7624333
739.7056
864.0369
975.2591667
1030.041833
1087.182
1046.649
1017.377367
1095.646667
1134.589
1142.982
1137.621
1164.598
1063.474667
1025.124833
1079.854667
1022.836433
991.5768667
931.6834333
844.7210333
781.8747333
759.7140667
748.9326667
744.6939
739.1304
720.6088
708.609
707.7753333
703.5388333
701.3326333
700.4665667
682.1301333
678.9043667
677.8716
683.3486667
680.8922
676.8156
675.5946333
677.5228667
670.4751333
666.4011333
666.7782333
669.0551333
673.8260333
686.8347333
724.7973667
685.5254333
697.9013
708.6730333
715.9822667
735.6595667
788.5985
885.1749333
918.0332333
930.9772
889.5003333
861.5616667
820.7849667
795.5254
762.8232333
751.5005
751.3181667
760.1365333
769.7766
806.6862667
857.7805333
823.4678
771.5018
767.6606333
755.9032
748.5291667
744.5982
742.6260667
733.1909333
719.4873
705.6126667
699.9535667
703.8214667
701.3476667
696.7642667
697.3495
693.7689667
696.4576
696.1662333
690.9571
680.3421667
679.0066
678.3151333
671.8539333
667.8684
666.9211
666.4372667
669.953
676.2368333
682.9105667
692.1676
703.5981667
722.3766333
755.3463667
819.6135333
833.4340333
898.5897667
893.6781333
927.3876
910.6159
944.9168
867.5791333
877.3789
887.7354667
891.2948667
841.2368667
834.8497667
855.2287
849.1453
792.1514667
767.7558
759.5960333
749.4502667
738.4075
731.654
728.0633
719.5665333
714.3921333
712.6831667
694.4124333
686.6907
682.4554
679.2080333
676.9703667
676.2348
674.6485
678.7123333
684.9639667
685.7328667
684.8033
684.4529
686.4498667
686.9278333
681.8607
681.6614333
684.0898
685.3728667
686.5431667
695.3540667
703.6949
712.4033
721.0808
727.0745
728.8229333
725.7383667
725.9005333
729.6399
729.5824
730.3895333
735.6961667
740.1103
740.1995333
744.2649667
745.8339
745.1375667
747.5595
747.2939
745.6098333
745.5820667
744.1194333
739.1662
730.6109
723.5396667
719.9467
713.4066
712.6367333
711.9655667
712.3114667
709.3366667
705.9552333
703.9002667
697.9822
697.5124667
693.4796667
698.0409
691.0951
688.651
687.1683667
686.5169
688.1257333
686.2706667
688.185
686.8441667
685.2330667
687.4474
699.248
721.3971
740.9989667
821.1179
939.0045
950.4990667
1020.342867
1031.8617
1056.410333
1068.089667
1079.288667
1007.9253
969.5032333
917.1441667
909.8143
872.5732667
628.1382
-555.7178333
-753.1193667
559.7572667
1409.297
469.5040933
548.0431
755.9618333
747.6993333
742.3688667
723.5393333
711.4564667
710.3326
708.0492333
699.6397333
696.6756
693.7177667
686.8762
688.7906
685.1348667
683.2503667
684.1267667
684.0091333
681.8734667
681.9605
684.4066
689.8754667
693.5047667
691.5217667
692.9153333
693.1838333
697.4723333
707.3637667
726.021
783.9222333
823.3857333
843.5321
897.4171667
975.3099333
953.9763667
996.8047667
945.729
930.6892333
874.5029333
817.2389333
851.9812333
861.1498333
947.4917667
947.5047667
939.4463
884.8469
820.6346667
800.9002667
792.1545
790.0888667
780.4899333
767.1095667
750.8661667
742.3450667
729.6670333
702.9985667
704.3659
706.9714667
706.1127667
708.8857333
707.9172
702.0926333
690.9355667
689.3764
686.3350667
682.1294333
679.5729
676.9133
677.1265667
676.3558
673.6457333
672.3734333
673.3697333
672.8062
677.4907333
686.6535333
713.9135
740.2179333
847.7102667
886.9519
866.2947
934.1241333
970.2655
1054.675
1055.786667
1067.511
1134.111333
1117.823
1145.209
1135.021333
1007.3189
1027.16
920.0332
908.8593667
1051.0441
1005.091067
902.6126667
797.8388667
770.1907333
748.7483667
739.4328
726.3704667
717.8861667
706.7065667
693.8709333
700.1244333
701.4994667
690.6330667
676.6517333
675.0744333
673.7995667
672.1009667
668.0112667
665.6825667
667.2342
669.5554333
669.2571667
668.4047
669.8149
669.8928
671.5749
673.1474
673.8654667
680.1166
708.1845333
733.7432667
735.9270333
892.2663667
932.2687667
867.8911
921.4125
1005.162
944.8146333
957.4027333
1036.554133
1037.4213
1103.084333
1142.445333
1173.370667
1121.690333
1056.680667
1077.839667
1036.3835
920.4711
870.9948333
852.2531333
822.5405667
786.2209667
768.4083667
735.1868667
715.2605333
697.3431667
689.4418
684.8726
675.9783333
676.4822333
674.1066333
674.0276333
674.7390333
676.3337667
678.0993
679.6298333
680.787
680.4878667
678.3249
677.5791667
676.1094333
672.9584
672.8658
675.1514
681.8875667
697.7128
715.5905
766.6067333
865.9511667
897.7275333
933.8135
960.7680333
1008.6195
1004.392867
1036.0682
1052.232
1069.172667
1081.037333
1012.600867
969.6035667
977.4871667
1061.6
1060.182
1107.823333
1146.352667
1067.185667
1005.992533
1005.992533
