11.1075866039898
11.1050549066369
11.1259506102224
11.1842286865825
11.1775465591337
11.2624322256579
11.3666424520809
11.4432321133414
11.4818949962758
11.5065598661789
11.5620614673961
11.6715150233626
11.8333971137546
11.9833313446265
12.0114400987478
12.0681035961962
12.22293480798
12.1364159680769
12.1312432166162
12.0684258433375
12.0443359359738
12.0021041234191
11.9977730646438
11.6512603631736
11.1768384724311
10.8274003917511
12.0801024021189
13.0165988175687
13.5085300908707
13.8932499486218
13.9474259999014
14.0192634814758
13.2515232936571
12.4965212923658
12.7474743152989
12.5463962762357
12.6733499333329
12.3524899191118
12.0776936792333
11.9789336462563
12.1024152433068
12.0077339375004
11.8958290262003
11.826752322066
11.7845822826333
11.671390350487
11.5608404025231
11.3416836668353
11.2380269271542
11.1749414296531
10.805947571992
10.6169122760204
10.5894051957085
10.6965786791575
10.7075629706048
10.7941578623237
10.8260379035964
10.7159798999483
10.8459716703426
11.3745881214306
12.115385204134
12.5918451012935
12.3088810552448
12.3247514710512
12.5360797874631
12.3942760049513
12.616464281636
12.9781217466146
13.3845328349921
13.4103332307424
13.1662333065373
12.7430357430985
12.3671071851435
12.3499702066934
12.9789013599966
13.4366098625032
13.1631847376103
13.3793166945921
13.2927368555593
12.9979657452124
13.0405209392784
13.008321396252
13.0309689547616
13.2599190154953
13.3824766541476
13.4269817146869
13.3655622096252
13.012512782958
12.7169405324853
12.3714136437285
12.1523520564456
12.5359843820565
12.7437229752505
12.696156079807
12.5102828460823
12.2091836890406
11.9262684007848
11.6225616050727
11.5408604550752
11.4508629620476
11.1500054619828
10.8408865808584
11.1836817265283
11.423009130039
11.6781128017433
11.6019139314236
11.6813135466365
11.962097649723
12.9325494560085
13.2653636361132
12.761972932501
11.9568614304771
11.6185245764278
11.3351204633359
11.4072969927223
11.1939487226986
11.1617013303987
11.4413188432781
11.1313916617267
10.9086024911436
10.5420904164725
10.3399506827068
10.1958166451893
10.0769147164924
9.70081847872734
8.72731464008086
8.31330905883929
7.93575659519041
7.65798691546696
7.79193494340545
8.22974031925035
9.48568107775538
10.1346068450188
10.8776133278249
11.3312344785307
11.6591427803446
11.7603694482629
11.8644230259925
11.9443127074553
12.0104635028309
12.2008023552895
12.3191532557544
12.3806436618181
12.1453779352838
12.0137452570032
12.0354583890861
12.2924763454013
12.7643091190645
13.0085740764016
12.7986981142804
12.9275199401024
13.2581366343839
13.4291402020241
13.2416317566385
13.5740797727662
13.7965827305527
13.9560435066607
13.9541711607331
13.3826676912699
13.2346095686638
13.2552576495107
13.0700321877387
13.088693383517
12.7902896714118
12.5315983145129
11.9846251647657
11.7773654286907
11.7996428579512
11.6769216091504
11.2662203112227
11.6955565999486
12.0574777096824
12.0594545571028
11.907475260513
12.2421432032883
12.3658912867521
12.3087315265903
12.834065601283
12.9099736273681
12.8223762207003
12.4787208091255
12.4689022404839
12.797649783192
12.5965267319483
12.5560333169056
12.576368116309
12.6048052549768
12.4441082254169
12.3461282371297
12.3136889099433
12.2676363472858
12.3275703613162
12.0145764986127
11.7429542771795
11.7252513418262
11.7564490131592
11.8961276297052
12.0278019993878
12.0471830637924
12.1417927665077
12.2919579944699
12.0100897076365
11.0449662620373
10.8559544470292
11.1146273647287
9.62695623845456
8.65099131777569
8.30245139955664
8.37432182775461
8.17379289887259
7.65047785811152
7.26580659258293
6.66145903035841
6.75419136055951
6.69880004897657
6.91058825648768
7.16542852405483
7.10162304865056
7.1039791498484
7.2717453903944
7.32482044102033
6.89410076003252
6.6024197254048
6.60619457626901
6.51660453765971
6.44415424945689
6.464456630627
6.48440956384731
6.53128013384128
6.06709081357892
6.2799994257249
6.50978281098386
6.70198907105137
7.06200442421896
7.42226752068586
7.5373785910327
7.43924453728895
7.60458582301433
7.67740064668492
8.11766331529758
8.17240536569904
7.92341458816266
7.95564350155029
8.06386025318346
7.91086036761469
7.85494150792569
7.86883974047618
7.86125479773458
7.84771810354339
7.83274810348329
7.79596543679646
7.83646009277505
7.92310711702489
7.93409827741355
7.95003539725167
7.98387607432278
8.00461073106661
8.01227074936797
7.9499019206668
8.0053820238219
8.06960479376766
8.01806977302402
7.91668228746817
7.34357625314934
7.87486779953218
7.82578686198412
7.60034047918719
7.67995479782066
8.1530951856496
8.55003413476841
8.67907763441768
8.55645358595332
8.4628024054645
8.35276326123892
8.22552422330018
8.38945530179992
8.35176221963287
8.10765673630192
8.38403457308585
8.53598586517891
8.76978183196468
8.97873927238861
8.91392932430216
8.86323008332217
8.98968941177469
9.16708255080176
9.11027100643923
8.85411361924029
8.33027074544813
7.83457896243392
7.80658365430139
7.66546008369771
7.33184577075517
7.09587601447693
7.08800219670293
7.11490603983597
7.12666832876371
7.09137351317053
7.09887001610779
7.06247615773823
6.93748356173098
6.83403732448234
6.66914696339671
6.39578189908515
6.37306718695223
6.40366946672369
6.29729585836414
6.28396790985932
6.1144416657775
6.03311023448505
5.91912427419083
5.63408889168586
5.49410442677175
5.49169514786029
5.5086802951491
5.68988593306597
5.82220454604774
5.56551421554244
5.56038219273685
5.57263565398425
5.43743614325763
5.59376163406645
5.71000048936835
5.81413490075886
5.70901872183578
5.61341193135098
5.56395590874782
5.7066780127092
5.81110246440452
5.89977614185322
6.08145643855874
6.24390789046752
6.27816716605852
6.25246857643602
6.23327939108079
6.2657613846031
6.42223713801612
6.62673586152773
6.4242896859601
6.40854371269102
6.42973982479326
6.41567626813374
6.40053541102717
6.36128934403806
6.34093543339909
6.39761307119814
6.67255551944716
6.83459547366332
6.78505427396748
6.85795059140888
6.91851339592067
6.99703356740155
7.1818778414256
7.30049401104647
7.26298528573128
7.36271528203762
7.30881034808235
7.26313685129495
7.45944432434284
7.21882895079209
7.14307261759171
7.51529632906133
7.5108045316447
7.60915544596647
7.49420721423992
7.7002313018751
7.64917204559112
7.72773439932185
7.56642896351987
7.62129262095039
8.0209912670557
8.07173952019685
8.32154038555581
8.29022795461753
8.31108929880248
8.57568909212312
8.13047855611592
7.7911605996837
8.07724811806671
8.32428814521096
8.00637659081545
8.05528577278857
8.19013034840676
8.16507289189788
7.97495171432939
7.96122500423496
7.98060813762462
7.48934446598174
7.71403507077778
7.45271736218185
6.77806547231742
6.41778690618387
6.25986831056816
6.23015415393137
6.23556160480755
6.83022305140743
6.80866847684522
6.79168217429142
6.06289362117038
6.17779307571416
6.40615044884522
6.34011443205637
6.68215840466157
6.60701845898345
6.90908525112897
7.03366081942986
6.61416343084853
6.61668389144936
6.61811063949248
6.62292982598609
6.51905217455492
6.41220001407023
6.23436709964772
5.96859085017097
5.73858028183991
5.51960412783718
5.1881541534839
5.18761046749471
5.30199727286919
5.28352258734062
5.6519733305454
5.97813046181169
6.11605823303673
6.49825219057214
6.77449831222689
7.09111366785022
7.34397258865422
7.52309719737983
7.8175498855486
8.0304782853354
8.15615478383554
8.22995386550839
8.28712032182687
8.37037727970276
8.20107312836264
8.28867681804221
8.19874094004268
8.19805972040145
8.1861851274907
8.15481515511552
8.19076143548879
8.30103626294979
8.42486307304007
8.52701016214515
8.55761402756299
8.61063618797491
8.65589048035995
8.86996241768446
9.34464974124653
9.69813196170682
10.1573209067149
10.5864590677172
10.9741018778534
11.1977128838243
11.3396862493778
11.4020134994344
11.4195720517286
11.7793371683616
11.5757868673301
11.4984752059219
11.312782489975
11.1832510351483
11.3123266213143
11.0585531876934
11.0576111296725
10.9056266486444
10.879420331857
10.8236380827991
10.628460827989
10.47504462863
10.2597585743275
9.93100323209704
10.0074092541278
10.2249788233063
10.1695148365221
10.3005597312454
10.4754013010381
10.0363436223668
10.3740654503319
9.61156314066012
9.05600671984246
8.94075572898305
9.19891544691634
9.04637429175113
9.13290578073846
9.14940677377204
9.22111409325164
9.17836601376989
9.04074378369253
9.04545764481979
9.48969328810752
10.1716585966167
11.0866211590387
11.3914276585606
11.3428499575842
11.39280458361
11.1275576317181
11.2700287678644
11.4468836485929
11.4149290502557
11.3860743394028
10.9388292945063
10.6078418531575
10.2772490689417
10.9130428110206
11.0963986397177
11.3897076930673
11.0490328760223
10.7276438832674
10.63589837788
11.1210926220856
10.7339196001239
10.8565703837578
10.7549559425962
11.4174202219799
11.4941168486109
11.7472627278358
11.8339405563818
11.8701920128424
11.9033383293169
11.8252441556414
11.8030871121173
11.8624816103317
11.7092027911154
11.8990266719849
11.9261965212689
11.7514685135019
11.4616507441583
11.6017084574343
11.5893442255645
11.6716332220598
11.3538681079953
11.6972186712033
11.594607297156
11.2221450581002
11.4301666981812
10.5580294438103
10.7935505791705
11.3431622636573
12.5634894165506
13.0484827983724
13.2661382456176
13.1786681279741
13.4654975833909
13.5476720158059
13.6314152500745
14.1754258262228
14.5621493500023
14.3155946930014
14.3643243373893
13.1992489551351
12.9836972791643
12.38862177587
12.05473117426
10.7894987088524
11.2577918152197
11.3883674198477
11.6682656683801
11.8658028252324
11.7600204476054
12.1446244106838
12.2095805858811
11.9620154334263
12.8756677143173
13.197897841207
12.9722398502702
12.5843387011815
12.1479839977589
12.2780422231403
12.1984490469697
12.2489259434655
12.1442408525056
12.1306586064406
12.0280032252031
12.0462584331695
11.7561852136503
11.7417384773153
11.7119962544533
11.6690787826258
11.5199852514568
11.2977319673551
11.4126879811298
11.1205566848063
11.3604432818627
10.8561586722328
11.4230586089234
11.8771884469043
12.215452927341
12.5933091372864
13.066213628375
13.2530215212964
13.7628529590641
13.7987909011982
13.303988443212
13.504716394337
13.0194333155465
13.0975267145928
13.8246954519455
13.7557103178403
14.1127783594118
14.084036672722
13.3935000126242
13.1268838387258
12.9628594309445
12.2986967945118
11.2455838412489
10.6641585367161
10.182272599217
9.64062109092957
9.58536689344602
9.69927269195232
9.65463445835817
9.53018231385492
9.52247151484732
9.23687391580149
9.0778248661215
9.05835923287481
9.12155840628627
9.18862296709917
9.13526131317191
9.1160343228979
8.99557406405225
8.89812709440984
8.88556520845632
8.85846407616805
8.92833979370254
9.01373106319154
9.0177229211268
8.97969662390723
8.93848815945318
8.66366890625911
8.43382810638902
8.31913294230258
8.22725323208731
8.22387129193925
8.1088735198569
8.00204343109798
7.79477910088186
7.44316815342194
7.31290509935105
7.4825966194216
7.46176504668081
7.22041879434523
7.22561367743081
7.24337041741024
7.22573460451891
7.03144014577399
7.10169119074929
6.91050743107128
6.98563235255886
6.69473375739524
6.80862007491626
6.68308374720364
6.64190012462438
6.52958077262204
6.51801777606182
6.30275035237917
6.38118262682868
6.54863487762173
6.52508092639793
6.84370863855864
7.11966764324973
6.95185750659825
6.90162821848087
6.90943596240099
6.91748505708309
7.06143208279466
7.17878763966069
7.24276857331018
7.23572697969325
7.13646724321818
7.03634058027794
7.01491123514684
6.9291764477364
6.8986487578116
6.84564314905444
6.80652962739169
6.60484279814084
6.52813069568233
6.51480240226357
6.62023378349577
6.76632404276688
6.96204351184675
7.08735760537634
7.25810888046822
7.31082723035747
7.24657622572486
7.11563114945694
7.04636098599832
7.12120060000457
7.0299494453451
6.79984151752942
6.15307339884858
6.00059194618964
5.74674588381163
6.00800422896578
6.0021451870285
6.07544999637314
6.37637763317245
6.38443622383183
6.55760840436192
7.42893841932747
7.75491352579527
7.98818849934939
8.08493975764552
8.28365166657939
8.36225185877773
8.23645958395661
8.2350055976804
8.21826913231459
8.362642350308
8.37569585955214
8.50500349030597
8.42084140543201
8.26401843619313
8.08955078893563
7.80367784889238
8.02638284925611
8.11677144897584
8.05801630130928
8.47533150193277
8.51419539473693
8.42962411482486
8.30920458910185
7.95933543634755
7.89050882532998
7.85751536660613
7.86064829330907
7.58713464477577
7.62742251455955
7.65853865515926
7.16850762182632
6.18152909459589
5.96196563458312
6.12711277775013
5.89640773700549
5.72278774359001
5.9230109332705
6.18436949362497
6.08608982077178
5.85494583681574
5.82323692601229
6.37407182646341
6.79308257825855
6.81714388329083
6.98383911964704
7.03801620633201
7.39245845929585
7.45504329928251
7.46548362769289
7.66159866560957
8.53682672017963
8.8481549268068
8.63327710683468
8.30966554652712
8.25391535664085
8.41490988668921
8.37555952728074
8.28695087301501
8.24667954656865
8.17277958756147
8.04717705248746
7.92025912570308
8.04130250235707
7.84525584703719
7.85862207485315
7.5384673827642
7.29781516492649
7.25513257105117
7.27682619438472
7.01594950178352
6.90877397267311
6.88211210844493
6.81386606136051
6.5536790610396
6.80204903384201
6.7122334351727
6.48252030261685
7.12509117521097
7.91642971618386
8.18421877013689
8.40453593346788
8.41538218138127
8.22201060884569
7.94336003207915
7.3881203588417
7.05525865463742
6.98096464658
7.05624026356854
6.95461311551229
6.82535416283479
6.74460191499612
6.62835999306247
7.0070293906879
7.12186203833468
7.17482351495876
6.92492486299207
6.96508118747178
6.89065256972378
6.95917213854499
6.82881049098712
6.62165226521172
6.61028055542525
6.77025018355659
6.95858448511191
6.95616338812183
6.85922507947211
6.90949095294679
6.84127143229244
6.96524977794687
7.11679515486671
7.17397736083361
7.32444152567711
7.51158155125778
7.67116952094598
7.80623039775466
7.90608893297707
7.93512208330568
7.99208329573221
8.11214662225233
8.28315745039873
8.27090344788256
8.12678160643902
8.01461234207325
7.96226292422931
8.01887509243939
8.12493732863923
8.2105045018149
8.30790275005893
8.51399645893933
8.72294080800989
8.82138908793013
8.92786525069728
8.99184585922517
9.00939835150727
9.18684992579188
9.70515791144962
9.7313181461224
9.76987272653225
10.0450979035444
9.97256912180725
9.97566758337175
10.2038638336286
10.0727098907794
10.099854076084
10.0978660017596
9.96985732150385
10.0946274383181
10.115128789808
10.1621139643974
10.3567450493663
9.95518084603949
9.97542930982259
10.0683600564274
10.0621500009147
10.1157468520642
10.1246308182645
10.1787774311947
10.3474003200743
10.4381989531385
10.631196909325
11.3727332981561
11.3110766333568
11.2681984023518
11.0989028919323
10.9372784477481
11.3507611613093
11.7540286274404
11.7535720581574
11.8374991513041
11.720415760585
11.3940003994283
11.5926103615428
11.8325843716049
11.632155538315
11.5711075059943
11.6466875561986
11.8857797988554
12.1068585957557
12.2572321526314
12.4597845043814
12.5082904441322
12.5242924895179
12.5212182030385
12.4990453353518
12.5943439384765
12.4328299677735
12.0807284773888
12.1925427890988
11.947461370401
12.1408607055683
11.8109258984661
11.5829756886503
11.611193380414
11.2387763474885
11.1372800144266
11.0681721515657
11.1511388909471
11.250285418106
10.9820795739798
10.8128474453218
10.5356596439126
10.5576838095958
10.4018786514143
10.3604371100353
10.4778586714665
10.5501340258701
10.5841447591663
10.5518914560575
10.5683658381774
10.6140453563514
10.6463846201432
10.6754600507657
10.613861024847
10.486671547787
10.466044707165
10.3257979428234
10.1032222876684
10.0878161272095
10.1727991534243
10.4177412018307
10.5163188966954
10.6279515100954
10.8346572187114
11.3295072358272
11.5877974485504
11.723767614461
11.8095052632768
11.6823734592125
11.5616331065908
11.5772420787125
11.650642465024
11.5226897220632
11.3932855460461
11.6310156558101
11.7162216724703
11.4180841060532
11.5037534477546
11.6885756014217
11.2555273640763
10.6250179060778
10.9329394728684
10.3583795028419
10.009378309581
9.86547160734052
9.88687514367423
9.75829447360073
9.68964016192443
9.8152774527032
10.0582437017964
10.1749197540174
10.1475412834604
10.1561933305585
10.1591576390252
10.0883474011094
9.97102263181569
9.85613572257322
9.92386866049096
9.66194948899821
9.63065878362983
9.51458631116185
9.32756066518078
9.66767458698435
9.79511226367162
9.82411768670138
9.78434068912642
9.59187568121097
9.26082259828202
9.13255395795768
9.4411325943221
9.53587297095864
9.89109777273869
9.609613107248
9.13596783180729
9.34336743685871
9.86506205543899
10.0503834000747
10.1018990288952
10.1066038295797
9.99683828490115
9.92073502909533
9.8509732313502
9.91907195182986
9.92131161591846
9.7691425313819
9.78967792880822
9.62260828808152
9.84017493124685
10.0008175907014
9.95843364991479
9.91825393752339
9.66555123305858
10.0487307079314
10.1853096618975
9.97478874661686
10.2952866761988
10.260159028135
9.99559127381285
9.68544240849058
9.65941871529695
9.57954756674453
9.37805487692198
9.32852404813412
9.29806032438359
9.26127340144314
9.19961533683412
9.11192336774063
8.82146505622571
8.76968179742016
8.61124212281704
8.72646956003275
8.78698780136065
8.63967981707694
8.5094724401149
8.56852540240536
8.63384477264009
8.37935487930112
8.55936485696045
9.27236904528892
10.0035774618407
10.3584047581862
10.2539353768499
10.0564579934231
10.212722251393
10.0909913783919
10.1146559296016
9.96838836531449
10.0789300316844
10.0107941845145
9.96446839161552
9.94467434355509
9.99363245960273
9.64798489442222
9.57543353902516
9.66615471032511
9.58991502595697
9.56413379909826
9.41637027501424
9.65237906265391
9.5433362794098
9.60678822246521
9.79717971994755
9.78976085976998
9.83169743818438
9.88246836208357
9.36506324266108
9.41246278702337
9.62091507043024
9.67629096656378
9.66865373881081
9.57877422045739
9.55332051884911
9.33686005911105
9.25510732757
9.18892949777644
8.98487698960917
8.99606475465124
8.82876859444143
8.60590396746506
8.52872409283949
8.5599340148626
8.40962241222111
8.55719846002962
8.33470317953579
8.39990333544032
8.62055408149206
9.6905560851287
9.9545467256029
10.5490096546683
10.7309125183954
11.0649474908032
11.6914734000676
11.6864214350279
11.2362457605365
12.1472107446939
12.1019903557804
12.2230767592267
10.6350538886856
9.21024911468739
9.21165508645382
9.0118684440778
9.09404239566128
9.50609661725214
9.92199903441761
9.75658393633277
9.72439588129749
9.38978245106644
9.40079506586375
9.62978089594048
8.84326170503918
9.40449922346265
9.45779233710562
9.50288018325011
9.75856091458926
9.8085827448022
9.96172886484
10.1025632400771
10.0901746796943
10.3917017198705
10.992283942239
11.0389451207245
11.0174483168854
11.1256459564427
11.5126755764085
12.0753277979339
11.9908014431613
11.914703648836
11.7123451066724
11.5233781116388
11.5037928752682
11.2973712615524
11.1063846475442
11.0591398374168
11.4259684210928
11.7342094067569
12.2308195507927
12.692439958136
12.9643593927732
13.3406072345941
13.8265868276224
14.1509571929173
14.0926401464566
13.6493236172201
13.55031315144
13.7918605037404
13.687490061032
13.679808226072
13.8134728857347
14.4700407086308
15.558256201454
16.3077592185758
16.699365053314
16.7090335600271
16.9120793119625
16.9314742027446
16.7088292774999
16.5707519300748
16.2469895849301
16.1084908608532
16.1312159155862
15.6134928496604
15.073589811725
14.6715021303285
14.3757783670227
14.111335474461
13.9769629314391
13.8252857305935
13.3098878736544
13.4300482778741
12.7750399158513
13.2360331251801
13.0454876478045
12.5285830132311
12.3542928647338
12.6563628700664
12.2394992829785
11.8752503717079
11.8567160680482
11.4666710334516
11.8200359854335
11.8303145261625
11.8684170597921
12.9466263521153
13.7004500824553
13.6259288644802
14.2482701472906
14.9515815918039
15.5990859265656
15.9731322205891
15.4026204028658
15.3023938358366
15.1310721113778
14.8956298951427
15.084118535517
14.5518417552613
13.6445961526924
13.5353701359304
13.1152932763985
14.9231278838345
15.5146244675147
15.7315487553244
15.8228124795123
16.1296047400502
15.5287810943983
14.70632779569
14.733252518131
15.3592358656767
15.6466684078813
15.3595385078022
15.3473408356959
14.9652583820211
14.7678711884321
14.782535826404
14.3181276397799
14.098470794964
14.1008205283253
14.4124505790789
14.2555955632971
13.8423260623706
13.7686191382585
13.9669134418884
13.9871703269817
13.694220542242
13.3946415481452
13.062138808398
12.8767717071322
12.844751033952
13.0459088936134
13.1127884091487
13.3918452187611
13.8327940940593
13.4445061135201
12.7194897175015
13.2323968917386
13.4866831547595
12.5180209824261
12.0655757783581
11.4424333439199
11.4980664788778
10.6754869237721
10.3172205567462
10.8404285207161
11.3510935065848
11.3180013286144
11.2280252107657
11.7377394871788
11.7568237058541
11.8128535021065
11.7486832944947
11.6427919394779
11.6533884674852
11.0694938931291
10.7778964837402
10.7221869368555
10.7881066890258
10.2778962741068
10.3222196991383
9.90107597883094
10.1732224052849
10.9401242036067
11.1714632754696
11.027613662064
10.981282892355
10.6710325047539
11.1192089204919
11.4546341021283
10.8361909462292
10.2079963076629
10.0340613899109
10.004476243692
10.0029827793835
9.75346721850277
9.50250910583194
9.42861094739849
9.37374454290955
9.31614282191741
9.37405023070177
9.50954229768267
9.71170714791856
9.66461867734284
9.47145031552783
9.32912568465294
9.36586318836019
9.67452497885408
9.99539301142175
10.0029100993195
10.1380432142549
10.4497762256291
10.3017701074223
10.2192223758331
10.3591323005001
10.6394790535721
10.5692990170972
10.7282522927892
10.9961094400779
10.7582098586476
10.6421648032055
10.9217167627127
10.9238496627514
11.2652774037504
12.2041968010171
11.8333192177482
12.0941923146221
12.1649768723642
11.6555116076222
11.4740889894369
11.3652951719966
11.4349775672111
11.4085455910641
10.7238723574731
10.3769218665604
10.8384607647582
10.7476630325417
10.5815723530164
10.2852190158165
10.2816041240573
9.94733679128886
9.76740170335467
9.76724438288218
9.94980411197601
10.026455815521
9.77745627666037
9.49085772029887
9.81719794878589
10.4127507773755
10.679707356391
10.981167765005
10.9823052120041
11.0713996425829
11.2075679185789
11.3663554622962
11.0976630707468
10.9747505950655
10.8814213256474
10.7265897302983
10.6103025203798
9.80120654236823
10.4265499925452
10.4753556114884
10.6550484902185
10.8287642699151
10.9819565837921
11.5428138295685
11.649429287867
11.2415421905248
10.7108444199935
10.8930803330569
11.0729396866293
10.2736431668182
10.1332241317509
10.7608778907107
10.6928469079615
10.6463494813999
10.418780275546
10.8561284400058
11.0596722607209
11.0730161932197
11.1400141330102
10.7925670303766
10.2052436324711
10.2258150771844
10.4413258594551
10.1791697933798
10.2548738532325
9.98469308990991
9.77541595446351
9.73557097246786
9.59439501136466
9.52310618408063
9.46440554200498
9.4744114624424
9.44091363037318
9.33907741440538
9.26651350448071
9.30036999371758
9.24356808470217
9.21291054069228
9.21369953648472
9.11344026556306
8.9540538964378
7.89122881507071
8.18117251002023
8.8236880562196
9.45761977514431
9.35818361997958
8.89022875718267
9.80861924791272
10.0609519056767
10.166606724244
10.3420026540483
10.369899721849
10.1079308521859
10.543082901
10.5223669745866
10.468665013824
10.1818550442693
10.1058312354302
10.1656578187297
10.0658021746062
10.0342621971159
9.80860169782701
9.44874541724477
9.79669850079719
9.70650244040161
9.40912319093192
9.28250641622142
9.4871571747452
9.2356646589111
8.97012955975779
8.94342887711019
9.26981442509555
9.50903573438804
9.65296873484003
9.77322590758393
9.99044513284462
10.2301033997252
10.370206861221
10.5770658949828
10.7040131867279
10.8852649332805
11.092471305368
11.2724077708562
11.4133792552618
11.648621235901
11.9223829720402
12.0073086106452
12.1175475081952
12.0020857277703
12.1529963326512
12.0357583868191
12.0155608745613
12.1645449504663
11.9867924923744
12.2114240960217
12.7285356417967
13.1307815250976
12.6527064257652
12.4417672483475
12.3505191436514
11.9616001346096
11.831287830745
11.8837682374661
11.8293863191455
11.0671089376015
10.6377920308196
10.3133940143344
10.2205876370245
9.94525135733655
10.0631384517141
10.1794115336
10.0341203500725
10.3297667450177
10.5625320706584
10.2277900132536
9.76792886114591
9.72526874815541
9.52701213681674
9.530689314106
9.58634405788282
9.56753440075707
9.56577570118948
9.49868100016854
9.11163061936485
8.47964343040756
8.35298454103678
8.45478830588947
8.54409513037864
8.53139590788619
8.47546640322572
8.54815203090912
8.66577522493689
8.81887761181295
8.91378139002894
8.82332299596495
9.01547599342454
8.96854897126461
9.21036635777271
9.21923163934022
9.15988384946296
9.1792162872012
9.23396405600096
9.02708380620932
9.1169599885092
9.45525191945418
9.32835828286932
9.06315691621551
9.1453292983479
9.29984242113176
9.21600436919524
9.57923759153721
10.4033960130589
10.7030441597225
10.7493816678817
10.9213136175005
11.0955213466111
11.1589874968335
11.2160571028161
11.1935929731308
11.131378378375
10.9620415369396
10.9916918113714
10.9853383358602
10.9425018709763
10.6055685625031
10.4947366478152
10.66281028074
10.3948467236343
10.1118909703741
10.3072257193804
10.353013386458
10.1706703009855
9.94093035524578
9.90385757243838
10.0312876529687
10.1636927637227
10.4983264320765
10.6893388807601
11.1502566533951
11.6262989159866
12.2702785452192
12.458063118134
12.5565229143732
12.4676397165934
12.5032128289045
12.8084684902122
12.7632200069896
13.1066594759809
13.437910779895
12.9010071159041
12.0909353236233
12.3232090759951
12.4882216018452
12.0145358638743
12.2616014448436
12.1950295895349
12.0241862052641
12.161644069931
12.0543100715514
11.5220936744934
11.3581681921241
11.4502596938951
11.6681561385559
11.719841995271
11.9054531587242
11.8394025542477
11.7767318574846
11.3564567804079
11.2310654896684
11.1082452396561
11.3089599119061
11.3372619515833
11.3020244483444
11.3228843530093
11.2925371432938
11.3156303281922
11.4815200991601
11.4475212326594
11.3232145216415
11.127437536557
11.2007475388522
11.0381021283057
11.1006461636738
11.1501551640106
11.2361672814585
11.2045111547297
10.9897794401949
10.8918859757567
11.0745249034917
11.2920219335764
11.6142477517881
12.0577793901038
12.102206944723
12.0643481166693
12.2570818088593
12.4899609170682
12.689517713285
12.8630541135017
12.8808536864388
12.8948283811527
12.9703210913929
12.9811942329733
12.909493802542
12.9354658547231
13.0598506255209
13.1903989536598
13.200911645279
13.3169452300507
13.3514339247098
13.4406442055406
13.3805917409027
13.2345965142803
13.0672740192869
12.8137988268231
12.4019374680653
12.164714688918
11.8139244150161
11.6618084520304
11.5663866319037
11.3305018567782
11.1584459267674
10.9703055522481
10.9142509875322
10.8446552710155
10.8176272041247
10.7550069247138
10.632028261564
10.5630919662856
10.5614210509149
10.6358207505774
10.6485129788425
10.6248882524826
10.5868586840852
10.6140373730005
10.6389740572641
10.7568557915464
10.8820493241261
11.0096218728011
11.0451648290872
11.1082892612017
11.1292034896266
11.2377114762723
11.2176307296023
11.2111022408898
11.2286411667936
11.3581666672075
11.3093107018454
11.3227408881645
11.2703953687738
11.4513728945687
11.4275829648797
11.4386498524599
11.4230595706802
11.527908062636
11.6576940403788
11.704428335892
11.7538980470975
11.6938176488057
11.6759722096478
11.7827577584582
11.6613674086475
11.682091402106
11.6514834862198
11.6754851714035
11.6960707462311
11.6522933950347
11.6053719126748
11.4158588188289
11.3887953731264
11.3057725452955
11.1407742780857
10.9330732135657
10.9274342442234
10.6761022753698
10.643221047516
10.4912357637132
10.3296206776081
10.3646730766377
10.4952531744677
10.4970524735202
10.3971098925985
10.3237744327907
10.3506078938726
10.4493797770619
10.4888804674712
10.4702880126227
10.5996463307292
10.5853784848778
10.6349067964232
10.5172974271361
10.4096839946091
10.264330566617
10.5310941348022
10.5536443650304
10.4635723049136
10.4299551316423
10.7314081161548
10.7125476210526
10.9948676775433
11.0449152484981
10.9743327714395
11.6469624024874
11.6927606817668
11.6793546679354
11.9449775980868
11.9138718854817
12.0166548711664
12.1300688492045
12.1334051061992
11.9287481623683
11.9241278490056
11.815054916694
11.6517855130584
11.396971113667
11.1364787302906
10.9614274908166
10.7683921950276
10.6934278456177
10.5289928949193
10.4576512354041
10.2536114515346
9.92706657288615
9.94819843089645
9.76009648168262
9.46597501310407
9.33233421066342
9.56585735038908
9.10813372525956
8.98451823200427
9.02871088209699
9.47731537097901
10.8200850972415
11.3410936513284
11.6876864029874
12.3354426668748
12.7243349768985
12.9713772797149
13.3568193269283
13.8237463039018
13.9964451811321
13.137780497153
12.9407365745344
12.6898628723985
12.4788653541705
12.9255347533379
12.8803653081134
13.004094417501
13.2628530868015
13.6748342246155
13.8710629909537
13.7983014262148
13.3822211796542
13.4298866799365
13.4584432323199
13.219794293477
13.2608333079981
13.4858359085833
13.3592888495596
13.2089889593185
12.9641442833786
12.8032938383721
12.5791177567461
12.1457101820515
11.8283602504898
11.675206226679
11.4405675991728
11.5920817923576
11.9549758252089
12.2023413261362
12.4577733309723
12.4997883921189
12.4777001866182
12.380182323371
12.2702382991875
12.1448454499796
12.0123299482515
11.9762312348825
12.0017170666003
12.0046375725475
11.9865828370336
12.0618921663685
12.1122344525173
12.0894038549943
12.0401938805318
12.1188004149276
12.0348151523013
11.9596137424194
11.8309188337277
11.8735606504775
11.7859287564631
11.8984011323556
11.9107801721741
11.9178126885996
12.049621405535
11.910841690903
12.1947545161538
12.007134347265
11.8563251984642
11.5374961323199
11.8253216863535
12.4804740634068
12.4734283841274
12.3334395518412
12.4470594194039
12.672941448493
12.6767536543195
12.8462068386902
12.7222031182245
12.6901617145388
12.5436787785362
11.7258513449011
11.4113087813561
11.1550106932213
10.6651941404042
10.4389045939822
10.3905663366541
9.9025573001149
9.89196578126194
9.46300965233931
9.65541645754288
9.57415301515466
9.16870764906566
9.1798741761182
8.99085805312813
9.22653410432782
9.44139657764749
10.5713017089633
11.4079120748126
11.8959877584781
11.7589642016624
12.1004474672225
12.6604086066682
12.2950779788541
11.870701043491
11.9438573743905
12.0170137052899
12.0901700361893
12.1633263670888
12.2364826979882
12.1104287434391
12.1760084252578
12.1164679557855
12.4776575179175
12.5976730795968
12.7916857784169
12.8016544893024
12.9161243103497
12.8106905829262
12.5726763494096
12.4016697721171
12.2278493297698
12.1996852193887
12.3797386279318
12.1907891889867
11.9099563397026
11.9561892922344
11.9363837407583
11.8063815716961
11.6237744199714
11.5904887808448
11.6181246175151
11.5580637121114
11.4293725585982
11.2944779037561
11.220758159004
11.1271898310275
11.0829708948119
10.9416043277843
10.8555414468254
10.7935378399538
10.6817482755168
10.4605110186826
10.2647020349101
10.1312449208866
10.0985884902576
10.0991779709753
10.1187929530906
9.65439527143839
9.10178232611485
8.95252998458448
9.03828209647181
9.33403399414449
9.47569718180305
9.59884239872164
9.86723705886012
10.0384811620325
9.84073643518776
9.5248751254741
9.46240129673801
9.27709938832601
9.21810381116897
9.24623120718048
9.40833307230589
9.4133990097
9.58111248796655
9.78080019104102
9.53042473123318
9.59642465830351
9.87635264887422
9.44858959051369
9.31186754828849
9.57015495572711
9.43502536761615
9.38619450500323
9.59017410280854
9.89172295073588
10.0017900142706
10.1094370336358
10.0560146140566
10.0524264360281
10.0802853905145
10.0554947975626
9.99853052198059
9.8630572665495
9.7565672272295
9.67253873393589
9.27287101252536
9.03012146851783
8.79803310797033
8.75023831728547
8.72989654235585
8.81685082708031
8.84795060037867
8.68392179764288
8.40682232909052
8.4125203065092
8.40638641983671
8.57036018963401
8.41755069768615
8.39621670239741
8.40887433729894
8.58166304997328
8.57316783025461
8.332020450015
8.45692104622435
8.2089542364984
8.28995302860564
8.2084545638154
8.17932992799085
8.60019566840485
8.65139475119422
8.66152977083319
7.73819436082955
8.79662704755595
8.67887286167761
8.45497713672629
8.34832007019817
7.88558859090382
7.85147847115925
7.91553115182908
8.03414049700665
8.0540352493052
7.9327524931705
7.92265054574106
8.25385375289183
8.12394612264555
8.01396843048035
7.65533823141611
7.53080363155148
7.37716976170697
7.27199757791373
7.14953944562444
7.12583208745479
6.8251433220675
6.82290168168616
6.84812631413905
7.26722875957876
7.01460648716177
7.35752295208273
7.62221903567856
7.74305611700989
7.95541867516302
8.08859802357531
8.3408481898586
8.37764233299117
7.95054104298891
7.82957274885057
7.55029954695384
7.51239049716682
7.36326440947236
7.18111304801281
7.15154721330807
7.06915780039807
7.01778071154226
7.17862943399568
6.9079917536646
6.56182528743806
6.68372030318059
6.96468027040938
6.94786989628288
7.42109830330393
7.99570428283456
7.54455644755914
7.34169819194536
7.61487700612982
7.23091301720161
7.25269616133265
7.91110850653438
7.84510895149337
7.86878844231988
7.95708975579572
8.05011941989596
8.13985098733967
8.02591257902708
7.69291442340249
7.68295314186377
7.81062421329829
7.79049289375822
7.61535978533081
7.29400129034837
7.25982231968712
7.20167898639484
7.19544895545004
7.00399540242666
6.91943804295843
6.79665746317994
6.68264084897149
6.90179140951135
7.3160438183639
7.90609617239564
8.69764120816416
9.13673604976485
9.19334043287398
9.58968091477849
9.76574112545214
9.74195363914961
10.0071113737214
9.94716925909735
9.81612784708955
9.20986682646795
8.59804106922393
8.53823565509149
8.53386147854059
8.73568789667322
8.17795222741286
8.5409769890223
9.21499542542878
9.17263648566389
9.72027749111618
9.59901710263152
9.45481491232208
9.74506593316865
10.2929898524929
10.5109294662455
10.0979911953787
9.48965093451394
9.23155504295702
8.95346832581276
8.78202285662453
8.56372295426027
8.2511953926545
8.36168408602764
8.59792945283696
9.07695131609333
9.33724077394056
9.39252872355022
9.474372610731
9.58014502889436
9.6368515097212
9.70724395407825
9.75330309106529
9.82118036843036
9.89459776509837
9.9589673791243
9.95506381404149
9.96240019329746
10.0056594156741
10.0635168099402
10.1199105489022
10.1701711198105
10.2944019509989
10.3687779461562
10.4868001041951
10.5580233674741
10.5972724514268
10.6343718560028
10.6221969063924
10.7792028906714
10.8902860516253
11.1851549135155
11.2721025925367
11.4253139920528
11.0845779965723
10.6453184979151
10.9215454929474
11.280166599559
11.1407345052535
10.9090893050184
10.8353763773112
10.0987778514905
10.0301804848138
10.0982655552758
9.80326434913516
9.48434553396513
9.5048822237939
9.10288359810001
8.8368776090648
8.56035361955766
8.56260450177195
8.93817497977545
9.19853806241085
9.23417659195735
9.14030138318539
8.92564847526331
8.96041678729003
8.99458005980357
9.06298614380293
9.10796421789434
9.20714750702953
9.32838284298088
9.30704052345366
9.22018082191842
9.0212064038646
9.04714018097727
9.12202306361398
9.15201657397316
9.3210716381325
9.41532818035733
9.53774127867305
9.90172646413891
10.2584313054402
10.5018322809832
10.3789259382266
10.8309190706244
11.0592444413256
10.7688503974774
10.4583160791251
10.5272606942389
10.0301893369586
10.3348309955893
9.99107892650873
10.1584780153825
9.98812826096914
9.70204682244227
9.59988972382089
9.85588311517513
9.86848122359723
9.39654160484324
9.56741752961859
9.3315836812811
9.2906721383439
9.24861118057611
11.1046960891899
11.4172166881009
11.425431511941
11.4762021266653
11.2039581798581
10.7080683008521
10.526193822676
10.2465574100292
10.3112962818457
10.2306977778403
10.1173097317358
10.0189876784644
9.57887541920284
9.43218098333168
9.56516018343658
9.3038422488401
9.26841339810845
9.13825771171011
9.06454059897653
9.39841962397609
9.79786177836793
10.4910038320027
11.1671150353968
10.8804674136851
10.6906056875824
11.009576765575
11.6648714089556
11.829126326895
12.3258229941781
11.7308590268372
11.4607591898608
11.3715898286465
11.5282415812171
11.2685513588284
11.4050439823571
11.2667919356089
11.2602337310218
11.4819562727955
11.1245442674114
11.5312854937404
12.0200801243079
11.3219902100892
11.3010087894054
11.1924392097119
11.3783958185629
12.3435442749103
13.3375040324971
13.7297983576443
13.7652475769949
14.031759279544
13.9206242968275
13.9054099848099
14.0290391071523
14.1504086606561
13.5643150880782
12.9331708687843
12.6867874606025
12.6581457018736
12.5400769211142
12.3679532431578
12.3017820028545
12.197435275954
12.1047071760965
12.0805405800043
12.1476101747993
12.192408577773
12.1760085761905
12.1710915709053
11.2566002191523
10.4798952693777
10.4163493942738
10.5536808693835
10.5819885895658
10.5807107441382
10.6649615873986
10.7838356488081
10.8657533395609
10.9103551420775
10.789133819816
10.8893184487929
10.9595497351337
11.0037999789011
11.0273794148894
11.0975261564794
11.1572306271416
11.1978606916129
11.1473449943995
11.2631132540037
11.2631965257545
11.2787538553727
11.336969688026
11.3562330340322
11.2867246965585
11.2192305677846
11.2990162293456
11.3444645028813
11.3253084094562
11.3040715947407
11.2191298794598
11.3064555757342
11.2823653216553
11.2722234703446
11.2301360466853
11.1480520583731
10.9626666679274
10.8355903070001
10.7152509402658
10.5821807566295
10.462814237155
10.3670723976402
10.3577730499868
10.3278468457157
10.2832619980758
10.2643490389221
10.2388512632957
10.3514843145893
10.3897453432032
10.0667365646701
10.0060325032268
10.0188493518061
10.0116514825108
10.440500146837
10.4881462997331
10.4340266148186
10.5726198959466
10.5576917943473
10.3329297683676
10.3619422159113
10.4153324903845
10.2354040057811
10.2663716028291
10.2152224105983
10.3186103755689
10.3933698266608
10.1580765290645
9.97440215414629
9.95013755133279
10.187534231754
10.0739280954426
9.94251715099188
10.0263195890164
10.1131308966578
10.4592595737051
10.8053402298217
11.1350449449059
11.1666170042777
11.1007651508934
11.062049086703
10.9582420871026
11.0956588734459
11.2111762963762
11.2306172041828
11.3639910899866
11.5046508745215
11.544947928943
11.5802431877448
11.7132589228379
11.9572501936314
12.2049455433342
12.4385368684104
12.6012341134629
12.835219659075
13.1530159697746
13.4332372077627
13.6219938022337
13.7818160426206
13.9043450540311
14.0601077697381
14.1359138920611
14.1982000722154
14.2408662223203
14.3465378190739
14.6103152756175
15.0068353340489
15.526725999863
16.2178253494577
15.6354431921688
14.2699864048893
14.3052970631765
13.8553578784316
14.0737729550449
13.8870541346309
13.8343334994302
13.7164883158302
13.533525563301
12.960753477566
12.9842896276484
12.2085734701577
13.4757927495034
13.0667126301445
12.7377187743731
12.0547776635928
11.9570145953107
12.1396830559783
12.3912699898525
12.3750680093048
12.2676250545817
12.1303991815071
12.1624027948915
12.2440664282063
12.5535562432256
12.5788105215017
12.4289055465807
12.3051932506618
12.2195672246955
12.2211459560901
12.1621344472855
12.1059402131079
12.0702586234587
11.9571881080374
11.8452123596056
11.7872301454165
11.7915028766059
11.7058940797491
11.6511456220523
11.6011717858593
11.5588784387181
11.5105417462227
11.5921517865997
11.6511784842143
11.7242597995401
11.8744910745248
11.9381731091775
11.8575563799499
11.9887946832215
11.9126465580894
11.825807609803
12.0142081435524
11.9037013126776
12.0202755244828
12.1035402379904
12.0845258720356
12.2568364736908
12.0771113558057
12.416394047139
12.8740116839579
12.7762932782209
12.4913900959875
11.9449241015152
11.6557202148467
11.4518087795233
11.3816569918727
11.3525736360475
11.1778944734932
11.03636643458
10.4336415847717
10.2802422439534
10.2864156822668
10.2231540503335
10.4010184188447
10.5046010450177
10.47684212337
10.2699184189076
10.077696393158
10.1306663061669
10.0211373499498
10.2559119297034
10.246518976024
10.08187622338
10.0349785860826
10.0637407744576
10.0953658507481
10.0581444975169
10.2869705340146
10.261605948017
10.0258393091666
9.7286592296602
9.43531728199992
9.27528556749592
9.15859628424825
9.25198885852112
9.38737023176052
9.5253571177398
9.63368674936502
9.58074944794432
9.66806632465221
9.64935904961865
9.50311714875293
8.77550719651684
8.52947538303012
9.04781295528687
9.0813977200537
9.13313429700398
9.15751178593793
9.36023824262698
9.31264557040712
9.32799795755839
9.34783973138781
9.55734540789699
9.48089900859779
9.45160315924177
9.40263334407157
9.25808352519545
9.23823161960602
9.13420560444307
8.93472012677237
8.8791841915803
8.73005858350187
8.43917706277405
8.20076729521397
8.2503875300751
8.15708166084081
8.09177667819388
8.20133631255669
8.03013967925495
7.98816413804215
7.95972093541458
8.18404522792181
8.26473385667431
8.74615225977075
9.24055098846291
9.49898249828968
9.38413515211514
9.47330919423461
9.26698143630755
9.22045291773747
9.30846334071758
9.22010002502633
9.14211666071975
9.56736748072194
9.42887214361746
9.63129617319505
9.51650457807856
9.56569845832085
9.56063140256004
9.7490682005487
9.50015843238065
9.78855375548129
9.63811408051677
9.80904439520203
9.36239628902368
9.4825319578728
9.43683902665655
9.44430328984223
9.31669008575698
9.26642734101562
9.36714724425053
9.24302810260716
9.46621776798209
9.37555462651687
9.29176618832451
9.34634895754007
9.30281924172104
9.32417721767541
9.26653966799591
9.21447869347211
9.15576493203145
8.97561999452416
8.92780072874546
8.89821417903565
8.62278103558993
8.44002408494877
8.67101019753041
9.00309285239786
9.30216977979817
9.43295937025771
9.50961114223364
9.66566324928203
9.91933578715804
9.90476156090567
9.8452785244295
9.56722647089373
9.59898588241609
9.67134661111623
9.9877831315121
10.3256345868855
10.8447759178487
11.28805987213
11.7746500350934
11.869110881528
12.1890885448632
12.2723089917438
12.1585365906939
12.0974091801019
12.4487489550369
12.5313189803339
12.5994765182792
12.8210611875636
12.7940383021349
12.7853642846101
12.7565562469553
12.6063799967853
12.6179225247556
12.3496496849592
12.5781036172323
12.6410635256625
12.9362472213352
13.0592047146293
12.7643668961314
12.1770959578186
12.0686136891137
11.8866007649034
11.3848126609739
10.8674146839394
10.7619486766262
10.2739312138709
9.92604070601397
9.6516746569445
9.59363888640073
9.56381496433439
9.69751505443983
9.55709819278135
9.52441023298604
9.66520651775463
11.2457621065558
11.6963323628335
12.0914391899778
12.2289234702974
12.4739611767
13.1913550609477
13.0751582896484
13.8377315805501
13.9708359159281
14.2147427925462
14.6549441910809
14.9383214470527
14.5349883241302
14.2796176858799
14.0738665088435
13.6177004280895
13.7456398357528
13.0223636641768
12.8791970187063
12.8527061945903
12.5136697655237
12.7980743033843
12.2762786886428
12.5600469688447
11.8886643553804
11.4886368910671
12.276620172922
12.3949035527165
13.0578147415411
13.3233339068134
13.3438065213812
13.3691763254043
13.3381182594241
13.6556904825788
13.4597946386014
13.3639652477714
12.9098623283908
12.8199609424528
12.7040256624373
12.561010746719
12.4270340707893
12.2011918515017
13.0047329051231
12.9793519424936
12.6431731490768
12.185829451184
12.1042589336533
12.3649165491819
13.0557232386632
13.5909564493075
13.7456433839412
14.0520192196111
14.1572142978891
14.7253036048883
14.7688977006553
15.4649121529538
15.4295775418468
15.5670573556063
15.9285379665129
15.6335581067819
15.0054867606152
14.8043210218694
14.7746997620588
14.4190864018029
14.1918104912413
14.0273074946855
13.3175312544889
13.0731425705619
12.4306677216834
12.0486645985987
12.1553700453001
12.1522301917471
12.4699951441225
13.007507398053
13.2627683096538
13.024804415503
13.2978977155808
13.2978662786861
12.9326010007361
12.4352290890112
11.9741165443513
11.7998325499095
11.8670456793086
12.1220937704085
12.4189597611305
12.1405530131799
12.4113630963432
12.6807444170682
12.3233567892151
11.906420410811
12.0181281887702
11.5623913577018
11.9483886161251
11.7980456665839
11.8276604134812
12.1549882475754
13.3821704288067
13.6242547126354
14.3871573640163
14.7441939471665
15.1483437216864
15.5249805195605
15.6917936824192
15.5839792161918
14.798623683781
14.7111501959414
14.6963171636115
14.8362644445177
14.6057334524464
14.9363153575622
13.8233321233785
13.5028738700823
13.4077445232344
12.8322803592848
12.6296203991791
13.1315193439048
13.3594644044589
12.7512233998858
13.0936369389067
13.5722191448743
13.7322635379123
13.5040364483427
13.2490865397999
13.0904184723846
13.1138338686389
13.6560683077151
13.4620110223813
13.2446006439193
13.1623036874144
14.0529593480025
13.7863418538228
13.6504889389042
13.6390672687461
13.2681437506077
13.1853229922064
13.3205997714017
13.6310053452645
13.5306479423384
13.2604109864894
12.8057727744351
12.561732039292
12.5896359630839
12.3200427047253
12.535502472613
13.6270580702877
14.2793583716661
14.6189037300097
14.4191069854172
14.4246489545583
14.6981952144063
15.02276044612
15.2985526044143
15.50241499483
15.912150858301
16.1687491631852
16.6316903794495
16.7734777347348
17.0137949225361
17.0130983513819
17.3116648130553
17.4295083807969
17.3635633890013
17.3426971547069
17.1806110833329
16.8911645544949
16.6685004107339
16.2548042827705
15.7087750563002
15.5738037809115
15.433678615733
15.1327863353932
14.7793926567951
14.5667877097043
14.4060057782653
14.1570057802319
14.0589354997179
13.9346865591602
13.6615485625931
13.3591786159585
13.1871823307823
12.9133897413243
12.7279272099955
12.6014607079086
12.5033810842136
12.2908798332961
12.0754807201302
11.9281510353525
11.7880116246435
11.8396129834704
11.911686105008
11.880486895516
12.0008981789704
12.2264617191172
12.4585753497672
12.4187409743048
12.4632296426687
12.5049350370718
12.3961604072373
12.31332264633
12.2156919826628
12.2714319089532
12.4323046364426
12.6581669721322
12.8373750582926
13.1189665931912
13.3707912134984
13.5137882067963
13.345397533341
13.5991179523312
13.8117868916738
14.0196446392848
14.3245219883406
14.2310204034312
14.3118683101548
13.7535981150762
13.7807372352223
13.9541930231717
14.0332787349229
14.0431258786969
14.101665109557
14.1018431887689
14.2912524743007
14.7130606052362
14.9784002485259
14.8736199296474
12.9670470874064
12.2754212489991
12.0667064440097
11.8921650814401
11.6626767307409
11.5270000590503
11.1777382835364
11.1497846429419
10.9835866881422
10.8169618615378
10.7120756380714
10.6628231147718
10.6749157853276
10.7057380392819
10.6509401334737
10.5701224327809
10.5669307636517
10.6515196007867
10.6636193573149
10.8241739565154
10.8964134125103
11.1280534721833
11.4521109097606
11.6320070206415
11.6840554071412
11.8906893232395
11.9326589315907
12.0599516083697
11.9608280035694
11.9893319142573
12.0385129718591
12.1791647044501
12.4122365395147
12.7556171634961
12.5386634637597
12.4198009720643
12.2966097598428
12.4090912975055
12.3377754344529
12.2843934485426
12.0015092313238
12.0290790297341
12.2842975742216
12.6288719772934
12.4898300917351
12.5122056026081
12.2256837063555
12.1498079024414
12.0380760019558
11.8691787385004
11.7829930397521
11.8985655037218
12.1294149447034
12.4538635276426
12.1423815650889
11.6861120780366
11.360067397687
10.8670745103381
10.4420787481979
10.1637231398589
9.79932077380646
9.90742061787435
10.0210030731908
11.2411142652648
12.2856498957616
12.402386210997
12.5107297754048
12.9099967828036
13.0493599863749
12.9395604661257
12.543035931129
12.4641044955269
12.3058493470893
12.181789703786
12.140836058188
12.1502086795581
12.3507891950744
12.1681259622132
12.4614558423322
12.8459500530306
12.575775956103
12.5458333896756
12.8721234391519
12.6918145816091
13.1004332007979
13.2399514310519
13.2754342428042
13.7631251444174
13.4306434813836
13.7254247451925
14.0157057777307
14.3676380294428
14.1454163127852
14.8286291536227
15.1778635246225
15.322961507728
15.4394967058624
15.2368518788792
15.0510633316149
15.1745792560596
15.5503068026958
15.2812319152828
15.4091176201712
15.4416838502199
15.3894331030743
15.1220756861362
14.75865551123
14.5235088450694
14.8483118345841
14.587733213424
14.7658655126478
15.1042781978357
15.6700949024965
15.8746348889409
15.918271338062
16.1715857506354
16.3201254199877
15.9841591636438
16.4775049026731
16.7917552758187
17.028972854465
16.6019787874469
16.1066273046478
15.7834134105155
16.2911102361905
16.2907897525028
16.4089024447598
16.64785820113
16.543744149243
17.2464041338188
17.6524198270855
17.577210779372
17.1999711244664
17.5212718800149
16.7224394046732
16.5289515066284
16.907339978341
16.9384606435419
17.0340601882167
16.9204519484364
16.7250456089814
16.8981585884856
17.0920388027772
17.242318205115
17.4336806078205
17.6572433919388
17.9368496991072
17.9434135274546
17.8794427982514
17.944962382592
17.8590120764483
17.7726597066974
17.7434882468336
17.6256830802846
17.6883424893596
17.7363092728235
17.6924385966384
17.6843632488165
17.5179276825936
17.2361361389789
17.3689331021099
17.6834095708924
18.0886952912776
18.5094982726068
18.7889372437415
18.5928881952492
18.6067903358869
18.5783724222617
18.1175616142954
18.0254999226256
17.8033091228925
17.8214648151772
17.9961707363679
18.0212484306692
17.0749053975806
16.2683009230397
15.7120812235031
16.2335684724894
16.2095628175476
15.2988739831588
15.7591382604547
15.2374069425908
14.3089316503986
14.0186194682667
13.8205518919059
13.6104754943002
12.956855547646
12.941862733497
12.9051833972225
12.8929555813231
12.8711152378719
12.7636662632986
12.695218840063
12.7200264675435
12.713776883939
12.588569996918
12.2054078138271
11.8188821750159
11.4870334082506
11.3465961136836
11.143938703689
11.0860457128683
11.0943776272395
11.0327194130192
10.9891774450833
10.9779274909013
11.0909495795639
11.31085934262
11.6597489553476
11.7685234616823
11.7350895726788
11.8382945626244
11.9794997346157
11.9787751465013
12.2215869286556
12.3570285939215
12.7137518576286
12.8636016414291
12.8978756331424
12.684354025724
12.3969308598556
12.3827362914767
12.3175957679517
11.8611998887897
11.7659932059416
11.9086065432931
11.5940502608535
11.5064547264084
11.4426512986558
11.8687649728225
12.3881994035792
12.3088708004721
12.217451498762
12.6540195305871
12.8092014241558
12.9368148770054
12.7514671475842
13.0211868506691
12.7547222737154
12.3717898249629
12.0452736126644
11.3541780588531
11.1081191513083
11.0629403774828
11.1757992057414
11.0094459268214
10.8960282114494
10.9698126985098
10.7889250939388
10.8704443814227
10.9512506278621
10.6672141783448
10.6118313363533
11.0584033636072
11.9861398120665
12.9225815183042
13.8435899539715
14.351577093388
14.470912904484
14.4618394757592
13.9845143977696
14.0940985794019
13.7363516265907
13.5160580196757
13.3714446576412
13.1905291731921
13.3164914375187
14.0867899996123
14.5207960105707
14.5062049191064
13.6805883990004
13.0069866119552
12.7951163497396
12.6573895002824
12.0584314175884
11.9931345002111
11.5863482635264
11.1371497374542
10.5890015597584
10.5366970688582
9.73786077651135
9.11253693648825
8.91611453628352
9.11956749781411
9.61908810468012
9.81348702610754
10.1881794129824
10.4227776785682
10.7301991101946
10.6031489529722
10.5436051450045
10.3402683102357
10.7488236519291
10.6604265029743
10.3759520193514
10.3762071484697
10.1827780916252
10.3929398995172
10.5255879939635
10.4643329159912
10.6274823588487
11.2603789616839
11.3804904991143
11.4368582583156
11.638751491773
11.5103656386163
11.6481721819459
11.1982906370393
11.2120501562592
11.200319452422
11.5857461321577
11.9640024375889
12.2869461097577
12.5127105056088
12.7520775677344
12.784333161481
12.8797009652611
12.4313970048383
12.2860558692871
11.9090887766766
12.2272606789119
11.9950025393116
12.9570110285385
14.4832362659917
14.0995568353571
13.2954369514474
13.1873387716485
13.061742830106
13.1707975943632
13.0633650351003
12.9142953485948
12.8428111589107
12.9329870432927
12.9398932703043
13.1124075758477
13.20987903617
12.9770996844898
12.6732878218066
12.6629907052813
12.4302080880942
12.1447600133716
11.8227179449952
11.7150069725095
12.1540606413137
12.1638744714844
12.0397848434902
11.8769212193917
11.755858978358
11.4558009695035
11.4745849023446
11.6062451263865
12.5605712879837
12.769565854121
13.1952884548132
13.5905857095528
14.221136329955
14.1633818944127
13.9338759137201
14.2025260918313
14.7914233531347
15.1169684146213
15.6345019710901
15.5964204730985
15.9610712855527
16.3720036051946
17.1984460020862
17.2309688886523
17.2704633116121
18.4389335443994
18.9571935902071
19.1462957908532
19.1799144630588
19.539731436303
19.856833121707
20.299481268466
20.2827015853023
20.8847333885233
21.0019084689561
20.7396365873911
19.8518954702345
19.5861158348804
19.4403338834076
19.4313100441945
19.3733765036547
19.4131857209114
19.3084470467045
19.6271383650316
19.7305530974874
19.7337249951782
19.6099202047472
19.3790442149712
19.1022740597535
18.6199275698998
18.5642242206232
18.8121805849058
18.6150108339274
18.4309266240805
18.6971767101507
18.9524016950381
20.7517657433037
20.9808952399147
20.8641059353873
21.0083576496007
21.0937728198754
21.3096663459282
21.8897697494273
22.3084700228251
22.2932111098395
20.5176147882386
20.8569116925068
21.8682941742849
22.5773481780654
22.8536697048233
22.9689168041895
23.1244839223904
22.5420485983052
22.1015910697631
21.352991289244
22.1576680689116
21.729335150478
21.0515330603946
21.1940791740796
21.9057210526333
22.2629505458027
22.5295449622952
22.042397771743
21.6082205366733
22.363144965415
21.8197323700261
22.9610815243684
22.6312360522658
22.0237713597702
21.8220149613023
20.9295509405698
20.9850488900771
20.8173221866567
19.8294910805606
19.5957408744035
19.3963797793764
18.8731755536828
19.2259513625619
18.845098866882
20.698569751106
22.1393055718348
22.1499576782379
22.6984311079379
22.4439886091627
23.1092212412071
23.6696223506833
23.4101475800558
22.5265575235895
22.5422503159092
22.9555388650861
23.1920360856174
23.703708542016
23.8412243744842
24.2604548087085
23.663522755166
24.3119688391928
23.9032270902168
24.5477431832047
25.0541812331182
24.54420442095
25.2599244566797
25.562403672048
25.7889253964046
25.4938110104574
25.7112603596173
24.9640321407643
24.1095028802542
24.2885778756557
24.5288117004794
24.9104125062784
25.0802036199659
24.8669341926319
24.5881747871181
24.2355840901068
23.7288160845459
23.3598260005949
23.0671149142789
22.8468164042569
22.6165918027073
22.0994127862388
21.4432321227572
21.1969927722635
21.5036617824533
21.5852445517061
21.5312164518471
21.4969480779911
20.7078101268711
20.6583021902787
20.5610698967518
20.6212298517344
20.7207602811361
20.991225989261
21.6876708018023
21.8869246483606
22.0052269149185
22.4012661264102
22.8695298858851
23.0835506258639
23.1451211586033
23.5189217688212
23.5465150626171
22.6068026041022
21.4807716566477
21.08743888899
21.0093335647575
20.1467681154604
19.5339789861332
19.0742382051876
19.4899735847222
20.0078344929427
20.0449583803215
20.2967672551862
20.2940333288633
20.0986419389766
19.3534143309275
19.1140944310419
19.1024664248477
19.2531698499252
19.5524966112631
19.2472903919474
20.0406613832105
20.3594122248411
20.453749511009
20.6817565290385
20.8890124002677
18.386975600389
17.5104471904668
17.5277497665123
17.6456675406224
17.6815577289249
17.3876724409472
17.0398551840538
16.7375840451737
16.331897349056
16.2000817018831
16.5392862001743
16.6429564985119
16.5251670627336
16.2947502280295
16.0370742210345
15.8887793481774
15.6493226338367
15.4356732588227
15.6490874133087
15.9045780342656
15.9650022660106
16.0943745119198
16.4724321075973
16.470646734119
16.789203008658
17.2778922021261
17.4389614585321
17.1775529447922
18.1916003556037
17.7065795421251
17.3042439190517
17.9444146340513
17.5863127660006
17.3156211912179
16.9127980438605
16.4480044551719
16.4876021017342
16.9770246275895
16.4430498906245
15.7112846368297
15.9528218612096
15.8056937593035
15.7938988184714
15.847496993405
15.6595089188633
15.6842762055379
15.8224865186011
15.4727655713969
15.5723954716964
15.5070533721996
15.0829157935716
15.305791141102
15.5359722347979
15.4005067513408
15.2521402275372
15.1287404370109
15.0311232165364
14.986858638661
14.9856427464719
15.3238317965397
15.4570068335847
15.5277328944313
15.5617551091194
15.7513396133039
15.9360209536581
16.1354801151696
16.0083142392916
16.1394608647179
15.8930623979336
16.1410401583184
16.3596714220948
16.3525903155723
16.45445963558
16.4490674094997
16.4956230165439
16.4920107662483
15.9575144935717
16.3637413706123
16.3132796571263
15.9836144364432
14.9606721793917
14.8017843219563
14.6578691933051
14.7273919204511
14.6010508365774
14.1027841289371
14.0119472738768
13.956050615155
13.7908248494167
14.1104877521242
14.5432102181852
14.5771747617476
14.780292555755
14.8089371590344
14.8907283651143
15.0805540988427
15.2806054656236
15.2805936236718
15.100532681012
14.4269083358663
13.9907211160227
13.7316639365726
13.5133828827364
13.4718511489144
13.6223703973273
13.7282364287595
13.9164565052846
13.9543447088438
13.7678223417143
13.6295400494067
13.5274696078792
13.3383969922829
13.4176229396768
13.6123769268127
13.4388284230779
13.4231749902111
13.2690333100338
13.3448509614082
13.3877135182678
13.471220292361
13.3476241123404
13.1975127912848
13.213184072714
13.5214500505027
14.1825533572487
14.4424099546021
14.0701710295268
14.458384876522
14.0937016221199
14.0786062843306
14.1362089410597
14.0456037225348
14.0128210649197
15.2355729001931
14.797995530149
13.821064129448
13.9417363763011
13.4776060818277
13.6871775206671
14.2846615149398
14.232209487966
14.0728342570528
13.7393498904633
13.5394599880526
13.3092395246217
13.1183151018118
12.81987131308
12.7974327819882
12.6587347705065
12.6108138014649
12.6348337171728
12.9310686903453
13.0628369914104
13.1824603206973
13.3696420041657
13.366326946378
13.4814312324471
13.5829356405291
13.7045041186657
13.8088970545514
13.8012689342509
13.8995276817783
13.8555164409821
13.7607666393084
13.5930339932575
13.7171350270286
13.3665911267756
13.0424339977066
12.7202617084364
12.603813074077
12.4612790370735
12.7888750595595
12.835348747763
12.6568434995158
12.4612966427079
12.6310710967796
12.4291363540867
12.7759840240885
12.7137169768211
12.5822055732075
12.5496867365868
12.3428291836614
12.6783548233422
12.5642312888714
12.4879218280124
12.3612942551697
12.4591192087822
12.7067152720161
13.0561442420448
13.1338057164946
13.1854682960013
13.2519946154861
13.2580302160275
13.2272448585311
13.2074018595619
13.0814640947227
12.8471710573952
12.9728813330159
13.0945512972287
13.1459883655866
13.067305310569
13.0417979853084
12.9201471274244
12.8994429547844
12.8674443376215
12.7306351557652
12.737512670839
12.7070365958069
12.7138860790223
12.6307339724207
12.7163734306392
12.7033331752199
12.7593610929689
12.3694048083022
12.3666144732949
12.1522831744427
11.8882371514905
11.768893468042
11.5805556919222
11.7110186858782
11.7056706732785
11.8413485169529
11.6131798438976
11.5970738542353
11.6408635096609
11.4131214986176
11.177475024026
11.1940915878977
11.4859766063309
11.6991333869084
11.6331017904872
11.1208618679671
10.070355362845
10.2963240558368
10.8293265729776
11.1431895623204
11.4980176839504
11.2262838300119
11.2941257972113
11.1384465522908
11.069232779703
10.7709478075567
10.4269235564251
9.92379712743968
9.80801297128712
9.48544418818987
9.54351077217608
9.60904287819999
9.03549786949291
8.95626476918858
9.08781039721971
8.63647215490594
8.80581018161322
8.66735295310402
9.39843225025965
10.3600874760678
11.3619024653245
11.7142731238421
12.1404574324228
12.0576308945938
11.8421203728281
11.7818615706056
11.7447672196331
11.086434220251
11.1045885973945
10.973472771017
11.0891198810569
11.1550143639015
11.1835470700787
11.2387405397939
11.3662243114705
11.3584658421772
11.4962505508034
11.255646642658
11.4610942296321
11.4748121958102
11.3769795238352
10.7340565355588
11.1339432790137
11.5632797385612
11.9656890988172
12.2147533020888
13.013627771168
13.1433131165592
12.151475872074
12.1584252202559
11.8297114671008
11.9794110746158
12.2445370575949
12.397988072186
12.5696388526077
12.4961760826881
12.4653326020205
12.5871982921243
12.7828541601891
12.9653260844743
12.9257435268871
12.8465815692445
12.6970755053558
12.5753248814872
12.5540757394141
12.6201562766087
12.7163694674188
12.8655387377723
12.9669286166721
13.0698459315026
13.1202941149539
13.3546849440115
13.2662107557645
13.1879132062237
13.192933852549
13.2214934624474
13.5215094475022
13.3050308155966
13.0454692401148
13.1658449895438
12.7977051611399
12.6983611613314
12.3842160746055
11.9995377129088
11.9886840322824
11.9708042949992
12.1303424399248
12.0347382857241
12.0317483155408
12.1888170595174
12.065451668802
11.9019765333323
11.7733272569519
11.7567549689516
11.6934481320755
11.8527527684095
11.9947536016649
11.5524143510624
11.3140792037976
11.0396643853296
10.6194139226309
10.2653894137416
10.3344447716407
10.6161289676047
10.7745944825512
10.9261263220701
11.0750549151697
11.2187570036139
11.3657954976586
11.3508397409631
11.3343629830923
11.5201906801598
11.5418504535562
11.6155454828603
11.6661462459981
11.7524693186046
12.0439314743231
12.3957762156503
12.6140242184401
12.7453735871547
12.8463729094123
13.0707719516822
13.28382751877
13.3842330026475
13.4055414493009
13.5961783279696
13.9458095440005
14.0024428693292
14.2860124144569
14.3598874568741
14.5344872511265
13.9895979171339
13.9962310330294
14.0724245782611
14.1413981653306
14.2500798000696
14.4447429398223
14.4019162016069
14.629055784075
14.4006811168922
14.2741125312141
14.2730637993722
14.1593683669535
14.455952165505
14.2503265239569
14.1284991630109
14.5266493709884
14.705043122558
14.9176617902603
14.981480343305
14.9876471802408
14.9172153754956
14.8533891045951
14.9047902009496
14.8910899175056
14.9303817478376
15.0698509167634
15.2606364936169
15.4457986808851
15.6200930757853
16.0819979563911
16.1354512566196
16.0404944749315
16.0636732707015
16.1532598492687
16.0163226488155
15.8515590862094
16.1732512496854
16.3175751459917
16.0989453688671
15.8259897836899
15.9050863014624
15.3842084410258
15.2744147008263
15.2599253279887
14.8465665099856
14.4752711852311
14.4729517923111
14.6438857443255
14.1834680804106
13.4406254681122
13.0840597624506
12.8938786177273
12.600150058228
12.2612811529209
11.8687666847869
11.6172080028966
11.5103336569069
11.318243809902
11.3190136384001
11.4577805892938
11.6109686695014
11.5967931153375
11.8209633834071
11.396112652438
11.3408444928883
11.4979296422942
11.6301370978734
11.1739565060997
11.0487123156986
10.5340318286879
10.4675618184051
10.2187394654413
10.192684388814
10.1060004467877
9.94284599297569
9.66754960726504
9.52647132318824
9.54789104019097
9.72644961310003
9.85482118287238
10.80339107088
11.8967836482169
12.8222675474189
12.9058629848297
12.393843157038
12.0440644700179
11.7240495499417
12.0934990135831
11.3840057889576
11.9658938179455
12.3146802479184
12.1601614460324
12.3901813912369
12.9686155831094
13.0300831839258
13.4478410002887
13.8770447751454
14.46288510356
14.7669388575478
14.7220017230034
15.0933731575298
15.3710148243114
15.3723274096125
15.952010361133
16.3679383311712
16.4086523234446
16.5590624302897
16.6280215267721
16.7659095246559
16.4314619412905
15.6143744538968
15.0757393297893
15.0569652149989
14.9182283449983
14.7285719937371
14.5793708020606
14.1293195477913
13.8603874517577
13.9516000655885
13.8330079353198
13.1720352091733
12.7340094753344
12.7503481635872
12.9971717433762
13.8140643969445
14.7366286389478
15.2150573126954
15.0790597687163
15.4530612433692
16.2563530140573
16.5484403305731
16.509147872617
16.3449227499367
16.2250375681219
16.6086341537262
16.6751770716171
16.9290804936257
17.020728920867
17.3849314340155
17.3879260669335
17.0501106287986
17.0216738027179
17.7179342252442
17.775985953457
17.7954789810379
18.2360732201387
17.8792096672542
17.7486027871324
17.5772580111043
17.0411989363552
16.7319398142207
16.6749228271398
16.7539069062162
16.570988001866
16.1675901396354
15.6445991669384
14.8587866024291
14.8369161358364
14.8469631060387
14.3773071415146
13.8632480797259
13.423685355535
13.1730729931108
13.0888181829246
13.1529727491729
13.562079592467
13.366460499797
12.9466674632587
12.4747331671311
12.5268174049727
12.3154656224568
11.7863067521437
12.0722189118671
11.7766664956402
11.346828823814
11.5771634489303
12.9247816730008
14.3141635151277
15.2342062135369
14.5754672258788
13.8617056188527
13.6302072505338
13.7173636130435
14.1885301849442
14.5494090898919
14.4159860922419
14.513530462189
14.3564971344792
14.3471691037427
13.7498944658988
14.0806404072103
13.9089800829272
14.1046918598895
14.250275135552
13.8594597813824
13.9122911408667
13.3691053326318
12.8091457357526
13.285183223249
14.2653632943852
15.3156780555478
15.9502466243823
16.5521218255189
16.6012518168865
15.8213756960926
15.2760411814905
15.447461531912
16.4198950534588
15.8727491554569
16.1096220325714
16.1094430344604
16.2669363182354
16.335472521984
16.3395879090118
16.1307588222023
16.527719697874
17.0717775209647
17.1946227731712
17.3439776315848
17.1905632409664
17.2650601154792
17.4599425358475
17.6446156084365
18.2285502934578
18.8880389573254
19.1141346313566
19.3493192957744
19.4915016369458
19.5962415385638
17.7679282634421
18.1229878520699
18.6654104754695
18.4054079614403
18.1654883178355
18.2764748479457
17.5158538607238
17.8227740313981
17.8195416681919
17.7727678419319
18.0275243314518
17.8416490854751
17.7050269774678
18.0626170471864
18.0413945732842
18.2067591701183
18.3113450821162
18.394233051327
18.3921222125888
18.1011484138395
17.7529299648911
17.098844679083
17.3072412849232
17.4859086877818
17.7475333591582
17.5932204484658
17.5657680837974
17.4270274545327
16.5601021085865
15.6169106622886
15.5648155348171
15.9750996940053
16.4033012674205
15.4425842881633
15.1363179347544
15.8998415225345
15.7018127397722
15.3676976033106
15.1864774683038
14.4574070655075
14.6423765861047
15.1921271887399
15.8018916271457
16.0477002591063
16.2520099449344
16.171799283549
16.0246225877497
16.054256897347
16.2931674159366
16.3206916207562
16.3494329735801
16.4607393832899
16.8958695268123
17.0899547630183
17.2944163251602
17.9788732507977
17.8174466971648
17.868149145637
18.1206423530151
18.2459506842168
18.0453674740016
17.8454978317012
17.6325309568059
17.8566383288442
18.0097549297286
17.5017016686534
17.3729560308863
17.2939883121512
17.0285825071537
17.1281666558902
16.4712661478293
16.3964697986422
16.3961251087944
16.4370286344797
16.3483673097004
16.3178328539979
16.3147089056667
16.31329546155
16.3604767499681
16.3130609561556
16.5578083052067
16.5103211371303
16.5493322560943
16.655358406565
16.7202716397206
16.8106346501779
16.8502826025822
16.7996575439544
16.7396810865788
16.6131746011584
16.0371899410589
16.9023928022278
17.2577398199732
17.3069742990217
17.183347158698
16.9716085977564
17.2452599957758
17.132793125155
17.7429358642985
17.6647381205812
17.558374104878
17.1821832168017
17.1794446734978
17.4609921257049
17.6709907989701
17.9581831964676
17.8863506936344
17.6254340132064
17.9303949382438
18.0121420316538
18.0371247774805
18.0200380801644
18.4537389772924
18.6831306191573
18.5696605799463
18.3507177323862
18.2973899236213
18.3749415415633
18.438959818879
18.8604517522311
18.5499206883126
18.0079301404219
17.7042543670889
16.9931180146521
16.7079540714897
16.1621541657263
16.0188054486906
16.0394908061402
15.2978925130434
14.7077116122773
14.7256453553347
14.6876118577093
14.522911421494
14.2636947353382
13.9970524299254
13.8008010787252
13.7880668837529
13.5069638731684
13.5494237656304
14.4965992818176
15.7737678156614
17.7638356079005
18.7533251287039
19.2545323948911
19.445232928506
19.3703611750905
19.6660156910151
19.6200449000567
19.6601449139401
19.5306168242082
19.2657584425497
19.2232593738088
18.6070708451604
18.5474571332878
18.4905393378036
18.1322983536182
17.6821801203029
18.1658441770688
17.6114228939305
18.0200995536572
18.0134195886838
17.9510700104647
17.8528487880527
17.7356378568376
18.0421826475099
17.8887410747598
17.9803225700288
18.05281966392
18.4014270947767
17.8063329812541
17.1550906942472
16.6193986353139
16.6142549421635
16.3430391810871
15.9881150678221
15.7898579064214
15.511607692743
15.3991485024417
15.7354596836632
15.2103191860595
15.1063514240766
14.9763516568506
14.3612517850296
13.9854699857987
13.677643005211
13.8267038555543
14.3645046931528
15.0181465239705
16.6030753638177
17.4748980776689
17.3564084432914
17.769362736444
18.1720960478684
18.5318251100335
18.8733722254181
19.2499448921225
19.7174430143334
19.2147700210261
19.1476410950261
18.5969487180023
18.3568229126513
18.0405744265051
17.8135934963381
17.4067095394118
15.504406011465
14.6462862773559
14.1464170935827
13.9324752066003
13.7662769935466
14.4202475337977
13.9737432595392
14.6584630547757
15.320808737423
16.1950702244418
16.5649197006252
16.8777434907004
16.3785128193134
15.773696256708
15.608002903186
15.5771531472112
15.6105680845037
15.2463047263376
14.9841041869899
14.6496139073461
14.7255697836132
14.4054006595083
14.0085514110822
13.7937311320287
13.8613003208626
13.8677789859563
14.1796087395882
14.1166428226566
13.5625027680685
13.5347169194962
13.7261394681393
14.8807671348382
16.0524690635254
16.6476212801624
16.9368149133274
17.5551016958593
17.8251660243404
17.9237992806717
18.4108964569856
17.9524177408685
17.7308396776063
17.0260724575914
17.2369610224234
16.99832209137
16.9889404636938
15.2541898148652
15.4420275559843
15.1178239075655
15.146549712735
14.9818709265442
15.1014013973836
16.135377140454
16.707814384342
16.6054699446845
16.2624344235864
15.8007499997612
15.6546846448568
16.2279832287805
16.7687567933947
16.7020941887228
16.6729480975723
16.2630056121115
16.0082537954921
16.0433606997523
16.4251948137476
16.0817641967057
15.7487834353786
15.8539775215671
15.7909631649417
15.6326709781908
15.8842664775939
15.9965864127799
16.2615150155034
16.4159841980741
16.1108414744584
15.6925775537879
15.2418832178545
14.7192881692164
14.2724508227275
14.679031426377
14.8607827485806
14.2674277757559
14.2083276644172
14.3296929256334
14.8009563225305
15.4505708808778
16.1453421151774
16.6605384924572
17.023373693365
17.6138244552278
17.6796717705052
17.7979328784955
17.7085934252238
17.8271261959996
17.6497721036937
17.7677265883383
17.8795895591822
17.9295662153756
18.4206421318569
18.1478530941084
17.9519990728831
18.4908789028823
18.7578341567957
18.4814381739129
18.1510815056605
17.156557323925
15.8330938440807
15.1194309340381
14.4116469860699
14.0089593451409
14.0432255554973
14.2948979587283
14.5199044079058
14.2498642647436
14.2357065488843
14.17522852313
14.0012782898055
13.8831197440838
13.5747974615737
14.2840666332634
14.103616592327
13.64417319345
13.3317695018678
13.3688604745625
13.6086684948866
13.5039080442065
12.9992501295355
13.9286440855045
14.8943289727007
15.3570214820076
15.8259052635025
16.041604284667
16.2814984154614
16.1795481892045
15.9887660541933
15.6900181965078
15.693483668204
15.3982694583994
15.4545263924872
15.6310851936209
15.803685263043
15.7009374132807
15.9788305819624
16.8044653126003
17.1048192771456
16.6230176410644
16.2532940110232
16.1049111070369
16.5534321799066
15.9194966851851
15.0745779845414
14.981733931429
14.2206585203007
14.3988483551077
14.6042081000744
14.356437718316
13.7639874818215
13.3447389990139
12.9081181543869
12.4451492167221
12.4423485135676
12.1474820842944
11.7240499059037
11.6868342899734
11.658190298032
11.4299043374461
11.227739524211
11.3184273562287
11.4599492989353
11.7244935464818
11.9917340209545
12.1064462740116
12.0701279788174
12.0647449416087
12.0774603251341
12.2369452687519
12.3017045755407
12.3342355209155
12.4573245903312
12.5389997667337
12.5171487477939
12.4032676224827
12.4366267579364
12.4395058875383
12.481182070489
12.4651837919904
12.5259584164058
12.5099792529054
12.4327672654541
12.6158285255715
12.5534275891774
12.6561345093559
12.57049678262
12.5816530313843
12.7996397314674
12.8752142669651
12.8347173376334
12.6893290836537
12.9105035853074
12.5675095139846
12.5563264094097
12.802379155594
12.663444127501
13.0463775539552
13.2921023845231
13.1503161082182
12.8678654042137
12.1493505096437
12.1650178821489
11.6163321554378
11.1741071725675
10.6434747743925
10.4194520949495
10.328386183668
10.3252836293986
10.4557353221473
10.4035632642909
10.3914964545095
10.1442366307103
10.2822279365478
10.3724226910742
10.2497046758525
10.4080146507863
10.8805078967405
11.966734270594
12.8687710038368
13.3887171061234
13.6628760239382
13.7089939219682
14.0387357752474
14.2379914099963
14.1586991532965
14.1268098390619
14.0425089243722
13.4808247138655
13.6551448750122
14.0288299758148
13.4179790255945
13.33683976523
13.2480052320353
13.0331898149055
12.8174324849593
12.8391468952956
13.2530452226888
13.4991929709463
13.370262329473
13.3523238736649
13.5780387481502
13.768551971767
13.917221090808
13.8388010868311
14.5525554177401
14.8522656984582
15.0142274901403
15.4954077007776
15.417350224512
15.5720885187953
15.7012488341668
15.6240422038005
15.6497941913204
15.4756403137295
15.1563710072666
15.0663016353256
14.7738373039877
14.7841207682623
14.9132534125467
15.1330570757736
15.1968122440871
15.2799057716288
15.3113195425152
15.3489980595105
15.3982038926095
15.4589597019371
15.5478726337292
15.763925294289
15.641880564288
15.2253647209596
15.0567024193502
14.7084091124212
14.0782637731281
13.3639766929665
13.7064340542449
13.667312138382
14.1983126941258
14.4353344229832
13.9612998365804
13.9091370745348
13.3983647189145
13.121392544763
13.1263968552305
13.2270354828161
13.1385499645538
12.832976436034
12.8336743709818
12.9589984552207
13.0772206878271
13.2826760438173
13.7451551557864
13.9706924109567
14.1013834159142
14.2268885668177
14.2499830005778
13.8433346904317
13.673350732996
13.6467528276328
13.3165178191974
12.8170417831874
12.2925851011187
12.3038429887479
12.2882238046865
11.6605877038337
11.5997978536205
11.3994502723816
11.2289319271931
11.4509929948372
11.5683818728744
11.5875260078478
11.404129450589
11.1409465515192
11.7939614611299
13.2385972847907
14.893511168898
15.6173631881925
15.9474586863226
16.4326682375854
16.599464982965
16.6416128731195
16.5064951054398
16.2316066658808
15.9446510733774
16.0506439272759
16.1302002397125
16.3905759967648
16.4623537663353
16.5288221402985
16.6730693456424
16.771043388228
16.8640572813172
16.981231152219
16.6961823449756
16.7284809379545
16.2748654663758
16.2786645600999
16.2357666433043
16.2937301507387
16.3512529387664
16.520506237433
16.6314840332712
16.5797515154372
16.2070547966378
15.9394284139949
15.2231099540525
15.0104817434694
15.0165291130304
14.5474393067644
14.2462712701249
14.5515905244169
14.2712081257385
14.1288423020477
14.0838261116612
13.9131615541931
13.8963764475663
13.8809200546448
13.642644274857
14.018628822341
14.3769123434635
14.9485180954883
15.8815966593684
16.5346418272899
16.679809035927
16.927594894756
16.8722438065554
17.1319646829574
17.1124241958042
17.1196477039712
16.5825267488583
16.3233638591759
16.5105704707602
16.9069383031656
16.9015995009171
16.9847931729629
16.9909327377706
16.4517017391122
16.0587323079109
15.1650934009434
14.8852951580191
14.3303053825251
14.0998491948981
13.9974218200219
14.0860928529661
14.9126886913201
14.3662273466165
14.1821168754068
14.5394546080419
15.5076660009335
15.4946119439581
15.2152136943063
15.7682763912734
15.5785750290895
15.1990114292987
14.73039495407
14.2629901729254
14.0905622821181
13.9444548740037
13.3113232869906
12.9701039725729
13.0642709153613
12.7343635845136
12.8594523096888
12.9931354647805
13.0778925201511
12.7847117287563
12.7805748083671
12.5747750752896
12.4188398297798
13.2383295325434
14.3989646537999
15.2820415212331
