999.9362183
999.8477783
999.791748
999.7637939
999.8308716
999.857666
999.8980103
999.9547729
1000.003235
1000.023438
1000.133911
1000.188232
1000.381897
1000.526672
1000.687439
1001.115418
1001.409424
1001.553467
1001.777527
1001.801025
1001.82666
1001.866882
1001.834656
1001.773987
1001.54657
1001.324768
1000.934753
1000.34436
1000.107788
999.7884521
999.3621216
999.0194702
998.6762085
998.5071411
998.3374634
998.2634277
998.1946411
998.1459961
998.1870117
998.1951294
998.1132202
997.9455566
997.8651123
997.8056641
997.7224731
997.7227783
997.6445312
997.4694214
997.3251953
996.543457
996.4205322
996.4360962
996.4180908
996.4378662
996.5783081
996.4626465
997.2046509
997.2804565
997.4008789
997.6584473
997.8129883
998.0822144
998.2628784
998.4990234
998.800415
999.470459
999.5965576
999.9440918
999.8755493
999.918457
1000.039002
1000.068543
1000.09491
1000.100891
1000.070801
999.857666
999.760437
999.8925781
999.8877563
999.7685547
999.6748657
999.8029785
999.8187866
999.8721313
999.8877563
999.7999878
999.7497559
999.5877686
999.3170166
998.6448975
998.5737915
998.6564331
998.7575684
998.9222412
998.6353149
998.5424194
998.4233398
998.1434326
997.8624268
997.7329102
997.6680908
997.6854248
997.7130127
997.8735352
997.9326782
997.9465332
998.0250854
998.0708008
998.1777954
998.3705444
998.4801025
998.531311
998.5545654
998.7183228
998.5143433
998.574646
998.5916748
998.5403442
998.4807739
998.3083496
998.2873535
998.2659912
998.2947998
998.3892212
998.2712402
998.2554321
998.2887573
998.3452148
998.4854736
998.526123
998.6553345
999.4864502
999.6236572
999.9088745
1000.045532
1000.1521
1000.173767
1000.258911
1000.170471
1000.370911
1000.387085
1000.374023
1000.505981
1000.65033
1000.634216
1001.089661
1001.289673
1001.308228
1000.873108
1000.495911
1000.541138
1000.665649
1000.512695
1000.386231
1000.699097
1001.305237
1001.494751
1001.476563
1001.625305
1001.612427
1001.547119
1001.50531
1001.415222
1000.749329
1000.695129
1000.596985
1000.22522
1000.07544
999.9606934
999.7736816
999.1079102
998.5077515
998.131897
997.9087524
997.7316895
997.458252
996.7420044
996.3985596
996.2293091
996.03125
995.9130249
995.6784668
995.15625
994.6846924
994.289917
993.897583
993.5372314
992.7455444
992.4168701
992.1613159
992.0421143
991.9795532
991.9092407
991.6138916
991.2936401
990.7680054
990.5923462
990.5215454
990.815918
991.4866943
991.9173584
993.0960083
993.5907593
994.0925293
994.2919922
994.6693115
995.3701172
995.8546753
995.9636841
996.0857544
996.2590942
996.4071045
996.5900269
997.2585449
997.3422241
997.4169922
997.5021973
997.5015259
997.5164185
997.4998779
997.4663086
997.4264526
997.3953247
997.4310303
997.5028076
997.4597778
997.4598999
997.4411011
997.5905762
997.8716431
998.088562
998.1342163
998.1976929
998.1446533
997.9318848
997.7894287
997.6556396
997.8267822
998.1859741
998.5380249
998.9984741
999.562439
999.5914307
999.6992188
999.8208618
999.8476562
999.8997803
999.9116821
999.9692383
999.9848022
1000.049133
1000.223877
1000.651123
1001.387207
1001.588562
1001.875427
1002.032471
1002.195129
1002.359192
1002.811218
1003.247192
1003.459351
1003.531677
1003.559753
1003.571106
1003.690002
1003.622864
1003.684692
1003.729004
1003.829224
1003.877808
1003.959656
1003.996582
1004.082581
1004.133911
1004.310364
1005.317139
1005.528198
1005.775696
1006.124695
1006.281128
1006.473877
1006.636108
1006.908691
1007.540649
1007.690308
1007.721558
1007.725342
1007.886902
1007.90625
1007.985901
1008.025696
1008.077454
1008.084778
1008.20221
1008.353333
1008.43866
1008.439331
1008.596985
1009.109009
1009.364868
1009.59613
1009.785339
1009.850098
1009.854248
1009.775085
1009.760132
1009.711121
1009.677795
1009.40802
1008.938416
1008.379028
1008.212891
1008.121094
1008.01709
1007.85376
1007.366028
1006.674683
1006.480774
1006.2948
1006.207764
1005.849915
1005.744324
1005.624756
1005.585083
1005.526306
1005.626648
1005.594971
1005.540527
1005.511231
1005.225464
1004.57721
1004.401794
1004.240356
1004.103577
1003.943237
1003.298584
1002.714233
1002.446655
1001.976196
1001.838013
1001.741882
1001.522888
1000.938355
1000.451904
1000.367798
1000.309998
1000.332092
1000.164795
1000.20697
1000.088135
1000.036194
999.9903564
999.9129028
999.9335327
999.8851318
999.6530151
999.2255859
998.5966797
998.434021
998.1890869
997.9272461
997.7845459
997.4333496
997.1743164
996.5182495
996.397644
996.2921143
996.1066895
996.0499878
995.9959106
995.986084
995.9869995
995.9909058
996.0244141
996.0430298
996.0272217
996.0762329
996.0408936
995.9898071
996.0174561
996.0263062
996.0358887
996.0464478
996.0263062
995.9630127
995.9613037
995.9812012
995.9431152
995.8702393
995.8729858
995.9072266
995.9095459
996.0026855
996.0765381
996.1408691
996.2853394
996.65802
997.1586914
997.5127563
997.65625
997.6385498
997.6641235
997.4558716
997.2555542
996.8527832
996.8071289
996.4421387
996.3638916
996.1153564
996.0325317
996.0005493
995.9309082
995.7158813
995.7279053
995.7122192
995.8308716
995.7667847
995.9013062
995.9092407
995.9630127
995.9574585
995.9546509
996.0332031
996.0644531
996.2069702
996.2505493
996.729126
996.7645264
996.9133301
996.7967529
996.8646851
996.9697876
996.5703125
996.526001
996.2736816
996.590332
996.7504272
996.8884277
996.8338623
996.9136963
996.8433228
996.9995728
997.6392212
997.9205322
998.0158691
998.3843384
998.776123
999.2346802
999.5727539
999.8052368
999.9225464
999.9706421
1000.015564
999.9825439
1000.021423
1000.268799
1000.871765
1001.258972
1001.367859
1001.499085
1001.597534
1001.486877
1001.464539
1001.508972
1001.533447
1001.547363
1001.61554
1001.783325
1001.891541
1002.112122
1002.279907
1002.674439
1002.822754
1002.841309
1003.078247
1003.329529
1003.598999
1003.741089
1003.763916
1003.736084
1003.734436
1003.843201
1003.72522
1003.696777
1003.392212
1003.569336
1003.601318
1003.662903
1003.66803
1003.852112
1004.004211
1004.234436
1004.465454
1004.548096
1005.220093
1005.362
1005.441345
1005.481201
1005.403015
1005.30957
1004.893127
1004.621643
1004.469421
1004.35614
1004.235779
1004.149109
1004.035645
1003.99646
1003.957459
1003.928467
1003.902344
1003.85968
1003.766235
1003.739807
1003.69342
1003.674439
1003.609192
1003.699341
1003.905884
1003.926209
1003.910095
1003.88147
1003.904114
1003.939636
1003.969421
1003.946533
1003.945862
1003.96698
1003.919251
1003.907776
1003.81897
1003.905884
1003.836914
1003.84314
1003.83197
1003.816345
1003.82843
1003.794434
1003.894898
1003.950195
1003.984314
1004.028687
1004.006653
1004.013794
1004.022095
1004.02179
1004.049561
1004.035095
1003.906799
1003.496765
1002.570557
1002.35553
1001.951111
1001.614441
1000.777527
1000.340332
1000.013916
999.8232422
999.2658691
998.78125
998.4504395
998.0032349
997.7890015
997.5631104
997.3782349
997.3466797
997.2653198
996.7245483
996.6791992
996.5316772
996.4121094
996.3306885
996.1626587
996.0117798
995.7564697
994.9547729
994.4758911
993.9924316
993.7941284
993.1604614
992.4317627
992.0977783
991.9433594
991.5739136
991.1358643
990.7805786
990.3911133
990.1376953
989.8706665
989.7284546
989.6212158
989.5338745
989.4026489
989.147644
988.4734497
988.1228027
987.8946533
987.6115723
987.0304565
986.6353149
986.5186768
986.7116699
986.7313232
986.6707764
987.3881226
987.4251099
987.8016968
987.894104
988.0360107
988.0899048
988.0766602
988.0258789
988.1202393
988.3617554
989.1806641
988.6328735
988.5165405
988.4638672
988.3709106
988.2046509
988.2819824
988.2438965
988.1517944
988.1425781
988.012207
987.8980103
987.8863525
987.9520874
987.8892212
987.9894409
987.9387817
988.0183105
988.0541382
988.1051025
988.1344604
988.3844604
988.6450195
989.2141113
989.2750854
989.477417
989.7894287
989.9297485
990.0586548
990.225769
990.2058716
990.2316895
990.3167725
990.3392334
990.3547974
990.4769897
990.4204712
990.3136597
990.3353271
990.3709717
990.3457642
990.3040161
990.2907715
990.3099976
990.4262085
990.6936646
990.8806763
991.4417725
991.7637939
991.9294434
991.9806519
991.994751
992.3444214
992.6994629
993.3476562
993.5288696
993.5596924
993.6123047
993.7658691
994.0440063
994.0922241
994.1500244
994.3374634
994.2635498
994.2730103
994.3147583
994.2683105
994.4572144
995.1856689
995.6264648
995.9005737
995.9624634
996.0365601
996.0962524
996.2111206
997.0687866
996.7085571
996.4072266
996.4248047
996.1209106
995.9691162
995.9317627
995.8865356
995.6599121
995.4500122
994.8648682
994.8193359
994.5621948
994.3790894
994.5942383
994.5084229
994.4344482
994.1912231
994.144104
993.9901123
993.899353
993.9943237
993.9941406
993.9735718
994.0897827
994.0962524
994.1029053
994.0838623
994.0615845
993.9458618
993.9371948
994.0842285
993.9219971
993.8410034
993.7470093
993.5145264
993.3866577
993.4329834
993.4212036
993.6884155
993.739563
993.7531128
994.0689697
994.1694336
994.6165771
995.026001
995.1337891
995.5776367
995.7799072
995.8320923
995.9921265
996.1726685
996.0999756
996.303894
996.3660278
997.2092285
997.277771
997.2271118
997.305542
997.4264526
997.4352417
997.8136597
998.0438843
998.1003418
998.1351929
998.1566772
998.3426514
998.8768921
999.3365479
999.5105591
999.6209717
999.6856689
999.7261353
999.795105
999.8898926
999.8790283
999.9364624
999.9512329
999.9639893
999.9649048
999.9885254
999.9799805
999.942688
999.9699097
999.9470825
999.9492188
999.9385376
999.9934692
1000.281433
1000.37323
1000.608887
1001.25
1001.419251
1001.45166
1001.652771
1001.812683
1001.857239
1001.801086
1001.78656
1001.75177
1001.638428
1001.614441
1001.648438
1001.618103
1001.558777
1001.533203
1001.387207
1001.3479
1000.786133
1000.692139
1000.549316
1000.470093
1000.552307
1001.168579
1001.365356
1001.429871
1001.593872
1001.681885
1001.718872
1001.834106
1001.776794
1001.813782
1002.009888
1002.122986
1002.151672
1002.139099
1002.098877
1002.005798
1001.907471
1001.89325
1001.958801
1001.947754
1001.861572
1001.802795
1001.772095
1001.771118
1001.700806
1001.591003
1001.61145
1001.577026
1001.703247
1001.876465
1001.867249
1001.818543
1001.650208
1001.545471
1001.417236
1000.641907
1000.294434
1000.102783
1000.012573
999.7081299
999.5894165
998.6852417
998.5807495
998.5661011
998.4713135
998.2540283
998.4390259
998.3843384
997.9732056
998.1315308
998.4783325
998.3514404
998.3300171
998.4622192
998.5853271
998.5892334
998.5372314
998.4852295
998.4017944
997.8155518
997.8010864
998.0222168
998.0272217
997.8632202
997.7348633
997.7086792
997.6799927
997.7104492
997.7109985
997.3850098
997.6167603
997.7020264
997.8480835
997.9840088
998.0526733
998.1835327
998.3933105
998.4595337
998.6246948
998.8031006
998.6983032
998.9678955
998.9173584
998.8892212
998.7670288
998.4955444
998.3847656
998.272644
998.2226562
998.0293579
997.8989868
997.6427612
997.3447876
997.4171143
997.0695801
997.0345459
996.5373535
996.7903442
996.5445557
996.8623047
997.3083496
997.4266968
997.5547485
997.380127
997.4014282
997.326416
997.2505493
997.3043213
997.2704468
997.0952148
996.774353
996.3087769
996.1653442
996.0675659
996.0770264
995.9946899
995.9885254
995.958313
995.9312134
995.9750977
996.0276489
996.1344604
996.2199707
996.3175659
996.3959961
996.5671997
996.6776733
996.5979004
996.5115356
996.562439
996.5985718
996.413208
996.3572388
996.1523438
996.1270142
996.1415405
996.0675659
996.0137939
995.9644165
995.8924561
995.8840942
995.7937622
995.7063599
995.6595459
995.5704346
995.5291138
995.4865723
995.5523071
995.6497803
995.777771
995.8215332
995.8035278
995.6890259
995.6431274
995.6228027
995.567749
995.519104
995.4512329
995.1221924
994.8391113
994.7316895
995.3479004
995.5238037
995.6340942
995.6904297
995.7073364
995.8914185
995.9072266
996.0299072
996.0751343
996.2585449
996.9500122
997.2380981
997.6101074
997.7329102
997.845459
997.9241943
997.9325562
997.9619141
997.8946533
997.8433228
997.807251
997.7390137
997.6608887
997.5418701
997.4904175
997.4796753
997.5065308
997.6795654
997.6729126
997.7731323
997.8441162
997.930542
998.090332
998.178894
999.0090942
999.6135254
999.946106
1000.028442
1000.10553
1000.185425
1000.238464
1000.384216
1000.514771
1000.575989
1000.609985
1000.554138
1000.487976
1000.403198
1000.470093
1000.468872
1000.375977
1000.361694
1001.052979
1001.356018
1001.421875
1001.542358
1001.736206
1001.959229
1002.156677
1002.276428
1002.634583
1002.697205
1002.687317
1002.965637
1002.759583
1002.88501
1002.673645
1002.590637
1002.525574
1002.375
1002.332764
1002.229675
1002.064087
1002.011536
1001.972229
1001.883972
1001.73053
1001.615112
1001.53064
1001.460022
1001.19397
1000.889893
1000.799316
1001.1922
1001.160217
1000.849976
1000.972656
1001.238342
1000.953003
1000.693237
1000.56366
1000.44043
1000.211914
1000.048645
999.970459
999.8947754
999.7386475
999.6397705
999.5554199
999.3588867
998.8421021
999.0469971
999.0427856
999.4796753
999.7210083
999.7868042
999.9068604
999.9371338
999.947998
999.9180908
999.8972168
999.8759155
999.8266602
999.4468994
998.9004517
998.7800903
998.5953369
998.468689
998.083313
997.8766479
997.7589111
997.5693359
997.2566528
996.7600098
996.4058838
996.2781372
996.1495361
996.0375366
995.9860229
995.942749
995.9212036
995.9381104
995.9667969
995.9439697
995.8563232
995.7368774
995.7453613
995.6828003
995.6804199
995.6725464
995.4814453
995.3352051
995.2241211
995.1095581
994.7030029
994.4771118
994.380249
994.288208
994.3153076
994.3809814
994.557312
994.6382446
994.8496704
994.9082031
994.9318848
995.050354
994.864563
994.779541
994.7086792
994.734436
994.5750122
994.362915
994.1153564
993.9216919
993.6439819
993.5803223
993.7592163
993.7627563
993.7502441
993.4578857
993.2272339
992.5083618
992.4741211
992.362793
992.2134399
992.2405396
992.2711182
992.2781982
992.1947632
992.1688843
992.1560059
992.1618652
992.078125
992.0586548
992.0338745
992.0563354
991.9628906
991.9336548
991.8466797
991.5848999
991.5200195
991.2695312
990.9520264
990.8023071
990.5404663
990.3204346
990.2258911
990.1464233
990.2058716
990.2421265
990.3536377
990.3415527
990.3716431
990.4543457
990.538208
990.663208
990.7391357
990.7410278
990.6520996
990.5753174
990.4797974
990.4504395
990.2885742
990.1905518
990.1061401
990.1842041
990.1401978
989.9284668
989.7977905
989.6148682
989.5835571
989.5846558
989.6026611
989.5863037
989.5856934
989.4274292
989.4733276
989.602356
990.0021362
990.0857544
990.1698608
990.302002
990.3851929
990.4464722
991.0566406
991.3636475
991.3825684
991.2218018
990.897644
991.2557983
991.2084351
990.6776733
990.5343628
990.9264526
991.1309814
991.3483276
991.7587891
991.972229
992.1309814
992.4683228
992.9004517
993.4395752
993.7359009
993.7630005
993.7733154
993.817688
993.8010254
993.7525635
993.517334
993.5373535
993.4691162
993.0846558
992.6287842
992.3996582
992.2006836
992.1068726
991.9885254
991.8963623
991.8156738
991.621582
991.3796387
991.0705566
991.1444702
991.3736572
991.5326538
991.5773315
991.8306885
991.9152222
991.9137573
991.9693604
991.9891968
991.9085693
991.8493042
991.6737671
991.1281128
990.9185791
990.8209839
990.7730103
990.75
990.8900146
990.9007568
990.8866577
990.8399048
990.928894
991.3225708
991.6442261
991.822998
991.956665
992.0571289
992.321228
992.6499023
993.2805786
993.4675293
993.5361328
993.690918
993.7953491
993.9004517
994.0598755
994.1303101
994.1779175
994.3622437
994.4347534
994.4959106
994.6567993
994.8193359
994.6794434
994.7230225
994.7866821
994.6948853
994.7191162
994.9508057
995.2219849
995.2473145
995.5800171
995.8595581
996.0082397
996.0883179
996.2435303
996.2314453
996.1845703
996.1281128
996.0804443
996.0059814
995.8911133
995.6339722
995.4581299
994.6886597
994.5437622
994.3396606
994.1553345
994.1184692
994.1175537
994.1278687
994.0283203
994.0184326
994.0076904
994.0196533
994.0415649
993.9536743
993.8522339
993.7213135
993.3551025
992.600647
992.5047607
993.3843384
993.4564209
993.4198608
993.380249
992.878418
992.7958984
992.3677979
992.2789917
992.0270996
991.9957886
991.9406738
991.9324341
991.7958984
991.8422241
991.8974609
991.9196777
991.9004517
992.0482178
992.0517578
992.0553589
992.0379028
992.0471191
992.1047974
991.9708862
991.9291992
991.8085327
991.7307739
991.4467773
991.5354614
990.8346558
990.6236572
990.3736572
990.2677612
990.2245483
990.2008667
990.2299805
990.4749146
991.352417
991.6502075
991.7564697
991.9227905
992.1018066
992.3018799
993.4054565
993.6414185
993.6843262
993.8536377
994.0974731
994.3474731
994.3280029
994.6018066
994.7949829
994.9891357
995.3480835
995.5170898
995.5498657
995.6362305
995.6045532
995.7540894
995.8209839
995.848999
995.9071045
995.9746704
995.9978638
995.9995728
995.9899902
996.0397949
996.0335693
996.0465698
996.0323486
995.9696655
996.0063477
995.9475708
995.7698975
994.6645508
994.4863281
994.0460205
993.8782349
993.6933594
993.1173096
992.4794312
992.286438
992.1653442
992.2175293
992.1657715
992.138916
992.1561279
992.1937866
992.2719727
992.4163208
992.569458
992.9056396
992.9468994
993.0404663
993.1932373
992.8361206
992.7104492
992.4921265
992.4168701
992.3546753
992.2144165
992.1763306
992.1708984
992.1210938
992.1114502
992.0148926
991.9650269
991.9328003
991.9050293
991.8412476
991.7877808
991.4467773
991.4960938
991.6056519
991.7780151
991.8043213
991.7880249
991.4403076
991.1721191
991.0646362
990.5939941
990.3672485
990.2363281
990.2131958
990.1625366
990.1331177
990.0725708
989.9985352
989.9769897
989.9028931
989.8771973
989.8745728
989.875
989.9500122
989.9572144
990.034668
990.1428833
990.2305298
990.1663208
990.1325684
990.1045532
989.9169922
989.7907715
989.7396851
989.5723267
989.0402222
988.5469971
988.3098755
988.0758057
987.9927979
987.9146729
987.6676636
987.5762329
987.0363159
986.5249023
986.2306519
985.8537598
985.7375488
985.2253418
984.4334717
984.2092285
984.031311
983.925354
983.536438
982.805542
982.4732056
982.0739746
981.8869019
981.6030884
981.0334473
980.4812012
980.2077637
980.0444336
979.9039917
979.0447998
978.5804443
978.0529785
977.7884521
977.6588745
977.8235474
978.0050049
978.0878906
978.1134644
978.352356
978.9050293
979.3449097
979.3477783
979.1307983
979.8146362
979.7590942
979.6737671
979.8668823
979.8526611
979.8356934
979.8660278
979.9113159
979.9746704
980.0808716
980.326416
980.3196411
980.4512329
980.4326782
980.4459839
980.53479
980.7039185
980.7849731
980.6098022
980.7640991
981.3227539
981.4415283
981.6401367
981.9124146
981.9943237
982.0064697
981.914978
981.9130859
981.9515381
981.8664551
981.6015625
981.6046753
981.3359985
981.098999
980.3766479
980.0003052
980.1137695
979.9589844
979.9849854
980.0239868
979.8579712
979.6255493
979.2716675
978.7203369
978.5108032
978.4920044
978.3994141
978.1048584
977.8981934
977.815918
977.7364502
977.5296631
977.2434692
976.6386719
976.3659058
976.2481079
976.2663574
976.1395264
976.1558838
976.1239014
976.0839844
976.0356445
976.0061035
975.9705811
976.0509033
976.0413208
976.2524414
976.3010254
976.2927856
976.9378662
977.5919189
977.6125488
977.829895
977.9158936
977.9336548
977.9594727
978.017334
978.0265503
978.024231
977.9464722
978.0889893
978.3621216
978.3598022
978.5380859
978.5984497
978.7076416
978.8903198
979.3244629
979.6235352
979.7323608
979.8009033
979.8688965
979.9795532
980.1082153
980.1879883
980.2921143
980.3569946
980.7276611
981.1114502
981.4013062
981.4817505
981.7627563
981.8461304
981.8622437
982.0595703
982.1759033
982.4169922
982.2415771
982.3511963
982.4100952
982.4657593
982.7626953
983.184021
983.5540161
983.6095581
983.6816406
983.7459717
983.9683228
984.0602417
984.1512451
984.2324219
984.3707886
984.6308594
984.6798706
984.7571411
985.0395508
984.8808594
985.0957642
985.5429077
985.6051025
985.3383179
985.5632324
985.5762329
985.7680054
986.0380859
986.2194214
986.2705688
986.3311157
986.49823
987.0683594
987.3690186
987.5824585
987.7317505
987.737793
987.9352417
988.0655518
988.1494141
988.2181396
988.2088013
988.2372437
988.2042236
988.1697998
988.0065308
988.057251
987.9934692
988.0142212
988.0963135
988.062561
987.9697876
987.9688721
987.9664307
987.9874268
987.9296875
987.9277954
987.9886475
987.975769
987.9829712
988.0430298
987.9986572
987.9223633
987.9383545
987.946106
987.8474731
987.8304443
987.8790283
987.5663452
987.5355835
987.5039062
987.5275269
986.8324585
987.1911011
987.4918823
987.6053467
987.645874
987.7028809
987.8874512
987.9263306
988.0067749
988.0057983
988.0174561
987.890686
987.885437
987.5644531
987.5151978
987.6034546
987.6045532
987.6496582
987.7028809
987.6049805
987.3099976
987.3666382
987.1103516
987.3269043
986.920105
986.7054443
986.4520874
986.2785645
986.1542358
986.1271973
986.0930176
986.1096802
986.1921997
986.3063354
986.4585571
986.6090088
986.7908936
987.3778687
987.2471924
987.1895752
986.611084
986.7233276
987.0987549
986.6167603
986.4277954
986.255249
986.3815308
986.204895
986.1225586
986.083252
986.0124512
986.048584
986.0785522
986.1481323
986.3664551
986.4056396
986.4886475
986.6989746
986.5804443
986.8258667
987.2444458
987.494873
987.6293335
987.8510132
987.8357544
987.9458618
987.9567871
987.9838867
988.0249023
988.0365601
988.1080933
988.0715332
988.1252441
988.1745605
988.1629028
988.1375732
988.0992432
988.0568848
988.0808716
988.0007935
988.0166626
988.1259766
988.2967529
988.3338013
988.6073608
988.611084
988.6220093
988.6636963
988.5257568
988.3795776
988.2176514
988.2368774
988.3391113
988.3400269
988.2763062
988.1049805
988.0648804
988.0209961
987.9527588
987.8827515
987.9243164
987.9214478
987.9741211
988.2059937
988.3432007
988.3764648
988.581665
989.0935669
1000.363892
1002.145447
1002.145447
1002.145447
1002.145447
990.8655396
989.5769043
989.4492188
989.2268677
988.788208
988.6992188
988.7524414
988.7318726
988.9320068
989.3066406
989.4115601
989.3476562
989.1207886
989.09021
989.15802
989.1627808
989.3388672
989.4807739
989.5953369
989.6665649
989.7252197
989.7316895
989.6866455
989.7371216
989.723999
989.6586914
989.5408936
989.5112305
989.519104
989.5812378
989.6220093
989.6281128
989.6677856
989.8041992
989.8955688
989.937561
990.0005493
990.1708984
990.256897
990.7371216
991.3613281
999.6045532
991.8829956
991.9669189
992.0124512
992.0126953
992.177124
992.3339844
992.5956421
993.2416382
993.4019165
993.4898682
993.6170044
993.7844238
993.8543091
993.8835449
994.0700073
994.1276855
994.1616821
993.9942017
993.8994141
993.8516846
993.7688599
993.7738037
993.8253174
993.8081055
993.8026733
993.7719727
993.5683594
993.321106
992.5314331
992.414978
992.2206421
992.0299072
991.8618774
991.097229
990.5471191
990.0496826
989.8712158
988.871582
988.2501221
988.0356445
987.7836914
987.4581299
986.7011108
987.5626831
986.536438
986.2091064
986.2305298
986.2237549
986.1376953
986.1836548
986.1992188
986.2069092
986.1428833
986.2253418
986.1921997
986.3327637
986.5215454
986.5708008
986.510437
986.4592285
986.4901123
986.8500977
986.9715576
986.8116455
987.2417603
987.3549805
987.571106
987.6021118
987.6799927
987.8855591
987.9743042
988.2379761
988.5830078
988.9871216
989.2543335
989.3970947
989.4138794
989.394104
989.3847656
989.3410034
989.1378784
989.1572266
989.2614746
989.2774658
988.9050903
988.6132202
988.576416
988.8782349
989.2788696
989.4552002
989.5360107
989.6417847
989.7755737
989.7574463
989.8110962
989.8555298
989.9019165
989.9493408
989.9489746
990.0071411
990.0239868
990.0881348
990.1715698
990.1697998
990.1446533
990.1030884
990.0644531
989.9007568
989.8720093
989.9276733
990.0657959
990.1772461
990.1958008
990.1531982
990.1972046
990.2353516
990.3840942
990.5636597
990.7704468
990.8641357
991.5139771
991.5949097
991.7166748
991.913208
991.9966431
992.0150146
992.0308838
992.0324707
992.0306396
992.0028687
992.0153198
991.9938965
992.0172119
992.010437
992.1060181
992.0994263
992.0977783
992.2974243
992.6210938
993.2837524
993.2857666
993.416687
993.6107788
993.8304443
994.1019897
994.2295532
994.2808838
994.2750244
994.2683105
994.2323608
994.1726685
994.1401367
994.0567627
993.9473267
993.9086914
993.8239746
993.8247681
993.7647705
993.6125488
993.5491943
993.4872437
993.4005737
993.2114258
993.3944702
993.5083618
993.5769043
993.770752
993.8499146
994.048584
994.1730957
994.2037964
994.1904297
994.0945435
993.9216919
993.8400879
993.6939697
993.5430908
992.9541016
992.4423218
992.1766968
992.0227661
991.8782349
991.7405396
991.6730957
991.571106
991.0510864
990.8774414
990.7890015
990.7178955
990.7750244
990.87323
991.0384521
990.9916382
991.1278687
991.284668
991.569458
991.6695557
991.7229004
991.7265625
991.7253418
991.7352295
991.6626587
991.5891113
991.8140259
991.5127563
991.3369141
991.1390991
991.0889893
991.065979
990.96698
990.8041382
991.0077515
990.8105469
990.5547485
990.4766846
990.4398804
990.4223633
990.4052124
990.4563599
990.5357666
990.4290161
990.4180908
990.3251343
990.1697998
990.1233521
990.0128784
989.9535522
989.7566528
989.6954346
989.7298584
989.7172241
989.6688843
989.678894
989.7545776
989.8981323
989.9395752
989.9816895
990.0870972
990.1203613
990.1727905
990.255249
990.3518066
990.4244385
990.4371948
990.4351196
990.4232178
990.2810059
990.2555542
990.1528931
989.9700928
989.8991089
989.8311157
989.6671143
989.6437988
989.5371094
989.2938843
989.0123291
988.7739868
988.8049927
988.7818604
988.4992065
988.2323608
988.017334
987.9411011
987.7863159
987.6453247
987.5547485
987.3317871
987.2876587
987.1695557
986.8354492
986.5623169
986.5013428
986.4883423
986.3289185
986.0357666
985.8145752
985.4814453
985.2807617
984.6448975
984.4727783
984.2369995
984.1607666
984.1496582
984.2009888
984.1537476
984.09021
984.0170898
984.0663452
984.0101929
983.960022
983.6748047
982.9368896
982.6804199
982.3428955
982.1528931
982.0127563
981.8118896
981.210083
980.6154175
980.2818604
980.0604248
980.0222168
979.9563599
979.7564697
979.6777954
979.1619873
979.5612183
979.6013184
979.9721069
980.0775757
980.0238647
980.0956421
980.0064697
980.0910034
980.2005615
980.3464355
980.3487549
980.3683472
980.4702148
980.465332
980.4371948
980.3850098
980.2123413
980.0792236
980.0043335
979.9084473
979.8762207
979.8354492
979.8735352
979.9005737
979.8911133
979.7954712
979.7700195
979.8610229
979.9737549
980.0469971
980.0296631
980.0863037
980.0881348
980.0618896
980.0510254
980.0822144
980.3922119
981.1016846
981.4654541
981.5212402
981.6335449
981.6541138
981.6420288
981.7107544
981.663208
981.5968628
981.720459
981.8986816
982.0435791
982.1459961
982.2299805
982.37854
982.5847778
983.020874
983.3751221
983.5385742
983.588562
983.6520996
983.7495728
983.6863403
983.741333
983.666687
983.6115723
983.6365356
983.6775513
983.7493286
983.8381348
983.810791
983.9283447
983.9390869
984.0114746
984.0698853
984.15625
984.9760132
985.2097778
985.4104614
985.6184692
985.7769775
985.8800049
986.0567627
986.1424561
986.210022
986.4241943
986.541748
986.7497559
987.5170288
987.7734375
987.8734741
987.9071045
987.9765625
987.9855347
987.9952393
988.0043335
988.0042114
988.0039062
988.010437
988.1618042
988.2703247
988.4841309
988.4661255
988.5100098
988.8095703
989.0128784
988.666748
988.6932373
988.8774414
988.9055786
988.6008911
988.6929932
988.6149902
988.3408813
988.1110229
988.0977783
987.9581299
987.9397583
987.9249878
987.6416626
987.8267822
987.859436
987.9208984
987.9056396
987.9241333
987.9723511
987.9936523
988.0843506
988.1477661
988.1572266
988.1073608
988.1695557
988.2605591
988.2226562
988.2895508
988.4645386
988.6004639
988.6266479
988.6016846
988.5247803
988.4383545
988.4667969
988.7533569
988.8338013
988.934082
988.9180298
989.3153076
989.522583
990.0003052
990.2019043
990.5267944
991.0176392
991.4860229
991.821106
991.918457
991.9547729
991.9683228
991.9650879
991.9920044
992.0842285
992.12677
992.1067505
992.319458
992.2318726
992.3102417
992.2827759
992.3492432
992.9489746
993.2587891
993.475769
993.5205688
993.7780151
994.0881958
994.2191162
994.4299927
994.640564
994.9891357
995.5640869
995.6993408
995.7839966
995.8335571
995.9700928
996.0264282
996.140686
996.4047852
997.0609741
997.270752
997.2833252
997.3981323
997.5436401
997.663208
997.7174683
997.7360229
997.7526855
997.7675781
997.78479
998.0735474
998.1977539
998.5234375
999.456543
999.8168945
1000.022644
1000.043884
1000.132141
1000.292419
1000.396973
1000.608582
1001.111206
1001.445679
1001.517456
1001.535584
1001.489014
1001.45697
1001.5271
1001.61554
1001.871887
1001.975647
1002.159363
1002.295349
1002.603577
1002.937439
1003.126648
1003.348023
1003.664551
1003.819763
1003.848023
1003.681885
1003.690674
1003.864319
1003.946655
1003.982544
1004.002197
1004.01355
1004.032898
1004.020569
1004.002991
1003.987244
1004.056641
1004.075806
1004.106018
1004.113892
1004.132324
1004.145874
1004.150879
1004.274231
1004.367798
1004.436096
1004.879639
1005.388123
1005.542114
1005.831543
1006.109009
1006.233765
1006.277771
1006.242859
1006.237915
1006.198669
1006.207459
1006.246765
1006.239319
1006.205566
1006.259888
1006.266419
1006.268311
1006.488525
1006.580994
1007.346008
1007.530762
1007.640137
1007.845886
1007.921448
1007.950317
1008.017212
1008.008118
1008.006226
1008.026245
1008.03656
1008.013428
1007.982666
1007.89624
1007.77179
1007.626221
1007.027344
1006.774109
1006.601013
1006.398865
1006.162415
1005.923645
1005.820313
1005.689758
1005.515686
1005.47467
1005.440002
1005.399231
1005.220581
1005.27655
1005.266907
1005.334473
1005.445984
1005.481323
1005.43634
1005.458252
1005.400757
1005.301453
1004.971314
1004.85022
1004.557678
1004.276917
1004.160461
1004.015808
1003.994324
1003.947998
1003.938232
1003.919128
1003.844666
1003.749207
1003.758423
1003.797974
1003.802918
1003.85144
1003.874207
1003.897888
1003.876343
1003.659912
1003.604797
1003.480896
1002.789246
1002.448975
1002.307678
1001.969421
1001.843201
1001.796875
1001.619446
1001.442566
1001.119324
1000.980774
1000.359009
1000.19812
1000.023987
999.940979
999.8842163
999.7264404
999.5776367
999.2368774
999.409668
999.4688721
999.2516479
998.640564
998.5418701
998.4102173
998.3473511
998.1113281
997.9813232
997.9577637
997.8853149
997.8989868
997.9035645
997.8322144
997.6842041
997.6525269
997.6455688
997.7284546
997.871582
998.0106812
998.1871948
998.2661133
998.4667969
998.4990845
998.520874
998.5269775
998.4915771
998.4710083
998.4804688
998.4887695
998.432251
998.3084717
998.3079834
998.2178955
998.095459
997.9556885
997.8729858
997.8438721
997.8239746
997.7374268
997.612793
997.5263062
997.432251
997.2923584
996.7860107
996.6702271
996.5410156
996.4194336
996.3881226
996.49646
997.0932007
997.2318726
997.2493286
997.2495728
997.3085327
997.2483521
997.2903442
997.3193359
997.5502319
997.4890137
997.598877
997.6610107
997.6517944
997.6915283
997.7138672
997.7528076
997.8858032
998.0733032
998.1469727
998.3309937
998.5063477
998.7663574
999.5224609
999.59375
999.6448975
999.7237549
999.7302246
999.7720947
999.8359985
999.8621216
999.8863525
999.8989868
999.8583374
999.7685547
999.684082
999.6436768
999.5230103
999.0991211
998.8189087
998.6052246
998.5968628
998.5130005
998.491333
998.5103149
998.4346924
998.3417969
998.4353638
998.5540161
998.6611938
999.1438599
999.1342163
999.1783447
999.4034424
999.515564
999.5869751
999.4233398
999.4138794
999.3259888
999.3261108
999.4177856
999.0683594
998.9277954
998.8926392
999.027771
999.4825439
999.5982056
999.6954346
999.7694702
999.8354492
999.9453125
1000.003662
1000.028687
1000.084106
1000.168335
1000.215576
1000.194458
1000.234131
1000.179016
1000.131897
1000.050781
1000.013977
999.9470215
999.8746948
999.7539062
999.6183472
999.5281982
999.1296387
998.774231
998.5293579
998.2582397
998.1392212
998.1118774
998.0043335
997.9390259
998.0905762
998.1314697
998.1196899
998.1257935
998.1625366
998.1624146
998.0817871
998.0609131
997.9443359
997.8381348
997.7407837
997.6278687
997.3825684
997.2473145
997.1531372
997.0517578
996.8455811
996.9503174
997.1635742
997.3335571
997.5449829
997.7102051
997.7471313
997.7887573
997.8161011
997.8033447
997.7183228
997.5198975
997.3901367
996.6270142
996.4543457
996.3327637
996.1308594
996.0366821
995.954895
995.8322144
995.5567627
995.401001
995.3598633
994.5586548
994.2322388
993.8892212
993.6557617
993.4619141
993.2232056
993.2055664
992.7199707
992.5108032
992.5993042
992.508667
992.4248047
992.4464722
992.9060059
992.5151367
992.5039062
992.3808594
992.1096802
992.0578003
991.9971313
991.9978638
991.9459839
991.8242188
991.5718994
991.3827515
991.571228
991.689209
991.6231079
991.7166748
991.5950928
991.5082397
991.6466675
991.5620117
991.4470215
991.6499023
991.5667725
991.7497559
991.7191162
991.6351929
991.609436
991.4868774
990.6618652
990.53302
990.4371338
990.199585
990.0965576
989.9060059
989.8150024
989.7459106
989.5720825
989.4832153
989.3939819
989.2908936
989.3508911
989.4196777
989.5020142
989.5908813
989.925354
990.0582275
989.970459
989.9639893
990.069458
990.0616455
990.0594482
990.0956421
990.152771
990.2689819
990.3486938
990.3248901
990.2969971
990.3017578
990.3895264
990.4298706
990.4196777
990.5074463
990.5655518
990.9616699
991.1046753
991.5917969
991.7713623
991.9793091
992.0566406
992.085022
992.1868896
992.3640137
992.4631958
993.178772
993.309082
993.3248901
993.4111938
993.4990845
993.5266724
993.5648804
993.5667725
993.5697632
993.5147705
993.4317627
993.4508057
993.0479126
993.2383423
993.3220825
993.3837891
993.4511108
993.4879761
993.4573364
993.529541
993.7475586
993.960083
994.0838623
994.1652222
994.2653198
994.394104
994.5857544
994.6433105
994.6395264
994.5800171
994.548645
994.4631348
994.3920288
994.4835815
994.4344482
994.4655762
994.4578857
994.5683594
995.3103638
995.6480103
995.7762451
995.9113159
996.0151978
996.085022
996.1885376
996.3123169
996.3607788
996.4574585
996.4066772
996.4317627
996.4700928
996.5094604
996.4354248
996.3896484
996.3274536
996.2873535
996.2272339
996.2478027
996.2321167
996.1107788
996.0423584
996.03479
996.0036621
995.9882202
995.9838867
996
996.0125732
996.1774292
996.3691406
996.4515381
996.4718018
996.8216553
996.9705811
996.5250854
996.6937866
997.1802368
996.9936523
996.5308838
996.4118042
996.3060913
996.1018066
996.1046753
996.0925293
996.0942383
996.2558594
996.3012085
996.3236694
996.3675537
996.456543
996.4291992
996.4501343
996.579895
996.5239868
996.5628662
996.5974731
996.4841919
996.3948975
996.4023438
996.3691406
996.4099731
996.5055542
996.4589844
996.536438
996.3622437
996.3239746
996.1640015
996.3372192
996.12323
995.9846802
995.9818726
995.9955444
995.9423218
995.9205322
995.8253174
995.8043213
995.6924438
995.7282104
995.8942261
995.9711304
995.9297485
995.9396362
995.6694336
995.1184692
994.9066772
994.6955566
994.4515381
994.4342041
994.2633057
994.2175293
994.0009155
993.9234619
993.9175415
993.9243164
993.8880005
993.8192139
993.8622437
993.9390869
994.0387573
994.0278931
993.9283447
993.7626953
992.7694702
993.060791
992.9019775
992.6387939
992.5532227
992.4315796
992.2338867
992.1143188
992.1942139
993.0553589
993.4936523
993.4788818
993.6255493
993.7139893
993.8566895
994.0747681
994.0495605
994.1411133
994.2689819
994.3070068
994.7810059
994.9493408
995.5219727
995.8903198
995.9435425
995.9676514
995.9998779
996.0597534
996.2460938
996.8153076
996.9806519
997.4671021
997.6885376
997.8726807
997.9896851
998.1565552
998.2305298
998.2375488
998.2924194
998.6588745
999.0855713
999.5361938
999.671875
1004.56958
1010.256104
1010.344116
1010.320679
1010.348755
1010.172546
1009.929199
1009.804138
1009.679016
1009.621887
1008.944214
1008.462463
1008.302002
1008.203125
1008.468994
1008.17334
1008.027527
1007.892212
1007.082764
1007.545349
1006.624573
1006.226563
1006.167908
1006.256775
1006.391419
1006.490906
1006.24823
1006.23053
1006.235535
1006.200867
1006.134583
1006.125671
1006.032105
1005.841248
1005.761902
1005.487549
1005.126099
1004.447876
1004.121094
1004.027344
1003.914551
1003.609863
1003.445557
1002.590576
1002.037109
1001.867981
1001.69165
1001.51178
1001.408569
1000.667786
1000.446228
1000.461914
1000.419434
1000.469666
1000.587463
1001.18103
1001.439209
1001.701355
1001.788757
1001.531982
1001.505676
1001.820313
1001.785645
1001.829529
1001.793091
1001.848877
1002.03009
1001.906677
1001.862976
1001.970093
1002.130676
1002.19397
1002.726807
1003.306091
1003.15979
1003.714111
1003.927979
1004.032227
1004.143677
1004.306335
1004.432129
1005.094421
1004.839111
1005.437988
1005.667114
1005.730652
1005.741882
1005.761536
1005.722473
1005.70636
1005.714417
1005.729248
1005.810547
1005.767334
1005.725586
1005.816101
1005.793457
1005.934998
1005.89325
1005.907227
1005.833252
1005.794434
1005.732361
1005.654907
1005.591309
1005.562561
1005.545776
1005.420471
1004.620422
1004.561646
1004.456421
1004.534119
1005.226013
1005.155457
1005.196533
1004.4328
1004.442688
1004.416748
1004.973877
1004.614014
1004.331116
1004.294556
1004.22876
1004.297546
1005.154663
1005.498474
1005.298584
1005.447998
1005.651306
1005.741333
1005.771668
1005.68457
1005.736206
1005.7052
1005.383118
1004.982666
1004.567688
1004.306335
1004.403198
1004.560791
1004.549866
1004.548218
1004.195007
1004.071106
1004.01355
1003.996216
1003.978638
1003.982788
1003.993652
1003.901672
1003.625671
1002.601807
1002.249695
1002.233765
1002.288452
1002.031433
1001.86145
1002.083313
1002.970581
1003.883423
1002.453796
1000.483337
1000.328125
1000.095581
999.9921265
999.9608765
1000.024109
1000.072205
1000.112915
1000.622315
1001.535095
1002.132568
1002.179443
1002.263123
1002.306763
1002.163208
1003.091003
1003.791016
1003.806885
1004.2099
1004.21991
1004.230103
1003.515198
1003.763001
1003.771362
1003.802429
1003.993652
1003.903015
1003.915894
1003.827576
1003.984131
1004.012573
1004.065674
1004.100891
1004.338135
1004.125916
1004.06366
1004.176697
1004.213989
1004.075562
1004.122315
1004.084534
1003.97699
1003.84314
1003.813416
1003.707886
1003.595459
1003.243774
1002.539978
1002.530457
1002.528198
1002.447876
1002.211914
1002.0849
1001.950806
1001.953919
1002.079224
1002.164978
1002.194885
1002.248901
1002.582214
1003.457581
1003.536682
1003.578125
1003.427673
1003.424133
1003.253235
1002.945435
1002.578796
1002.388001
1002.149658
1001.89801
1001.865662
1001.758118
1001.800354
1001.454102
1001.398987
1001.43988
1001.595886
1002.390991
1003.454102
1002.742127
1002.451233
1001.911987
1001.813904
1000.574463
1000.30835
1000.119324
1000.137024
1000.06842
1000.032227
999.746582
999.8456421
1000.010681
1000.008423
1000.143433
1000.499085
1000.521668
1000.630249
1000.478333
1000.119446
1000.026672
1000.021545
1000.03656
1000.034668
1000.054138
1000.049316
1001.292908
1001.994995
1002.130554
1002.176453
1002.536438
1002.225464
1002.33313
1003.110535
1003.517761
1003.958313
1003.815308
1000.927551
1001.709351
1003.094544
1003.45697
1003.229004
1002.047669
1001.476685
1002.144898
1002.547791
1002.21936
1002.325806
1002.598999
1002.64801
1003.057251
1002.204651
1001.299194
1002.64624
1003.50354
1002.364563
1003.196777
1003.977234
1003.420105
1002.06189
1001.217773
1000.442749
1000.361572
1000.105347
1000.052918
1000.029663
999.9580078
998.8376465
999.5007935
999.7821045
999.9763184
999.883667
999.6384277
999.1294556
998.5846558
999.0971069
999.729126
1001.564209
1001.109009
1000.945435
1000.23291
999.4819946
999.6486816
999.5324707
998.8970947
998.5195312
998.3355713
998.3809814
998.3132324
999.076416
999.5811157
999.6463623
999.6207886
999.8126831
999.9169922
999.944458
999.9995728
1000.022888
1000.027771
1000.138916
1001.070679
1001.406799
1001.403137
1001.255798
1001.54364
1001.420471
1001.416138
1001.457459
1001.820313
1002.06488
1002.162781
1002.178894
1002.548767
1003.377136
1003.532349
1003.436096
1003.719421
1003.867127
1003.959778
1004.026978
1004.133789
1004.235352
1004.9198
1004.978577
1005.512451
1005.709106
1005.70813
1005.739014
1005.614136
1005.577881
1005.663086
1005.084473
1004.632202
1004.737122
1004.440796
1004.318237
1004.171753
1004.207092
1004.253906
1004.267029
1004.215454
1004.143799
1004.079651
1004.032471
1003.982422
1003.969666
1003.966797
1003.88031
1003.762451
1003.515686
1003.319458
1002.627197
1002.331787
1001.959473
1001.845215
1001.764771
1001.782349
1001.830139
1001.848206
1001.815247
1001.667419
1001.357971
1000.688232
1000.535767
1000.76709
1001.018005
1000.499023
1000.380676
1000.408997
1000.356201
1000.506348
1000.619751
1000.684204
1000.437195
1000.269348
1000.122131
1000.804688
1001.159973
1001.372437
1001.42688
1001.390442
1000.590576
1000.375427
1000.325806
1000.300903
1000.332336
1000.424805
1000.422913
1000.388916
1000.43689
1000.310791
1000.292358
1000.437195
1000.474243
1000.570801
1000.556458
1000.658203
1001.06366
1001.400879
1001.666138
1001.958313
1002.1651
1002.214661
1002.187561
1002.356445
1002.205322
1002.275879
1002.195435
1002.194763
1002.418091
1002.610474
1002.264343
1002.181091
1002.199097
1002.249451
1002.642334
1002.73291
1003.377808
1003.663025
1003.898865
1003.974426
1004.032532
1004.072327
1004.099304
1004.164124
1004.569214
1004.517212
1004.961914
1005.520447
1005.689758
1005.729004
1005.772644
1006.090576
1006.177795
1006.315552
1006.493469
1006.549316
1007.237793
1007.429871
1007.541016
1007.742676
1007.910645
1007.940552
1007.968445
1008.018982
1008.116211
1009.099915
1009.559692
1009.585999
1009.925903
1009.904236
1010.226318
1010.32898
1010.712341
1010.931335
1011.196106
1011.456787
1011.515991
1011.676331
1011.733215
1011.724548
1011.96167
1012.08075
1012.428528
1013.286011
1013.449097
1013.659424
1013.757874
1013.840759
1013.926025
1014.116455
1014.15625
1014.157105
1014.183228
1014.188355
1014.157654
1014.172424
1014.185242
1014.246582
1014.450806
1014.505005
1014.525085
1014.602905
1014.618652
1015.485779
1015.585083
1015.636231
1015.886658
1015.938232
1015.912903
1015.92688
1015.939636
1015.955139
1015.9552
1016.001343
1016.04657
1016.048889
1016.019653
1016.001099
1015.937988
1015.964905
1015.989319
1015.954895
1015.981995
1016.181335
1016.203003
1016.25946
1016.111755
1016.072998
1016.073792
1016.188782
1016.23053
1016.675659
1016.593445
1017.429688
1017.697449
1017.875427
1018.165772
1018.27832
1018.506653
1018.745544
1019.421082
1019.45575
1019.314087
1018.606873
1018.552246
1018.51355
1018.495361
1018.597229
1018.977234
1019.142883
1018.60669
1018.585571
1018.510193
1018.532776
1018.489563
1018.518677
1018.483643
1018.556458
1018.480469
1018.345093
1018.338196
1018.345886
1018.344971
1018.379211
1018.372803
1018.378235
1018.196228
1018.120361
1017.791443
1017.708801
1017.601318
1017.590759
1017.602356
1017.464417
1017.26532
1016.994568
1016.464905
1016.333801
1016.163574
1016.040894
1016.015991
1015.881104
1015.846863
1015.825806
1015.658997
1015.625244
1015.645447
1015.512573
1014.973694
1014.659424
1014.526001
1014.368103
1014.240784
1013.850464
1013.784363
1013.731873
1013.603455
1013.476685
1013.427918
1013.270874
1013.330994
1013.328552
1013.291199
1013.312012
1013.293884
1012.973999
1013.200562
1013.424561
1013.482117
1013.556091
1013.46698
1013.322449
1013.256531
1012.538574
1013.318359
1013.407471
1013.302795
1012.625794
1012.415527
1012.340759
1012.351807
1012.270691
1012.079895
1012.068665
1012.042786
1012.008545
1011.996643
1011.986877
1011.999695
1012.008362
1012.091675
1012.100342
1012.241211
1012.157471
1012.095215
1012.024658
1011.990784
1011.637024
1010.681213
1010.541016
1010.480652
1010.133423
1009.884216
1009.747315
1009.507752
1009.392883
1009.162231
1008.762451
1008.505127
1008.828919
1008.771973
1009.10614
1009.348023
1009.422119
1009.454224
1009.484314
1009.497437
1009.494568
1009.508667
1009.553101
1009.538208
1009.538025
1009.284546
1009.483643
1009.348572
1008.655029
1008.448914
1008.406799
1008.142456
1008.064026
1008.041687
1008.018433
1008.020569
1008.00946
1008.014221
1007.981751
1007.971252
1007.968567
1008.028992
1008.003235
1007.960205
1007.891113
1007.648682
1006.831543
1006.555237
1005.910645
1005.780212
1004.605896
1004.144653
1004.00769
1003.889893
1003.791199
1003.837585
1003.908997
1003.962769
1004.048767
1004.15564
1004.71344
1004.675415
1005.454895
1005.849426
1006.161438
1006.540466
1007.29657
1007.663574
1007.93042
1008.016419
1008.159546
1009.098084
1009.549866
1009.734863
1010.012695
1010.062683
1010.106445
1010.159424
1010.252197
1010.487793
1010.512695
1011.400024
1011.40979
1011.580872
1011.819214
1011.932007
1012.062012
1012.480347
1013.341126
1013.703674
1014.129883
1014.237915
1014.437805
1014.483337
1014.391357
1014.515137
1014.60321
1014.617981
1014.622131
1014.623901
1014.536865
1014.260681
1014.233582
1014.210877
1014.24231
1014.239014
1014.217529
1013.847107
1013.76709
1013.7229
1013.729004
1013.69989
1013.755798
1013.783203
1013.785584
1013.694214
1013.55957
1013.400208
1012.467346
1012.309448
1012.107117
1012.004639
1011.943787
1011.867432
1011.517578
1010.619995
1010.556458
1010.487
1010.159241
1009.860779
1009.80011
1009.666443
1009.274536
1008.612305
1008.602417
1008.783752
1008.714233
1009.22644
1009.410584
1009.479248
1009.50647
1009.493774
1008.795105
1008.456909
1008.392334
1008.348694
1008.170471
1008.090332
1008.007324
1007.979309
1007.947754
1007.819885
1007.60553
1007.425903
1007.534119
1007.572754
1007.533081
1007.520874
1007.502991
1007.571533
1007.595093
1007.602234
1007.198669
1006.669128
1006.634766
1006.613892
1006.503418
1006.255005
1006.202026
1005.907776
1005.85022
1005.844116
1005.728027
1005.581543
1005.485779
1005.464356
1005.411682
1005.332642
1005.318787
1005.307251
1005.457764
1005.629334
1005.669983
1005.70813
1005.989685
1006.147583
1006.177551
1006.215088
1006.232117
1006.229309
1006.187561
1006.226135
1006.172974
1006.164307
1006.171082
1006.177246
1006.147644
1006.150879
1006.139221
1006.142761
1006.138245
1006.127808
1006.126343
1005.974426
1005.879211
1005.831116
1005.808655
1005.719544
1005.480774
1005.358093
1004.545349
1004.35669
1004.121765
1004.107117
1004.044434
1004.000794
1003.96991
1003.880127
1003.53125
1002.605225
1002.261231
1001.911682
1001.848694
1001.528687
1000.584351
1000.481201
1000.432434
1000.141785
1000.112671
1000.105103
1000.068359
999.9997559
999.9205322
999.8660278
999.6882324
999.3415527
998.5564575
998.3964233
998.0805664
997.8800049
997.6963501
997.2180176
996.4246826
996.3101196
996.1124268
996.0535278
995.9940186
995.9216919
995.8575439
995.942749
996.0819702
996.1057739
996.1585693
996.2453613
996.5081177
997.4874268
997.6295776
997.6453247
997.7634277
997.8878784
997.9697876
998.2173462
998.3920898
998.4715576
999.326355
999.5219116
999.7131958
999.815979
999.9611206
1000.030762
1000.240234
1000.405762
1001.115418
1001.301697
1001.440796
1001.758789
1002.121582
1002.26355
1003.262573
1003.56311
1003.878662
1004.021668
1004.278198
1004.682434
1005.419312
1005.767334
1006.107239
1006.14801
1006.223328
1006.469544
1006.525879
1006.591797
1007.027527
1007.413574
1007.633545
1007.857666
1007.9021
1007.963562
1008.007202
1008.020203
1008.110901
1008.379456
1009.276428
1009.591309
1009.863342
1009.982971
1010.195007
1010.275085
1010.384583
1010.338806
1010.387024
1010.39856
1010.310425
1010.259644
1010.31897
1010.458801
1010.52124
1010.692139
1010.714417
1011.192871
1011.413879
1011.474793
1011.495789
1011.693359
1011.883362
1012.00354
1012.582214
1013.352905
1013.545532
1013.860657
1014.000549
1014.101563
1014.190674
1014.31488
1014.497864
1014.622315
1015.185547
1015.437683
1015.467224
1015.442871
1015.515808
1015.623474
1015.770752
1015.799561
1015.895203
1015.96698
1016.046753
1016.06665
1016.27356
1017.022095
1017.384766
1017.593201
1017.793213
1017.7948
1017.735107
1017.760559
1017.802002
1017.814758
1018.032105
1018.07843
1017.83844
1017.820862
1017.826416
1017.807129
1017.736206
1017.72113
1017.714661
1017.753113
1017.741028
1017.763306
1017.79303
1017.812012
1017.833984
1018.13855
1018.171875
1018.258362
1018.521973
1019.270874
1019.512695
1019.633362
1019.679199
1019.703552
1019.790466
1019.870239
1019.872009
1019.735535
1019.648438
1019.691101
1019.622864
1019.625427
1019.64209
1019.629761
1019.565979
1019.572876
1019.607544
1019.493897
1019.368652
1019.248474
1018.699219
1018.620972
1018.621643
1018.529541
1018.424561
1018.261536
1018.259888
1018.209351
1018.184998
1018.03064
1017.842651
1017.792358
1017.676209
1017.509216
1017.398682
1017.136108
1016.624756
1016.455017
1016.359985
1016.321472
1016.186218
1016.118469
1016.172546
1016.312317
1016.375549
1016.911804
1017.337463
1017.637756
1018.016785
1018.008667
1018.196472
1018.312134
1018.482361
1018.561096
1018.710693
1018.686218
1018.681213
1018.568543
1018.582214
1018.551025
1018.547913
1018.604675
1018.637695
1018.702332
1018.673096
1018.788208
1018.989197
1019.370544
1019.531311
1019.560791
1019.569885
1019.449646
1018.923889
1019.021118
1019.395203
1018.84845
1018.882202
1018.752686
1018.634583
1018.500305
1018.294434
1018.217102
1018.122803
1018.012878
1017.840088
1017.793762
1017.706787
1017.641663
1017.613342
1017.515991
1017.552673
1017.661682
1017.751526
1018.084534
1018.15387
1018.442993
1018.643311
1019.365234
1019.621216
1019.681091
1019.825134
1019.716003
1019.866211
1019.945313
1019.980652
1019.996643
1019.997681
1019.978088
1019.971436
1019.959229
1019.951233
1019.953796
1019.945129
1019.947754
1019.893433
1019.952026
1019.976135
1019.979431
1019.968994
1019.901428
1019.690247
1019.618347
1019.539978
1018.686585
1018.60553
1018.406799
1018.233643
1018.041016
1017.844666
1017.819092
1017.752686
1017.513916
1016.950989
1016.569092
1016.419312
1016.281799
1016.107666
1016.027344
1016.010681
1016.013306
1016.004578
1016.017883
1016.309204
1016.742676
1017.233582
1016.99823
1016.942688
1017.189209
1017.370789
1017.398438
1017.331665
1017.203125
1016.717224
1016.370544
1016.168213
1016.177979
1016.090088
1016.151123
1016.140564
1016.067566
1016.085022
1016.05957
1016.055115
1015.993347
1015.979126
1015.958435
1015.876526
1015.367249
1014.657898
1014.587463
1014.538574
1014.372986
1013.942993
1013.845337
1013.558655
1013.044006
1012.655762
1012.458313
1012.204346
1012.040772
1011.993897
1011.816895
1011.482117
1011.020691
1010.682007
1010.607544
1010.599548
1010.912354
1011.504883
1011.508789
1011.67511
1011.85968
1011.889771
1011.976563
1011.99469
1012.009216
1012.007996
1011.985107
1011.981445
1011.980347
1012
1011.977417
1011.8078
1011.754761
1011.720337
1011.712891
1011.712097
1011.812866
1011.953674
1011.716553
1011.745911
1011.820984
1011.812317
1011.700195
1001.625305
1001.470093
1001.584229
1001.734131
1001.752808
1001.651123
1001.630005
1001.570862
1001.433106
1001.341309
1000.988098
1000.799988
1000.633789
1000.461304
1000.359131
1000.242981
1000.115418
999.9888916
999.8695679
999.7475586
999.6334229
999.5394287
999.6245728
999.8017578
999.9365845
999.9994507
1000.101318
1000.18634
1000.312439
1000.286316
1000.448914
1000.722473
1000.804199
1000.518555
1000.516541
1000.439026
1000.303528
1000.307251
1000.242432
1000.188538
1000.19043
1000.287415
1000.448914
1000.661316
1000.81958
1000.757568
1001.22467
1001.576538
1001.626343
1001.696228
1001.867676
1001.934021
1001.995422
1002.046692
1002.084534
1002.062866
1002.095337
1002.145203
1002.108337
1002.023865
1001.910339
1001.883789
1001.816773
1001.783569
1001.733093
1001.680237
1001.405884
1001.345764
1001.317322
1001.460877
1001.252991
1001.005249
1000.744141
1000.729675
1000.763428
1000.655457
1000.67865
1000.720764
1001.050659
1001.163208
1001.218689
1001.260315
1001.164246
1001.161133
1001.099976
1001.207581
1001.153015
1001.175781
1001.144898
1001.237671
1001.230774
1001.450195
1001.713318
1001.89624
1002.047424
1002.234436
1002.344116
1002.458008
1002.666992
1002.667114
1002.72876
1003.133972
1002.80603
1002.81897
1003.081421
1002.708252
1002.879578
1002.627319
1002.536133
1002.367249
1002.422363
1002.329346
1002.155335
1002.028137
1001.97821
1001.843018
1001.74646
1001.709106
1001.671204
1001.616333
1001.585205
1001.610901
1001.637695
1001.66864
1001.696106
1001.598084
1001.587769
1001.603088
1001.602356
1001.563538
1001.490906
1001.458679
1001.452881
1001.431641
1001.420227
1001.470886
1001.555542
1001.568909
1001.580566
1001.607544
1001.617004
1001.796997
1001.885437
1002.060913
1002.27533
1002.396423
1002.420227
1002.483887
1002.48877
1002.649902
1003.035889
1002.923462
1003.056458
1003.23523
1003.279114
1003.457581
1003.335327
1002.987122
1003.161438
1002.686646
1002.59613
1002.501892
1002.479431
1002.40802
1002.275879
1002.171997
1002.082581
1002.071777
1002.147461
1002.08667
1002.183228
1002.226318
1002.308533
1002.263977
1002.196655
1002.257446
1002.454224
1002.366882
1002.350464
1002.28064
1002.160095
1002.079651
1002.029358
1002.142883
1002.242859
1002.38501
1002.534546
1002.827026
1003.416992
1003.550354
1003.639099
1003.890686
1003.919251
1003.992676
1003.989563
1004.036438
1004.02002
1003.991638
1003.97821
1003.963867
1003.836792
1003.72522
1003.662781
1003.673767
1003.643005
1003.595764
1003.634766
1003.594116
1003.428467
1003.398315
1002.78009
1002.610535
1002.483093
1002.379456
1002.183106
1002.141785
1002.146423
1002.055115
1002.044678
1002.025452
1002.021668
1001.952454
1001.858582
1001.788879
1001.68866
1001.565308
1001.512695
1001.48114
1001.383545
1001.346802
1001.313416
1001.314209
1001.303772
1001.40802
1001.450684
1001.573303
1001.845459
1001.934021
1002.169556
1002.27356
1002.507324
1002.662109
1002.667664
1002.633362
1003.227905
1003.459351
1003.361206
1003.281433
1002.760559
1002.692017
1002.616089
1002.565002
1002.462647
1002.311585
1002.244141
1002.23053
1002.207581
1002.162231
1002.067871
1001.996094
1001.950012
1001.900757
1001.809082
1001.689575
1001.690247
1001.791687
1001.768127
1001.762451
1001.806213
1001.808533
1001.760803
1001.81543
1001.859192
1001.815247
1001.783203
1001.679565
1001.618347
1001.587463
1001.476685
1001.476868
1001.555115
1001.645325
1001.770325
1002.059448
1002.1828
