0
0
0
0
0
0
0
0
0.034059105
3.08992
12.83338
49.61508333
57.88478333
106.0108533
121.6032767
123.7936
84.47845
176.7856333
209.9509667
333.5159667
278.2475
213.4656667
313.0529667
460.3406667
451.7709333
559.2453333
680.1244667
607.9376
568.4427
501.4217667
446.8698333
341.7032
275.4746667
172.9349
114.1012333
63.13917
27.26167333
1.872393167
0
0
0
0
0
0
0
0
0
0
0
0
0
0
0
0
0
0
0
12.50836
65.29567
155.0827333
194.9710333
192.6650333
186.1020667
275.4692333
460.2449
429.7576333
499.2258667
681.4291667
607.6392667
451.5738
167.7037667
122.97808
61.52812667
83.99926667
125.6687667
301.3764333
363.0965333
250.3533667
175.6616
253.0446
334.2299
173.3920467
53.51335
19.09808667
5.578896333
0.2674423
0
0
0
0
0
0
0
0
0
0
0
0
0
0
0
0
0
0
0
3.744471633
17.84768333
90.98356667
216.7253333
285.0349
286.7688667
373.2069
482.0830333
425.3516333
584.6837
645.6263667
660.2220333
497.0404667
483.8928667
417.2259
452.7002
406.6108667
381.9587333
400.6406
415.3565
363.7569
248.0901
189.3458333
117.5871233
76.75431
46.6867
15.33829333
4.918094667
1.5105586
0
0
0
0
0
0
0
0
0
0
0
0
0
0
0
0
0
0
0.121354567
6.409377
22.43853667
64.83699
87.61196333
200.3516333
206.5050667
178.4463
248.7927
279.4247667
271.4135
271.1665667
520.8755
517.0759333
500.6749333
603.3748667
630.7382667
660.8128
550.9310667
594.819
592.6952667
479.7569
401.9980667
300.3803333
219.3198333
176.8931667
105.37394
65.60914
22.121394
0.9475341
0
0
0
0
0
0
0
0
0
0
0
0
0
0
0
0
0
0
0.212331553
8.540634667
28.99352667
26.54922
58.73919
141.91275
386.0314333
449.9043333
533.9085
545.8578667
516.6094333
640.6066
760.4658
793.4596667
805.0713667
813.8065
797.8674
727.1032333
569.5362667
600.6256667
571.8041333
601.8797333
371.8938667
356.8613667
291.1311667
243.2821333
184.2222333
95.50085
35.51298333
4.8642059
0
0
0.007046904
0
0.023841717
0.023550457
0.023120243
0.013150924
0
0.007651698
0.007944721
0.001810215
0.009457847
0.020961167
0.022382323
0.029871613
0.030873743
0.04000188
0.513645647
6.124041667
23.09833333
130.65033
216.7698
305.1437333
364.2763333
412.9311667
460.1628
421.8098
427.4501
327.9423
376.6591
508.2874
418.3795
628.6633333
672.3824
473.4702
688.3755667
335.8545
191.8162667
252.9898
335.5955667
297.6953
339.6219333
177.7822
141.8448
140.9114933
29.42223667
3.817306333
0.075646238
0.010999887
0.015525682
0.026044133
0.017394944
0.02623288
0.02905748
0.034136807
0.035030317
0.03358111
0.02451656
0.032227707
0.019353555
0.02823455
0.025310083
0.03191661
0.035229463
0.04425561
1.037933433
14.91835367
45.20396333
95.91888333
131.8131667
258.8066333
383.5999333
481.0728667
521.8551333
647.792
698.9213333
716.1630667
783.6662
815.272
829.4299667
830.7598
821.4483667
797.1797
765.9201333
734.7146667
694.4229667
490.8148333
470.0817
505.1885667
400.6382333
139.5779
100.3293133
77.27180333
54.83777667
9.051803
0.08742118
0.01007399
0.020722803
0.032164187
0.03080291
0.033992217
0.023988527
0.032173353
0.027509653
0.025343933
0.030952467
0.028492937
0.024406563
0.023391883
0.019435403
0.02394153
0.022332083
0.052833243
0.892021567
9.182381
30.08765
71.57022667
172.2918333
116.1077333
170.3988
177.6293
153.3150333
174.9624333
227.995
231.5051333
215.0689333
233.2321667
120.4931233
240.5875
281.7169333
249.9643333
236.4456333
263.9451667
203.2633667
16.780945
133.5611333
111.2245333
88.47815667
65.19623667
43.23420667
21.56966667
7.005121667
0.3560739
0
0
0
0
0
0
0
0
0
0
0.015219705
0.031747353
0.03405703
0.031316877
0.038307243
0.03590217
0.03025386
0.036768733
0.797752533
7.824372
36.56970667
135.9598
223.4861
323.5875333
394.6624667
465.5966
540.4554333
610.6072
666.4743
712.9641333
764.4152
783.2942
801.7427
800.5461333
788.274
764.6475
730.0473
654.9865
514.326
549.2254
481.4231333
413.6549333
252.7844433
205.3529667
61.99874
26.08802
1.215646133
0
0
0
0
0.002195738
0
0.005221432
0.008540323
0
0
0
0
0.002321589
0.004136127
0.017709454
0
0
0
0.003272775
0.094977357
0.367585067
23.25422
53.80372333
89.58544333
177.3512667
186.9702333
325.1070667
487.1522667
378.4248333
373.9795333
378.2811
289.234
348.4360333
412.239
412.4565333
108.1155333
252.8272333
175.2642667
162.2363
153.5402333
92.02263
203.5352
248.0865667
246.3995333
256.3144333
129.9995333
69.21316667
28.64565
6.197598667
0
0
0
0
0
0
0
0
0
0.019968543
0.031166983
0.031633967
0.030524723
0.030785207
0.0314477
0.028798913
0.03203442
0.045404967
1.03622058
17.87116533
68.54531333
151.1565
185.611
235.9239667
333.0032333
407.9625667
476.7173667
530.2598333
560.4461667
645.5552333
689.5533
718.5023667
739.0815667
756.1116667
731.8667667
710.9481667
677.9377
617.2017333
586.7254333
523.1724667
452.6429667
382.0694667
300.7823333
225.5307
153.8167667
99.64826
38.14589333
4.265495333
0
0
0
0
0
0
0
0
0
0
0
0
0
0
0
0
0.013802928
0.052095274
2.387904567
22.06534
44.91557
47.14338667
62.27474667
86.27763667
144.1725333
245.8515667
346.3790333
394.0676
608.4425667
738.2671
680.9766333
700.8885667
746.4735667
746.7121
742.3439
720.0861333
686.7830667
647.9169
375.5239333
517.5463
423.9268333
184.7855333
352.6318
231.2585333
151.7070867
83.34682333
46.83322333
8.464948667
0
0
0
0
0
0
0
0
0
0
0
0
0
0
0
0
0
0
3.3516608
11.623209
35.02759
130.74307
180.1296
118.667
90.96055667
102.2462467
87.5485
90.22480333
176.6666667
291.0811667
281.0974333
352.9536
341.6932333
375.1481
257.6119333
126.54026
23.14733
20.49482
19.24024667
20.44722333
22.45789667
18.11607
24.97358
13.79772333
11.76673533
10.711738
2.982082333
0.671644277
0
0
0
0
0.04189791
0.042505633
0.045699117
0.014962002
0.012128907
0.011391348
0.013830687
0.01657171
0.018788953
0.027498133
0.03308496
0.03282934
0.017741093
0.044291983
1.587239333
17.028468
61.94894667
92.58495
134.2421667
247.2356
326.4268333
317.7249667
398.0974333
451.3483
417.1291
583.0891333
492.0871667
357.2615667
394.3352667
395.2866
430.0343333
518.8061333
413.9024333
356.2015667
295.7867667
275.1314
235.4777667
162.6838667
128.4109
92.17560333
59.45356667
41.52091
20.71778667
5.382017
0.507734647
0.033638793
0.020941667
0.017400963
0.02272817
0.033315423
0.020114153
0.02130504
0.031901417
0.023296604
0.027614915
0.029027977
0.019756437
0.016361403
0.01654616
0.006686519
0.012530758
0.18747737
4.974198667
28.77612667
63.72282667
105.4394467
207.3891333
213.4930667
327.5003333
338.9338667
386.5585333
607.8812667
498.2366667
810.6343
525.65
486.6574667
525.8764667
705.2143667
580.6346333
425.9953
327.7193
317.4608333
301.3497333
166.1759333
90.23111333
53.41962667
50.59347333
51.92904
51.21575
96.81125667
52.78338667
14.764967
0.882970167
0.03701513
0.026749627
0.02005781
0.0165423
0.016547143
0.013303567
0.017801673
0.01339228
0.012541263
0.012624907
0.02480438
0.023512397
0.023805027
0.01793361
0.012770893
0.013123573
0.183884853
5.067666
38.47073333
107.65149
194.2579333
280.4339
366.7015667
448.3679667
525.0416333
479.2294
471.8086667
399.6234
611.2900333
573.2893
516.8385333
712.6668667
697.5324667
661.2766667
485.9288667
311.343
456.2274333
312.6508667
312.9505333
178.9400733
83.00332
152.1462667
197.0334667
224.4290667
68.73738
66.33025667
21.41357
1.9078378
0.037366893
0.024155953
0.018076223
0.022511403
0.023639507
0.028510627
0.029730953
0.021914033
0.021906007
0.017282817
0.017555527
0.005864478
0
0
0
0
0.170095627
4.673010333
39.56300333
107.9377167
169.7752333
176.7992333
151.5740667
211.7592
290.1887
320.8221333
422.54
533.1310333
495.3148667
613.3135667
455.7513
332.8557
382.3630667
400.8262333
438.6352
433.5857667
395.1923
452.3786333
438.4587
412.2267
304.6179333
163.5915667
97.13895667
71.15497667
54.47804
15.502615
5.294349667
0.829788767
0
0
0
0
0
0
0
0.004261432
0
0
0
0.007714574
0.01424345
0.0171727
0.020412113
0.02607399
0.350587013
8.257935
54.99931667
111.6870667
115.3183767
130.3429333
228.3776667
262.2126
474.8818
566.8307667
542.0017667
432.5871
501.2148667
715.6483
719.6798667
601.2620333
758.0091333
504.7598333
580.3679667
793.5234333
563.9092333
384.6694333
354.4697
228.4214
236.8215333
168.4233667
141.5145333
174.8857
99.43138
26.81207667
14.00796367
0.7313252
0
0
0
0
0
0
0
0
0
0.036595583
0.021805894
0
0
0
0
0
0.09519786
1.9032463
13.30035133
29.85421667
34.35777667
55.56133333
54.85177333
119.3711133
295.8778667
301.6794
381.6185
589.6948
786.0285333
773.7354333
770.7304667
738.7236
377.3469
466.05
681.9907667
626.4525
645.3289333
496.2697667
288.6606667
220.9719
203.2846
117.2233
105.29835
109.96991
47.95159
23.91636667
9.760962333
1.292308067
0
0
0
0
0
0
0
0
0
0
0.007956816
0.017137513
0.013718858
0.027828083
0.029932387
0.035184177
0.36394479
5.542900333
27.55698333
45.34054667
86.54902
198.3401
255.5395333
372.1893667
477.4964333
506.8855667
590.1822333
673.5465667
652.5967
809.2871333
808.189
810.8781
643.4234
513.2244
684.3284333
655.8560333
599.2469
280.3292333
613.7547333
523.2657667
276.5042333
293.0128667
245.2804333
149.3653
103.4056933
50.36744667
21.43512333
2.428032833
0
0
0
0.004961411
0.023767703
0.0297652
0.007002506
0.029632023
0.029054187
0.031338593
0.03062681
0.02781533
0.027806943
0.026788077
0.024772057
0.03772167
0.714653067
7.297305667
26.23237333
86.7822
157.7711667
171.2969433
308.3275333
391.3610333
483.062
449.0784333
398.5505
41.07740333
631.1637667
804.3053667
842.6235667
843.3218
846.4241667
842.029
822.3478
788.9636333
737.2388667
685.0381667
619.9417
552.8315667
473.9457667
391.7915333
300.1716333
217.9036
139.3103333
62.21361333
16.47457867
1.473956817
0
0
0.004193831
0.007441398
0.002799279
0.016112083
0.020869153
0.01636888
0.02824589
0.02598404
0.02436715
0.024405473
0.02316127
0.023677033
0.02666136
0.036176183
1.226793233
15.47220433
55.94045333
64.55099333
202.5691333
289.1619667
374.5580333
454.9762333
520.4209
606.7231333
673.9704667
729.4932667
765.6821667
788.6041
681.5416667
504.2451
794.4266
717.7719667
689.8757333
726.3165333
753.9495667
685.5848667
623.2553667
111.467758
143.310699
356.3430667
320.5304
193.8233667
151.4764667
82.18323667
23.25126
1.083277863
0
0
0
0
0
0.032027127
0.02582242
0.023610727
0.029671383
0.023658117
0.028021397
0.029438533
0.02938875
0.03162323
0.02483789
0.0385276
1.2834764
13.250027
57.1304
139.8414333
203.0874
275.3646667
354.6732667
433.8868333
515.0663667
590.4341667
648.328
705.8433667
764.9199333
803.0403667
826.6569
840.0939
813.4278
689.6791667
492.6055333
537.5703
547.6048667
310.0833333
579.1087
358.7575333
280.7037667
341.0278
216.0701
128.5894
93.47333333
53.55851667
16.46180133
1.088827347
0
0
0
0
0
0
0
0
0
0
0
0
0
0
0
0
3.209889433
20.52189667
46.9888
57.60384333
120.82253
281.1733
312.2007667
430.5598667
528.4245
589.7839
658.1547
743.3373667
620.5577
799.0187
516.0526667
416.3731667
263.7093
102.3634333
32.63593
22.0847
12.06748
81.97704
96.95244333
59.20712
25.22948
1.28007705
0
0.9929057
1.391850933
7.858708
3.870379
0.430427967
0
0
0
0
0
0
0
0
0
0
0
0
0
0
0
0
0.303722623
6.139628667
32.50489
108.4104033
45.86925333
21.32478667
79.59706
162.1477
217.3165667
470.6984
511.5685
678.9331
717.7350333
666.6665
768.1347
640.4872
587.3322667
484.8051333
167.22174
178.9446333
160.8998
198.4582333
202.9965333
198.4035667
160.1648667
101.6878533
104.8415233
173.5939667
155.6517667
81.85452667
15.51727567
1.707581
0
0
0
0
0
0
0
0
0.003389271
0
0
0.007298182
0.003908875
0.011416906
0
0.02989908
1.2067457
11.07828
19.53266
24.83864
38.34502333
49.53648667
96.86064667
151.2566333
170.4136
258.2588333
441.9933
731.4820333
801.4412
823.3969333
835.5583333
848.4774
802.2258
764.5820333
815.3817667
738.7493667
792.7849
465.9426333
400.9675
438.7363667
400.4731667
344.056
195.5291
266.9125
172.9594
72.54615667
38.61753667
6.027709667
0
0
0
0
0
0
0
0
0
0.026126393
0.028273
0.02907
0.029108007
0.026405193
0.020936713
0.065728287
1.640419433
20.612268
78.56740333
157.8192333
243.4356333
181.5772433
159.5134667
112.1778867
332.0318667
589.7506667
572.8089
412.2429
560.8728667
373.1589
361.4835333
205.6287
447.3689
210.5621333
284.0227333
504.5858667
217.5649333
290.6543333
403.7586
204.17563
130.7828133
235.7844333
109.4912967
66.42594667
81.75713667
39.36961
15.55314133
1.513811067
0.103034863
0
0.006230162
0
0
0.016048206
0.027693947
0.02390698
0.027134637
0.019772067
0.020057643
0.019186477
0.018218613
0.018511897
0.020360033
0.107832553
2.1442424
14.65631567
35.20125
98.48649
88.10827667
139.7388333
194.684
310.2344667
244.9452333
197.0001333
227.6819333
411.3471333
582.3253
354.1240667
198.1043
116.1334
321.4131
532.7148333
368.4582667
683.9434
743.1008667
561.9438667
512.4016667
241.8441
234.9025
242.8779
91.68678333
122.6488667
104.38846
93.12154333
19.83700533
1.8590713
0.10131791
0.000184296
0
0.002786419
0.02692635
0.012638029
0.011179879
0.028700003
0.011787901
0.019955447
0.02325801
0.020609847
0.03513506
0.03460729
0.03813208
0.062288137
0.8606259
6.335497333
15.88024
61.61678667
130.3240667
138.3180667
145.2405
235.8221
238.5651
146.4475667
106.31654
373.4150667
532.3216333
622.6827333
340.8959
735.3121333
331.7357667
281.9978333
721.7129333
659.2156
367.7716667
400.1524
282.1619667
449.1833333
262.2476333
255.8061667
149.2386
102.1529233
58.12390667
22.22894667
13.584811
2.335344367
0.20644402
0.02748519
0.026011353
0.018497877
0
0.002464037
0.007308269
0.018878417
0.019620507
0.02150656
0.04496197
0.00880463
0
0
0
0.02986652
0.4890283
2.982656
13.72154967
23.15990333
32.74705
56.75307
70.52864
115.2742333
100.7206433
204.5694333
172.9359
193.5741333
248.4090667
149.6471267
124.66709
288.5388667
602.5462
422.0499667
347.3770333
471.5705667
368.4032667
559.8248667
333.3323
242.35302
308.0080667
271.5037333
147.3461333
125.9957
69.10248667
95.40952
43.50090333
4.674350667
0.176795041
0
0
0.004106093
0.002899458
0.00373753
0.008715458
0.003209664
0.001697086
0.002857773
0.006268615
0.012809667
0.010010625
0.013249803
0.01172461
0.088618747
2.783033833
18.11419667
36.45909
85.10698333
120.1003
210.1085
284.3993333
366.4034667
349.0604667
431.8692333
461.7886333
400.9073
372.8988333
484.0318333
528.6297667
770.4736333
732.3465
571.4689667
323.8211667
498.8733667
359.1478333
126.8956867
101.557
146.6806667
101.32509
95.48832667
91.97132333
81.08077
87.74106333
30.96461333
13.54092333
3.629772767
0.21527168
0.03429736
0.035303443
0.032408233
0.018915557
0.018962247
0.029422597
0.020613837
0.01607553
0.0199773
0.031648053
0.035481463
0.030812523
0.03864471
0.04211085
0.15969293
1.6340441
23.09806667
45.47173
35.78301667
117.8131667
82.20966667
228.1093667
131.5434667
96.90994333
135.9384667
57.59474667
197.8917333
230.0064667
333.2053333
333.7689667
281.0052333
345.8154333
115.67848
212.0393333
235.6162333
157.3351333
210.2825
193.3754333
187.1661
205.1386
159.8038333
361.7898
245.5635
214.0974667
74.53625
28.24331667
6.250522333
0
0
0
0
0
0.02135726
0.019358761
0.02042741
0.030039787
0.02613879
0.0178505
0.046277453
0.046139773
0.043374847
0.044000023
0.133525973
2.6170977
7.477707
29.13976667
57.329
60.05991667
102.9672633
79.30971
89.94102
77.87876333
108.8245333
184.7745333
137.3577667
171.2766333
212.8981333
178.4869333
123.6840333
103.50039
118.7516633
128.9066567
77.34794333
92.79084
109.0049333
123.5135667
161.5551333
134.2053
150.93167
62.61875333
55.38159333
31.82645
13.41060367
5.335187
2.211501233
0.154298523
0.04586938
0.039044137
0.035202193
0.033702437
0.032202643
0.03366116
0.037797417
0.04147282
0.035183187
0.029685427
0.0272426
0.031466823
0.029522433
0.042014403
0.081954673
0.609330367
3.484997667
9.402077333
15.97301333
27.15159333
36.71923667
36.51784
41.96777667
59.91892
111.8911267
119.0849
92.16584667
79.3284
124.2200667
103.6595533
56.44528667
46.88150667
95.22957333
50.23790333
52.51501333
27.68003333
115.8221033
166.7143667
133.168
140.2264333
125.9875
89.66948333
44.28808333
33.27101
19.90309
20.47084667
3.849283433
0.10321812
0.006913933
0
0
0
0
0.048780873
0.040370753
0.038543927
0.038146147
0.035979817
0.037090533
0.03494929
0.02936348
0.03059158
0.05543394
0.777238667
4.727014333
12.89582533
24.27367333
76.38494667
120.5218333
155.3903667
227.3926333
222.8522
290.0189667
230.5267333
317.8934333
490.0306333
352.1357
203.1568333
429.7968
514.0477667
648.9634667
698.9275667
527.2877667
293.2648
664.5051333
700.5610333
620.8046333
492.8870667
422.4014333
353.1745333
269.8809333
186.4417667
112.6148867
51.43755
11.60996867
0.963823033
0.03051023
0.0273527
0.028199903
0.03185029
0.032697807
0.02445618
0.02164506
0.010824864
0.022589387
0.036009777
0.0229047
0.009191428
0
0.02201333
0.39866406
6.575455
38.52575
96.64054667
168.3873667
243.0821667
330.9535
412.397
497.6991
573.3526
648.7075333
712.1572333
761.5963
816.4137
846.3750333
874.794
886.8438667
918.3577333
803.2535
811.1609667
820.6910333
818.6774333
638.1523333
674.2074333
462.0564
495.9063333
424.3594667
321.1633333
236.8964333
105.04134
128.5817333
60.81484333
18.63499
0.9148636
0.027418417
0
0.009787257
0.017145087
0.033671637
0.015579287
0.00568202
0.008095401
0.004190065
0.006884187
0.003980487
0.005874335
0.005916228
0.011622981
0.088065513
0.851053967
3.331725667
5.494243
10.629208
27.23747
53.50287
54.32992333
65.03695
77.83438667
132.51543
124.776
135.4431267
174.0788333
171.2959
154.4974
225.627
297.4740667
405.7425667
573.8755
628.4624333
511.6747667
281.2503333
151.2268967
61.53696
68.17881667
44.43383333
44.91064333
20.85574
33.89163333
50.77127667
15.82491933
2.687669
0.684733267
0
0
0.001994517
0.039709813
0.027027727
0.018187147
0.03187095
0.036825717
0.02978155
0.01471513
0.033286767
0.020591817
0.005130229
0
0.51962077
14.852672
62.98514333
177.5752333
266.4162333
263.1658667
155.3545333
240.4068
365.0212333
417.3670667
465.63862225
513.9101778
562.18173335
610.4532889
658.72484445
706.9964
381.0761667
290.9279
226.1767333
153.3803
191.5081667
206.3387
149.40113
64.89289
47.56962333
81.24998667
82.56768
61.14486333
28.96416667
25.72826667
11.608908
7.148618667
1.589835567
0
0
0.02989785
0.022598578
0
0.028268484
0.006679517
0
0
0
0
0.013644585
0
0
0
0.152001903
3.180625
10.48649333
16.72868
25.65426
32.5294
28.15746
133.5117
143.6818
108.7322067
119.5323333
144.1700333
169.4317
243.6688
221.8599
175.56744
258.3076333
324.0142333
329.2071333
174.5670333
220.3804667
183.1573667
62.69138333
74.17137
241.5741667
100.6838333
74.41864333
128.3796533
161.492
93.77724
42.11776
13.93174
7.877033
1.024002633
0.030171383
0.016636617
0.013803885
0.000402298
0.000875831
0.003561988
0.003436276
0.001852245
0
0
0
0
0
0
0.054716467
2.461516533
12.00115
8.045559667
13.12441333
65.15943667
68.29443333
95.76569333
106.5662267
141.1071333
227.4944
204.4763667
141.5472667
110.5563367
198.1491667
415.5104
252.7495667
416.2629333
418.2548667
231.7157667
566.0231333
479.6328333
285.8222033
73.86641
578.9583333
326.1337667
479.1297
131.5665233
136.7073267
37.68133333
69.72673667
37.89936
2.817106667
0.7112955
0.026622122
0.004166146
0.007850353
0.001902878
0
0
0
0
0
0
0
0
0
0
0.835384067
6.223127667
21.77553333
47.38376
98.55598667
108.0012333
328.7677
403.8002333
511.7261667
633.4042667
458.8654667
683.2479333
509.6238
476.0823667
441.7466333
687.8015667
399.7392667
627.9246667
604.3635667
431.7681667
757.077
203.0847667
289.1956333
549.8071333
646.3931333
328.1244667
458.7819667
365.4054333
280.6245
194.5449
127.6031767
60.53596333
10.51585933
1.377820767
0.038379107
0.003839157
0.028584803
0.02753399
0.022366807
0.017274473
0.008832343
0.009394241
0.0110838
0
0
0
2.1e-05
0.008116395
0.812313167
6.075060667
26.36491
85.42852
185.8687
0
150.0109467
90.37591067
409.0338667
434.1353
532.5865667
519.4935667
613.6503
629.3754333
443.9283333
345.5167667
501.1211
680.8345333
746.9395333
850.3492
531.4488333
626.1486333
249.1322
391.639
196.1345733
43.24946667
100.32268
45.82768333
104.1538033
56.74748333
45.80120667
18.35872667
5.410109667
0.424365733
0.008212868
0.003888654
0.006520303
0.009344811
0.012575986
0.013087597
0
0
0
0
0
0
0
0
0
1.351217967
4.770255333
10.67680233
13.80995633
23.43633667
18.46689333
30.78515333
27.41670667
52.87938333
64.40729333
71.55317667
111.0486233
128.5154667
144.9295667
148.0223
202.8019
175.0096667
361.8919
216.5085667
109.7056267
161.5626333
177.7039667
98.57618333
84.25502333
83.96238667
69.88923
127.6209
178.8328667
142.6309333
73.26502667
40.66163667
8.225317
1.2993129
0.020992891
0
0
0
0
0
0
0
0
0
0
0
0
0.012080863
0.873992167
6.321768
21.50171333
39.39111667
58.03061333
101.82592
156.5723
256.0404
392.5217333
361.5472333
646.0089333
502.2645333
734.1072
812.3544333
882.2905333
853.1803333
926.7101667
909.1161333
830.0847667
838.9615667
797.0158667
760.4881667
685.5964333
650.4675333
492.3273333
453.9666333
343.3258
367.7475
257.7137
169.3530333
75.0178
56.62284333
20.60827333
3.1250395
0.014866053
0
0.013952817
0.016844867
0.014591314
0.004576123
0.00405654
0
0
0
0.007463986
0.005716558
0.007162555
0.047066887
1.5553166
9.223661333
56.54960333
123.1280667
192.7532333
272.2150333
354.8667667
436.3271333
519.8999667
595.7037333
669.5999667
714.9431333
762.2433333
821.0974
859.0026333
883.1197333
896.4387
890.2428
881.0505
866.0046333
755.4105667
390.0268333
111.9052933
532.5089333
315.6278333
450.0215333
284.0398667
103.1499733
43.54280333
56.19059667
4.615128
1.527631667
2.276109667
0.3587797
0.06229557
0
0
0.037981413
0.023205573
0.013545009
0.013783943
0.009221521
0
0
0
0
0
0
0.19574966
1.517637433
3.495877333
10.69127433
21.24941
38.90698667
51.09148
81.54374667
82.30131
148.9569333
166.9404667
189.4706333
195.7455
185.3961667
183.3479667
121.7969133
92.58860333
73.98494333
112.0678733
101.1647167
155.4671667
144.5635667
164.2565667
114.0392833
74.91793667
74.58305333
63.44255667
30.35000667
20.76633667
18.34328
13.49446333
9.284306
3.116256333
0.529238933
0
0
0
0
0
0
0
0
0
0.007446374
0.011511097
0.011511067
0.010065381
0.022100273
0.891653533
10.48404667
52.92851
171.4779
133.7806333
220.8981
184.1504667
196.7789333
356.3305667
377.7013667
325.4180667
276.3152333
234.5726333
411.0715667
419.4325667
492.6064
349.6585
383.8403667
224.1711
298.2081
240.0656667
204.6023333
229.8675333
258.3634
273.8229667
214.9736667
191.8406
288.7272333
341.0275
160.5287867
66.24789333
39.95862
17.02611733
3.245302
0.116825747
0.011585312
0.006649835
0
0
0
0
0
0
0
0
0
0
0
0
0.3022044
4.164442
22.02396667
28.80379333
41.89624667
49.20092667
45.34284
76.90105
100.5463267
111.0399
194.7251
220.1549667
274.4275667
355.4112667
393.2609333
540.2945
702.8694667
428.8240667
588.0990667
645.7189667
679.5045333
700.4907667
623.7143
477.4224
481.1573333
152.2147667
232.7754667
254.6037
212.3974667
114.4094067
54.763
12.934134
1.1884761
0
0
0
0
0
0
0
0
0
0
0
0
0
0
0.214204843
1.1940904
6.653773
17.85019333
42.20109667
44.29656
40.94303333
43.55185667
59.28621333
71.10344
110.6452933
136.0704333
244.8805333
280.2417
291.6393
308.2436333
269.4628333
213.6909333
229.5472333
219.7566333
217.7164
237.2182667
217.9034
250.8946333
337.0606333
443.9542667
371.6539333
203.1586667
93.86561667
60.04549667
34.24220667
14.85207233
3.133290333
0.799007233
0
0
0
0
0.019806317
0.020184507
0.017901527
0.02090631
0.017151573
0.017989727
0.015144623
0.014583297
0.013812327
0.029925323
0.728012633
10.71405333
35.04499333
76.95979
92.79652333
82.02040333
173.1387333
254.3332667
258.3388333
593.2936333
516.1991667
624.8164667
778.6399
796.1251667
896.2671333
887.0954667
804.9020333
911.3680333
861.8574
810.6463333
738.3514
777.0261333
723.3242
716.7088667
684.7495333
459.7813
308.7678333
379.2867333
212.5179333
195.0216667
89.01399667
55.29331
30.92826667
7.779729333
0
0
0
0
0
0
0.010287251
0.007664477
0.006608848
0.002640279
0.006953063
0.005905538
0.010608406
0.073296317
1.423701233
9.310602333
8.712053333
51.08031333
109.24889
115.7637
125.3759333
181.4103
318.6041333
239.9322333
248.9765333
209.3713667
271.3763
343.0880667
565.0588667
523.3708667
683.0693667
755.6858
754.8284333
698.5567667
606.0192
645.3240667
736.5687333
600.1722333
531.2607667
372.7176333
343.0988
314.5116667
264.2989333
198.7384333
124.7450267
58.14014
22.81232333
2.934670333
0.272793136
0
0
0
0
0.001273931
0.007006562
0.00426184
0.01077008
0.007690164
0.006223566
0.004425769
0.011831808
0.096095583
3.31038
16.211999
41.62616
69.35427333
108.7327033
121.7308667
108.7521
119.6401333
116.7832667
186.0698333
459.0236667
624.4062333
620.8883333
780.9864667
809.6205333
850.4657667
793.8465
671.645
640.3510667
768.6388333
682.5930333
612.6842
660.7015
620.2607667
606.8361333
483.9155667
409.7326
348.8167
288.3004667
166.5915
132.9152
79.97027333
16.029643
3.642178
0
0
0
0
0
0
0
0
0
0
0
0
0
0.082406427
2.251356267
15.966368
60.05785667
120.9801
178.3321333
249.5591
328.0547
402.5665333
478.4993
541.6268
602.4017
666.372
713.4506
769.6294333
794.3269
905.5255
967.9856
918.4544333
963.8273667
892.2419667
873.2069333
872.3061667
561.5852667
724.0404
577.0858333
542.1879
456.9963333
367.6091333
294.4817333
211.2117333
142.1783
69.64866333
17.24317333
3.976421
0
0
0
0
0
0
0
0
0
0.001039146
0.001449737
0
0
0.114047295
2.860771
23.96007
77.34252333
150.9639667
246.6737333
290.8500667
326.1689
439.7867667
517.6227333
590.7819667
659.8869667
720.7545667
773.6682667
820.3762
854.8853667
880.3037667
912.1188667
890.6248333
877.6644333
858.0725333
830.6620333
790.3388667
727.7364667
666.633
604.0358333
524.4252667
444.1847667
363.8092667
277.6975667
200.3961667
131.7380667
68.37952
19.46718667
4.289271667
0
0
0
0
0
0
0
0
0
0
0
0
0.017799077
0.201950417
3.523709
28.48811333
95.38646
150.4636667
209.2768333
287.5011333
374.2158333
454.7712667
528.5484333
604.4264667
673.1518667
733.0037333
785.4988
821.3367333
862.2334333
877.8271667
696.1522667
902.0470333
884.0299333
861.222
836.1585667
788.7612333
731.3112
670.1135667
606.2985333
522.3287
450.2304333
363.0347
277.6709
195.3144667
131.8081
68.25949333
19.97348333
4.793194
0
0
0
0
0
0
0
0
0
0
0
0
0
0
2.272172633
12.87012567
56.82112333
114.5137867
181.0034667
256.4430667
336.6696
415.9304333
493.4202667
562.3452
641.5049667
701.0694667
754.5705667
798.3166
834.0221
855.6493
866.1392333
872.1638
862.9809667
840.8883667
807.5217
765.7643333
715.1165667
620.2552667
583.8031333
504.7342
429.1692667
302.7994333
225.8073333
186.4403
125.2472
67.28949
29.76027333
9.175607667
0.390744763
0
0
0
0
0
0
0
0
0
0
0
0
0.169135723
2.1299487
10.92745867
39.20535333
68.44469333
78.36716333
92.25309
182.9832333
160.0832333
171.8308
180.7918333
138.1926
223.7971333
233.8739667
323.2676667
346.3073
371.3096333
327.1613333
185.9145
211.9052333
259.4945
315.4293333
235.6364333
181.778
179.2587667
127.7241667
76.6358
54.50419
41.87248667
43.45817
32.23367667
22.70973
19.65309
5.912185667
1.0505557
0
0
0
0
0
0
0
0
0
0
0
0
0.005802377
0.078495713
1.910613933
8.129424667
24.13784667
43.22726667
59.77428333
84.53068
97.47736667
194.9627667
160.7258667
310.1692
508.2496667
670.3614
626.4984333
568.0176333
380.9412
411.0812
428.0214333
458.5688
512.9175333
752.3859333
727.0422
811.2483667
782.2548333
639.1739333
535.5384
531.0382667
341.2503
278.0726
264.8766333
190.4710333
107.9561867
60.3776
21.55495333
5.004785
0
0
0
0
0
0
0
0
0
0
0
0.01923976
0.019156873
0.13202468
2.735573533
17.01120067
35.48518333
134.4665
89.02330667
104.43336
206.4285667
367.1931333
253.5297333
439.0405
572.2543333
689.8769667
780.4772333
820.2288333
885.5378333
851.8172667
745.6161
654.4320333
601.2505667
535.4292
688.7706333
580.6235
613.8477667
515.1767667
578.4861333
347.9113
377.9176667
234.2402667
79.18867
48.91513
31.62871
20.16613667
14.65090267
2.396387833
0
0
0
0
0
0
0
0
0
0
0
0
0
0
3.969618333
27.03128333
41.01049333
56.63022333
126.5394033
187.2153333
193.7371667
232.7697667
267.657
165.8936667
246.2857333
401.7076
462.9467667
411.6036333
343.7299333
278.2731667
289.2234
316.8348333
178.1572667
198.1737333
69.10789333
293.7754333
245.7162
337.0989
299.1433
421.4818667
312.8299
240.0577333
157.1400667
106.3353833
88.21118667
52.51285333
10.08727833
1.5467607
0
0
0
0
0
0
0
0
0
0
0
0
0
0
0.176970487
9.13641
17.77137333
31.34124667
46.52818667
60.79605667
97.70398333
139.4429
233.0138333
300.2572333
414.6787667
339.2065
377.2362333
501.8636667
658.0814667
546.9570667
696.4968333
645.9613333
178.1152333
69.15072667
64.74014
94.34235
126.1449
100.5740533
74.72149333
30.80798333
38.76312
49.58534667
33.17008
16.75177667
20.27557333
16.25616333
17.53677667
14.18827667
1.874302133
0.028337487
0.001994192
0
0.001969092
0
0
0
0
0
0
0
0
0.143579893
3.531429
14.78981333
30.98119
49.89488
195.8880333
229.9513667
164.1325667
229.6364333
249.3252333
282.3468667
497.8500333
616.4312333
798.4647667
851.8432
860.8073
867.7798333
822.5933333
666.1136
753.3914
572.3625333
339.5552
548.0036
446.7495
486.0126
364.1351
285.58
274.7228
439.1218
284.9919
120.3791933
87.65668667
68.97287667
32.33577333
9.912127667
0.426074983
0
0
0
0
0
0.020996907
0.023209653
0.020788063
0.019057653
0.019078767
0.01920879
0.024229067
0.306164653
5.165891
37.55910333
68.15236667
97.95586333
118.86713
147.7811667
234.1253667
218.4555333
292.137
419.7798333
430.7343667
410.0807667
518.2033333
239.8054
264.9070333
332.3423667
626.2587667
921.9024
614.2899
863.0603667
579.6014667
715.6759667
616.366
534.415
487.8916333
512.3045333
432.6886
398.5683667
389.6766
273.7634333
119.3708833
98.49573
15.64093667
5.532803
0.475364967
0
0
0
0
0
0
0
0
0.006771487
0.025007753
0.022753557
0.018584083
0.17121857
2.009329667
9.674970333
29.56666
50.30009667
66.87259667
111.0941
145.3359
208.7332
298.8523
283.1862
491.5238
656.5758667
803.4598
614.8340667
859.2349
863.7953333
904.7239333
903.4902333
871.2356667
903.9463
771.0256
306.2086667
206.1874667
221.5880333
337.2568333
334.5084333
267.5943
192.1395333
144.7578667
126.7578367
68.00799
39.18382333
12.64819067
4.595632333
0.4387138
0
0
0
0
0
0
0
0
0
0
0
0.001365882
0.229025943
2.945797333
18.79316
38.84184333
134.4437667
224.8206
241.9279
329.1108333
414.0434
491.1607333
533.5020333
583.7554667
541.8727667
606.3822333
736.6803
661.8621
559.2502
412.2970333
343.8942
363.2397
308.4918667
115.4968667
40.28468333
160.6200933
562.9126333
610.8909333
460.3237333
411.2025333
288.2540333
187.2894333
191.9464
134.9311667
70.22448333
25.72423
5.114736
0.069252626
0
0
0
0
0
0
0
0
0
0.022581953
0.021259193
0.02625182
0.117062343
2.9989122
28.35533
109.17603
110.2935033
138.44145
257.5462333
334.3792667
415.0799667
490.1693333
568.4744333
643.8926333
663.0491333
750.9328667
794.7635333
822.8756667
845.4393
862.2984667
861.0223333
732.8068333
777.4705
818.0683667
786.0012333
673.5637333
659.3674333
555.9301333
466.6883333
342.1478333
267.2679
127.1942233
73.18299333
51.38340667
34.18675667
17.32555667
3.406925667
0.242387563
0
0
0
0
0
0
0
0
0
0
0
0
0.073600713
1.224045767
9.391036
35.22620667
58.55375333
75.71526
76.75644
86.46934
92.37206667
158.7403667
332.4256667
467.2101333
613.0792667
693.3069667
747.8305
772.5565
789.0095333
694.7482
846.3274333
826.5282333
798.9769667
677.412
437.2316667
397.9509667
441.7270333
377.6545333
317.6202
321.1503667
195.5119333
191.4482
180.8528333
78.34751333
45.41768333
17.77989333
2.701087
0.070370587
0
0
0
0
0
0
0
0
0
0
0
0
0
0.15782338
9.032587333
56.21777333
145.4412
91.57463667
92.01814
135.2365667
103.0782967
65.89489
57.4518
116.1285667
129.5813333
80.38574333
39.69843
13.04904567
6.317744
5.606477667
15.85867
80.77677667
286.9744667
577.9335333
746.7054333
735.3840333
684.0355667
614.8228333
545.0879667
467.2307333
386.9542333
306.0153
277.1736
155.2018333
20.73901
9.026605
3.998565333
0.177895687
0
0
0
0
0
0
0
0
0
0
0
0
0
0.46611587
4.765808333
24.51160333
63.06830333
68.49547667
43.32077
63.84586667
95.68517667
173.7979
195.9606
271.6706667
192.2598
247.0602
543.5721667
527.4621
373.6729
806.824
758.3899333
501.4078
492.9922667
345.7060333
445.8939333
682.6128333
669.0454333
260.0681333
451.7387667
242.3762333
170.6147
229.6926
95.61074333
100.8194033
57.36032333
9.96225
3.693415933
0.2034448
0
0
0
0
0
0
0
0
0
0
0
0
0
1.563125167
8.832833
20.38955667
38.92900667
77.38715333
103.99534
149.1317333
295.8697
224.4645667
335.2416667
440.8559
395.4708333
477.1323667
720.2076333
759.0142333
817.8647333
542.6379
509.3417
428.2063
446.9252
369.6518333
324.1068333
297.1151667
373.5986333
255.1963
246.698
277.8201
203.3393667
99.26478
141.0169
102.4542867
60.23636
23.8966
5.752453
0.29012992
0
0
0
0
0
0
0.009638564
0
0
0
0
0
0
0.805879767
4.960307
13.62754133
36.41389333
145.39429
250.6337
293.9805667
365.8952333
176.3187667
308.1381
484.9419
589.0366333
465.0422333
490.3824
354.1004
406.5016667
284.9033333
494.6403333
396.6419
632.3557
347.1584667
444.8623667
544.7485667
443.2553667
299.9014667
500.8719333
455.6653
395.9729667
249.7328667
261.7795
60.73601
54.48442333
32.41909333
11.56777233
0.894376233
0.008206156
0
0
0
0
0
0
0
0
0
0
0
0.019203877
0.9942579
5.570450667
22.42610667
101.16869
98.74559333
153.7533
216.7623
348.7881
357.1629
464.5642
428.8084
470.2192667
421.1526667
244.2116333
377.2447
437.7702667
388.7324333
322.4105333
178.1722
192.0915667
128.0940833
177.7820333
264.5054667
218.0116667
293.1149333
223.4491
154.5593
132.0718767
51.98938
28.45791
10.67292667
8.822436333
4.760468667
1.471519
0
0
0
0
0
0
0
0
0
0
0
0
0
0
0.452734033
7.636899667
26.55915333
48.97906333
75.24892
62.89581
88.33816
179.50619
400.1392
455.1424
384.1608667
469.5819333
483.9372667
573.4134667
581.4661
526.8819667
750.6460333
889.2016667
484.4225667
344.8688
348.5296333
327.7994333
184.14403
102.5114667
214.0796
259.0466
273.2292667
316.8250333
182.6012
154.7457667
111.0819
52.24115
26.31304333
6.116047
0
0
0
0
0
0
0
0
0
0
0
0
0
0
1.848067767
22.52548333
53.64151
49.92541333
92.80136
175.6308
322.3416
422.4795667
511.7470333
455.5723667
561.3714667
431.5240667
540.2582667
313.1755
493.3682667
418.2795667
442.2758333
725.0569333
666.3793
363.6739
545.4591667
327.7238667
261.7588333
182.1305667
263.2068667
221.7609333
168.1203333
202.3954667
51.96167
32.60297667
11.74799767
6.924132667
18.07975333
3.485643667
0
0
0
0
0
0
0
0
0
0
0
0
0
0
0.341111707
2.153126
13.183604
46.7565
93.20362333
109.9158667
130.4520667
235.5247333
317.173
322.3320667
595.4899
186.7106667
364.3529333
423.9149667
629.3189667
720.8340667
539.7453
715.0097667
408.6194667
748.2493333
488.8754333
432.9519333
493.6988333
357.2743333
136.9777
288.7432667
114.7683067
50.03562
120.9462567
43.09760667
60.37410333
88.92316667
45.3569
8.419091333
0.0024
0
0
0.022496577
0.019191333
0.021454337
0.018491697
0.015704983
0
0
0
0
0
0.016922711
0.25923525
2.077594667
5.221231333
9.539591
40.4288
68.01037333
77.10028667
66.63489333
41.90774667
60.43232333
103.9659167
158.5251667
127.0887333
146.1058333
235.8501667
225.0387
230.1045667
268.6473667
302.9938333
122.67765
196.4164333
327.9866333
340.9415667
338.7517667
280.5742333
317.4189
298.9749667
198.4484667
100.4003733
91.45036
52.35913333
31.81189667
12.96983333
2.2900085
0
0
0
0
0
0
0
0
0
0
0
0
0.056950517
0.095660957
0.938173
11.261404
10.17947567
19.84468333
51.79163
64.29078
85.76464
147.3892267
133.7411467
76.79261
138.7182767
211.1843
138.09719
152.1761667
372.2351667
158.5318667
141.60751
204.7991667
409.3604333
437.3487333
760.5422
722.0946333
604.975
616.2423667
493.3856667
520.3640333
355.8744333
316.5297333
308.1081333
161.9993667
108.33455
77.24836333
38.73884333
10.032565
0.4884406
0
0
0
0
0
0
0
0
0
0
0
0
0
1.903122367
16.52824033
48.16107333
115.3391
192.5914
267.9331
362.9034
344.8282333
458.5134333
204.4917667
242.5294667
223.1155333
328.6091
414.1467
664.4693
782.5561333
851.3428667
742.1452
568.2382333
534.8094
569.7895
739.6684667
618.0319333
390.4697
504.3332667
245.6746333
304.4378
380.7034333
280.8687667
241.2660333
144.7949
100.0878567
27.45322333
6.141263333
0.05233259
0
0
0
0
0
0
0
0
0
0
0
0
0
2.680548367
12.980079
42.21214
96.66825667
208.8939333
202.5440667
210.3154
253.1902333
339.7823667
542.3917667
566.5412333
719.3621
769.5427
857.6032667
864.8579
886.4765667
894.6235333
754.4525
675.3662333
752.1830333
827.2317667
680.419
616.2346333
454.5705
380.9724667
347.8760667
291.8051667
204.3017
143.0833
66.16618667
109.6606067
35.14749667
34.67201
13.684143
1.127733167
0.018560297
0.029461987
0.029698107
0.027805697
0.029381653
0.018761387
0.024660547
0.02022793
0.017563553
0
0
0.007546309
0.08071502
2.139897533
12.33632567
62.50829333
126.5356333
189.7469333
240.8274333
343.3883
395.5245667
491.2915333
522.5499667
701.0609333
769.5726
786.8772333
807.6859667
852.1129667
876.6348667
766.9559
827.7515667
814.2510667
849.8966
805.4558
759.3692
678.5817
708.9578333
701.0121333
499.804
240.4061667
226.1756667
162.4341
99.89997
62.59736
44.39403667
13.56183433
1.798731767
0.043547807
0
0
0
0
0
0
0
0
0.009758814
0
0.002471103
0
0.020216736
0.4515038
2.514047
2.390997333
12.44865133
28.25230333
56.04302
52.32130333
32.30132767
44.99233
125.9593333
143.6381667
160.6143
185.6642
169.1642
121.19467
366.2359667
289.3035333
304.7015333
322.2178667
294.7755667
321.0923
307.8406667
183.8860667
179.7359333
135.3050633
160.3442333
152.6823
90.45450667
108.38491
85.14604667
62.80415
37.19357
14.28326167
3.678052667
0.36299278
0.002554825
0
0.026802977
0.02904531
0.017924383
0
0
0
0
0
0
0
0.053398116
1.7006886
10.569917
23.95638667
63.78477667
109.9000333
108.541
103.7906733
126.4858667
138.4666333
171.4733
205.3989
304.9702
339.9693667
411.8528
531.8097667
590.6207333
549.0499
592.6220667
960.2630667
765.4445
716.8806
722.4761333
575.3952667
601.4628667
470.3843667
401.6678
419.8706667
323.9155333
268.3210333
183.4219
122.41329
42.45224333
27.22329
5.131038333
0.119908147
0
0
0
0
0
0
0
0
0
0
0
0
0
0.825494633
11.089223
33.54377667
57.59008333
113.75857
176.6818
120.8359
126.4174167
227.8542333
222.4515667
435.4632333
509.8425
486.3268667
591.8510667
535.1646667
439.6718
459.4422667
776.5251
582.7504667
493.3812333
911.8846
720.6166
674.3682333
450.383
339.778
362.4317333
309.0195
350.2041667
290.0682333
209.7283333
128.6167333
65.86208
23.15308333
5.283847667
0.277936767
0
0
0
0
0
0
0.002831899
0
0
0
0
0
0
1.4224786
10.75550133
36.33308333
81.67245667
152.4935333
238.0884667
320.4562667
402.4386333
478.1192333
559.9280667
628.1589667
687.2483667
723.9775667
809.3147667
833.6713667
875.1301
906.3244333
874.6012
881.9344667
883.6527667
758.3887333
639.2446667
711.2260667
659.8434333
617.2923667
520.4920667
419.8581
364.8714667
276.3121333
210.0015333
136.2571333
73.52153
26.64737667
6.968063333
0.480834437
0
0
0
0
0
0
0
0
0
0
0
0
0
1.20368628
11.30809967
51.22089333
110.7720633
178.3817333
250.1130667
330.0203667
410.4490333
487.0839333
564.3278667
633.8622333
701.5688667
756.3169667
806.016
834.0465
870.0815333
879.7943333
886.6571333
878.2647
861.8238333
837.7132333
800.6665
743.5284333
685.8787
619.9604333
544.7842
460.9372
378.7164667
298.5847
223.5479
154.2550667
89.21916
22.97841
6.442712
0.433927687
0
0
0
0
0
0
0
0
0
0
0
0
0
1.0448121
12.434604
56.72612
113.96573
182.3623667
252.8184
327.9224667
402.6449333
484.7369667
561.2843333
630.9505667
691.9177333
743.2226
789.4284667
824.2414667
844.5146333
862.2304667
869.3711667
864.4939667
843.0133667
817.495
776.7336
721.9238667
659.2446
590.9905
525.9461667
447.5465667
368.8300333
292.0633333
217.177
145.8466667
82.52295
24.96284667
6.619888667
0.44501884
0
0
0.01961683
0.002982025
0.011807723
0.002814835
0.012889243
0.010501744
0.01522273
0.024283187
0.02931774
0.032362427
0.053750143
1.3199196
10.626563
44.50827333
95.49769333
160.8196333
235.6468667
314.8529
395.7079
476.0518
550.7983667
620.5772
683.4595
738.9849333
782.0815333
820.4038
847.2608333
862.2144
864.9542333
851.2047333
814.3713667
801.0197
682.7329
681.4397333
646.6229667
581.2767
504.6787
430.2915
352.7560667
276.9624667
197.344
126.8334
73.30951667
26.32073333
4.195433333
0
0
0
0
0
0
0
0
0
0
0
0.017063589
0.014344955
0.035553416
1.195666367
10.995007
50.76066
110.2204167
178.4444
245.4336333
323.8091
396.1469
472.7866667
550.6224333
624.4497667
685.4360333
748.4233
799.6488667
847.5730333
827.0189
810.9168667
721.2727667
550.4813333
698.9857333
415.2256667
317.1149
389.2431667
458.7295
559.2272667
499.2046667
384.4424333
431.9121333
258.4622333
129.4589667
81.59672
72.43768
31.12969333
6.642176667
0.452479407
0
0
0
0
0
0
0
0
0
0
0
0
0.006530754
0.162432153
2.981492667
10.76976667
23.84377667
30.93105333
43.69703667
82.56415667
181.8731667
249.5309667
239.3295333
263.6568667
299.9852667
323.5266333
330.1735667
338.9849333
409.3436
368.0172
349.6325667
405.4415333
447.7628667
439.3903667
359.1331333
309.4306
147.6584233
317.7562333
215.6594333
227.7825667
172.8589667
189.7407
194.5270333
142.92348
45.59883
18.66192333
4.580374
0
0
0
0
0
0
0
0
0
0
0
0
0
0
0.338375557
7.94891
33.67821
82.33556333
139.7567
214.1249333
231.7830667
260.6334667
261.1151667
281.7592
375.1941
338.1478667
616.2275
585.7193333
631.9343667
470.8102
669.6985333
704.5533333
800.6413667
955.1561
825.1324333
671.3834
742.2312333
562.2643667
439.5321667
273.6004667
222.3213333
203.1074333
159.0218
112.0128667
85.53511667
39.79722667
15.63311633
2.375484733
0
0.022764963
0.016486379
0.009093585
0
0
0
0
0
0
0
0
0
0
0.170591687
2.403955333
8.293989667
22.77705667
38.5589
53.05681
89.92604333
142.3567333
218.2954
290.7232667
295.8241333
388.9216667
254.6055333
374.2851
541.6052333
402.6731333
314.3441667
583.8879667
470.7418667
674.8527333
809.6643333
655.6833333
585.837
690.9318667
598.5195667
503.4028667
420.4554667
347.803
234.5598333
152.9851
103.27715
58.21565333
34.34987667
7.938257
0
0
0
0
0
0
0
0
0
0
0
0
0
0
0.250888897
7.067134
36.54076667
86.50425667
141.3463667
242.6909667
284.2141667
378.5599
455.473
563.0943
582.9397333
697.8652
716.2135
722.1907
765.7292333
847.0627667
838.4886333
847.2995333
799.8233333
705.7648333
744.0586667
680.6057
672.0533667
629.6894333
561.0300667
446.8308
429.8324333
300.5665667
257.2085333
193.3245333
130.6335
76.0101
24.09597
3.029192367
0
0
0
0
0
0
0
0
0
0
0
0
0
0.02297963
0.39460975
4.068730667
26.73035333
85.21299333
90.65894667
124.5968333
193.8937667
273.9347333
452.2570333
501.7864333
524.381
605.6728
693.6813333
528.0692667
789.7988667
767.6901667
770.5808
854.1017
878.7328333
792.2076
868.1184
805.8622333
675.2195333
679.5611333
619.9598667
520.5388
406.248
369.0702333
282.3966667
201.2992667
119.63347
65.16889667
25.03395
2.880519033
0.123022747
0.026079887
0
0
0
0
0.014294135
0.030063513
0.02889553
0.02344975
0.024573007
0.023949027
0.023785953
0.03138667
1.219130333
11.26172533
53.47655667
100.0577333
142.9963667
142.9963667
