354.893333333333
356.843333333333
360.833333333333
361.243333333333
361.243333333333
363.66
365.156666666667
365.41
365.43
366.053333333333
366.773333333333
366.38
366.866666666667
368.153333333333
369.796666666667
372.173333333333
374.85
376.263333333333
377.82
378.9
379.583333333333
381.453333333333
382.643333333333
354.22
354.423333333333
344.883333333333
337.633333333333
339.313333333333
341.046666666667
341.443333333333
340.16
340.696666666667
343.486666666667
342.17
340.923333333333
337.076666666667
335.29
332.18
328.943333333333
327.62
326.49
323.416666666667
318.67
315.203333333333
312.883333333333
311.456666666667
309.053333333333
307.136666666667
306.88
306.556666666667
307.203333333333
307.56
313.633333333333
326.123333333333
332.68
325.796666666667
319.293333333333
319.253333333333
319.296666666667
317.536666666667
317.393333333333
331.093333333333
341.55
348.08
336.01
331.283333333333
340.88
335.866666666667
329.556666666667
358.853333333333
368.92
373.136666666667
373.016666666667
369.313333333333
375.513333333333
367.33
356.703333333333
359.966666666667
359.276666666667
350.056666666667
335.78
333.213333333333
338.583333333333
358.086666666667
355.116666666667
352.993333333333
329.143333333333
313.073333333333
314.38
314.913333333333
318.256666666667
347.85
329.253333333333
332.56
354.056666666667
338.876666666667
312.27
299.18
296.943333333333
296.653333333333
320.946666666667
314.946666666667
320.32
344.41
337.706666666667
312.433333333333
319.133333333333
297.136666666667
293.99
297.383333333333
305.876666666667
309.373333333333
312.586666666667
323.32
319.486666666667
315.75
340.97
347.06
369.29
370.706666666667
371.72
368.863333333333
370.84
364.11
354.453333333333
354.973333333333
348.306666666667
352.346666666667
361.816666666667
367.743333333333
367.296666666667
371.55
371.773333333333
372.34
371.44
366.966666666667
365.183333333333
362.973333333333
354.503333333333
364.243333333333
363.67
368.03
363.846666666667
367.883333333333
365.913333333333
368.823333333333
360.093333333333
339.766666666667
363.563333333333
333.89
358.386666666667
366.566666666667
367.793333333333
361.54
360.94
360.593333333333
358.746666666667
353.703333333333
356.313333333333
371.216666666667
368.193333333333
369.73
376.89
377.98
368.97
381.24
383.683333333333
383.373333333333
360.823333333333
355.273333333333
353.23
360.91
347.686666666667
348.19
350.296666666667
352.346666666667
356.996666666667
359.77
356.013333333333
354.156666666667
350.343333333333
346.7
343.293333333333
335.126666666667
333.356666666667
336.056666666667
345.7
331.216666666667
326.076666666667
327.33
326.78
322.59
321.18
322.91
327.006666666667
332.8
331.913333333333
335.746666666667
346.636666666667
332.12
319.746666666667
312.483333333333
338.42
366.743333333333
359.613333333333
339.273333333333
288.003333333333
286.606666666667
289.076666666667
293.226666666667
311.396666666667
295.593333333333
284.39
286.196666666667
288.88
291.22
291.843333333333
297.056666666667
302.206666666667
305.943333333333
299.43
297.33
292.393333333333
292.093333333333
296.123333333333
296.026666666667
295.526666666667
294.533333333333
299.346666666667
294.616666666667
288.276666666667
286.953333333333
284.58
280.246666666667
281.766666666667
278.696666666667
275.42
287.86
328.953333333333
305.143333333333
278.616666666667
271.503333333333
274.883333333333
280.793333333333
275.156666666667
267.18
273.923333333333
277.266666666667
275.16
267.323333333333
256.626666666667
255.64
257.073333333333
258.54
260.846666666667
280.56
297.226666666667
314.176666666667
326.336666666667
334.033333333333
336.8
334.72
333.653333333333
310.783333333333
315.696666666667
318.7
318.706666666667
313.2
337.503333333333
337.013333333333
327.9
313.543333333333
323.003333333333
337.576666666667
309.66
306.166666666667
330.553333333333
295.666666666667
290.56
326.69
320.25
324.696666666667
320.513333333333
324.753333333333
325.446666666667
325.976666666667
327.896666666667
331.956666666667
329.953333333333
328.39
324.996666666667
321.96
302.763333333333
295.11
258.063333333333
263.7
254.843333333333
249.206666666667
249.24
248.636666666667
244.636666666667
243.893333333333
253.796666666667
258.076666666667
257.896666666667
251.02
250.92
251.6
252.656666666667
254.006666666667
255.156666666667
256.343333333333
258.036666666667
258.933333333333
262.5
265.736666666667
269.916666666667
269.593333333333
271.64
278.833333333333
280.183333333333
283.47
280.59
277.136666666667
282.186666666667
280.683333333333
278.606666666667
278.183333333333
279.243333333333
300.436666666667
317.5
316.83
294.953333333333
274.566666666667
272.903333333333
268.22
272.443333333333
311.263333333333
299.54
269.4
285.146666666667
284.843333333333
302.036666666667
312.996666666667
290.2
295.7
302.963333333333
301.176666666667
287.44
329.183333333333
332.216666666667
333.856666666667
335.066666666667
335.136666666667
336.61
338.246666666667
339.516666666667
340.74
341.933333333333
342.356666666667
343.06
343.46
343.786666666667
343.66
344.656666666667
345.226666666667
345.806666666667
345.25
345.586666666667
345.743333333333
345.253333333333
344.8
347.073333333333
347.27
347.53
347.223333333333
347.476666666667
346.543333333333
345.36
344.183333333333
344.023333333333
341.276666666667
339.473333333333
338.286666666667
337.186666666667
336.18
335.74
334.903333333333
334.293333333333
331.003333333333
311.613333333333
278.523333333333
257.76
258.06
251.95
248.99
248.533333333333
250.383333333333
253.77
256.9
259.9
262.253333333333
264.89
267.97
270.823333333333
274.976666666667
278.683333333333
281.586666666667
284.33
286.15
286.89
288.25
287.85
287.013333333333
286.376666666667
284.76
283.426666666667
282.346666666667
279.826666666667
278.42
286.84
294.076666666667
290.85
288.503333333333
284.83
285.96
287.35
291.73
291.95
301.39
313.26
317.266666666667
318.613333333333
321.743333333333
324.846666666667
325.53
323.97
326.563333333333
324.6
332.056666666667
337.98
334.406666666667
334.44
341.393333333333
347.3
344.156666666667
350.463333333333
350.59
352.526666666667
357.483333333333
359.786666666667
361.423333333333
362.553333333333
362.653333333333
363.7
365.33
365.843333333333
364.306666666667
359.666666666667
361.176666666667
361.74
359.956666666667
356.163333333333
329.173333333333
306.75
303.536666666667
298.67
309.756666666667
303.546666666667
303.53
298.323333333333
300.42
301.456666666667
298.49
295.77
301.633333333333
319.273333333333
303.5
299.563333333333
294.376666666667
289.07
286.096666666667
285.853333333333
286.626666666667
286.883333333333
279.986666666667
279.19
279.276666666667
279.436666666667
279.133333333333
280.1
284.383333333333
292.366666666667
287.8
291.026666666667
295.453333333333
300.19
304.64
306.24
307.79
309.863333333333
312.94
315.053333333333
317.926666666667
321.143333333333
322.896666666667
324.51
326.38
327.116666666667
326.86
328.28
328.82
327.863333333333
326.396666666667
326.55
327.566666666667
325.496666666667
321.886666666667
320.963333333333
320.196666666667
319.536666666667
327.45
320.333333333333
319.426666666667
324.616666666667
320.963333333333
320.486666666667
315.726666666667
312.04
315.906666666667
313.866666666667
318.956666666667
337.093333333333
341.106666666667
328.37
308.813333333333
314.996666666667
344.37
344.593333333333
352.66
355.493333333333
356.503333333333
356.83
349.126666666667
336.826666666667
345.24
345.706666666667
334.066666666667
336.946666666667
339.77
346.61
348.333333333333
350.646666666667
350.64
352.286666666667
359.116666666667
366.45
376.73
380.036666666667
377.246666666667
362.463333333333
356.623333333333
355.196666666667
375.136666666667
366.22
358.126666666667
350.393333333333
338.383333333333
330.406666666667
326.99
324.576666666667
323.756666666667
322.746666666667
319.173333333333
316.72
315.076666666667
314.196666666667
312.47
309.99
308.956666666667
307.896666666667
319.146666666667
305.57
314.406666666667
322.123333333333
353.413333333333
339.693333333333
318.606666666667
340.563333333333
360.046666666667
368.026666666667
370.37
375
374.193333333333
377.35
363.036666666667
375.63
373.593333333333
371.256666666667
368.52
379.016666666667
375.44
371.54
368.213333333333
362.9
357.3
353.06
348.343333333333
344.126666666667
342.886666666667
345.043333333333
341.73
338.853333333333
339.863333333333
341.723333333333
339.183333333333
334.226666666667
331.496666666667
333.7
333.55
335.63
337.28
335.903333333333
337.52
339.07
335.6
334.393333333333
330.366666666667
330.65
332.106666666667
328.34
322.69
318.353333333333
304.003333333333
291.863333333333
295
296.743333333333
287.12
290.823333333333
296.166666666667
292.366666666667
295.99
293.33
306.363333333333
306.386666666667
315.35
316.67
315.263333333333
317.123333333333
315.746666666667
319.88
316.536666666667
315.9
315.87
318.716666666667
318.26
315.806666666667
320.036666666667
319.793333333333
320.613333333333
311.986666666667
315.343333333333
288.883333333333
284.876666666667
282.376666666667
276.91
278.323333333333
259.786666666667
257.206666666667
262.483333333333
258.65
259.033333333333
263.356666666667
246.88
248.206666666667
244.426666666667
245.066666666667
249.723333333333
259.886666666667
255.923333333333
259.373333333333
275.336666666667
280.556666666667
283.96
279.61
292.94
280.466666666667
288.556666666667
293.466666666667
285.01
313.373333333333
280.586666666667
302.926666666667
323.566666666667
326.63
324.49
330.346666666667
333.226666666667
334.476666666667
335.716666666667
337.41
339.516666666667
341.19
341.586666666667
341.11
340.086666666667
339.633333333333
314.746666666667
318.66
303.346666666667
292.066666666667
291.416666666667
286.036666666667
267.606666666667
272.296666666667
261.826666666667
259.406666666667
258.473333333333
258.723333333333
267.533333333333
308.803333333333
319.386666666667
320.55
291.67
261.52
257.056666666667
255.82
255.106666666667
253.52
251.576666666667
247.776666666667
241.826666666667
243.806666666667
247.933333333333
252.866666666667
258.09
267.123333333333
306.833333333333
329.13
308.22
325.04
330.246666666667
322.35
301.883333333333
323.87
332.84
337.59
331.913333333333
338.036666666667
340.293333333333
333.01
342.24
332.283333333333
307.416666666667
293.183333333333
289.11
296.446666666667
317.976666666667
301.026666666667
281.43
284.466666666667
290.12
288.59
287.18
283.306666666667
282.783333333333
284.156666666667
283.106666666667
281.116666666667
269.733333333333
270.673333333333
266.083333333333
261.026666666667
256.283333333333
258.116666666667
265.413333333333
260.99
261.153333333333
260.16
275.53
285.72
299.88
304.303333333333
304.65
310.22
305.926666666667
297.673333333333
311.83
310.626666666667
318.856666666667
322.773333333333
321.063333333333
322.286666666667
324.36
324.32
328.65
325.363333333333
319.66
317.81
303.866666666667
313.033333333333
327.016666666667
331.816666666667
325.156666666667
323.493333333333
328.733333333333
330.213333333333
329.803333333333
322.526666666667
329.523333333333
328.746666666667
329.606666666667
329.356666666667
326.76
329.06
328.937931034483
325.746666666667
327.863333333333
327.473333333333
326.613333333333
324.806666666667
297.163333333333
289.54
277.683333333333
277.87
279.073333333333
299.6
302.853333333333
299.72
297.47
292.79
284.88
286.023333333333
310.553333333333
334.44
345.423333333333
333.746666666667
333.38
347.416666666667
355.063333333333
348.77
337.35
325.143333333333
332.866666666667
351.03
364.52
367.696666666667
366.693333333333
363.92
338.576666666667
323.283333333333
334.826666666667
361.763333333333
337.45
352.5
357.26
365.573333333333
366.443333333333
366.566666666667
368.053333333333
365.43
359.613333333333
325.526666666667
299.71
295.126666666667
329.94
354.62
358.423333333333
358.43
358.913333333333
358.27
359.556666666667
357.716666666667
356.53
357.02
355.303333333333
355.51
347.686666666667
324.726666666667
314.703333333333
326.366666666667
345.223333333333
366.94
367.826666666667
350.18
364.993333333333
350.77
335.39
364.936666666667
362.106666666667
352.853333333333
349.656666666667
357.893333333333
347.683333333333
334.123333333333
347.773333333333
326.67
338.146666666667
341.98
345.96
338.623333333333
346.86
341.566666666667
337.306666666667
343.336666666667
333.91
344.486666666667
319.086666666667
320.62
325.486666666667
330.81
331.83
334.22
308.853333333333
305.3
305.833333333333
303.746666666667
298.303333333333
317.62
330.836666666667
330.646666666667
332.443333333333
335.506666666667
332.32
301.463333333333
304.753333333333
304.07
306.336666666667
306.826666666667
313.246666666667
328.143333333333
331.716666666667
317.663333333333
322.246666666667
317.7
316.546666666667
319.216666666667
325.306666666667
327.626666666667
322.676666666667
324.123333333333
329.236666666667
322.456666666667
317.426666666667
316.033333333333
313.346666666667
313.093333333333
312.67
311.953333333333
309.656666666667
306.736666666667
304.086666666667
301.913333333333
301.273333333333
300.813333333333
299.483333333333
300.246666666667
297.683333333333
295.38
293.033333333333
289.55
286.153333333333
285.146666666667
283.846666666667
282.126666666667
280.836666666667
280.06
279.2
279.813333333333
292.263333333333
278.686666666667
278.603333333333
279.043333333333
280.736666666667
283.726666666667
283.743333333333
285.53
287.516666666667
287.98
289.763333333333
292.85
297.04
299.25
301.42
302.196666666667
303.63
305.31
306.103333333333
306.78
307.996666666667
308.616666666667
307.136666666667
306.15
306.856666666667
305.756666666667
303.983333333333
302.253333333333
322.423333333333
349.916666666667
326.536666666667
289.406666666667
284
282.373333333333
281.5
279.993333333333
278.863333333333
278.146666666667
277.606666666667
276.773333333333
275.666666666667
275.283333333333
275.33
275.83
275.34
274.8
275.066666666667
277.17
275.166666666667
274.886666666667
275.343333333333
278.576666666667
279.926666666667
282.363333333333
286.47
294.366666666667
310.04
311.28
315.816666666667
321.336666666667
323.336666666667
328.82
331.84
325.426666666667
317.33
319.486666666667
318.43
321.74
321.863333333333
321.943333333333
324.14
322.87
321.26
316.186666666667
315.543333333333
312.74
309.87
307.953333333333
305.95
304.136666666667
301.913333333333
299.58
297.026666666667
294.143333333333
293.966666666667
294.4
293.636666666667
291.543333333333
289.233333333333
285.966666666667
283.12
282.08
281.72
283.213333333333
285.18
285.686666666667
286.43
287.646666666667
290.996666666667
293.786666666667
298.193333333333
302.703333333333
304.273333333333
307.85
312.176666666667
317.176666666667
321.02
319.743333333333
320.11
325.173333333333
329.123333333333
339.266666666667
342.993333333333
339.333333333333
349.94
352.113333333333
347.91
352.98
350.376666666667
358.963333333333
352.436666666667
349.533333333333
348.873333333333
342.38
348.24
348.68
338.046666666667
327.643333333333
341.593333333333
372.516666666667
355.79
329.84
345.656666666667
360.613333333333
344.01
343.026666666667
354.436666666667
334.48
326.686666666667
324.25
315.3
315.546666666667
316.023333333333
323.93
323.993333333333
313.3
308.513333333333
310.14
313.57
316.47
319.66
324.183333333333
327.903333333333
336.243333333333
334.643333333333
358.693333333333
371.363333333333
380.236666666667
385.383333333333
384.633333333333
382.04
383.1
380
377.753333333333
380.096666666667
385.37
387.01
386.446666666667
383.506666666667
380.65
379.99
356.75
313.526666666667
312.34
308.533333333333
306.483333333333
304.693333333333
309.223333333333
337.65
328.186666666667
324.13
333.976666666667
310.62
299.176666666667
297.596666666667
307.14
297.993333333333
297.303333333333
299.156666666667
305.203333333333
330.106666666667
297.623333333333
298.433333333333
321.876666666667
354.32
360.286666666667
356.47
342.84
353.71
345.203333333333
344.76
323.976666666667
331.293333333333
347.666666666667
343.946666666667
352.896666666667
357.513333333333
359.353333333333
378.95
384.673333333333
380.42
379.76
374.473333333333
378.256666666667
377.486666666667
382.666666666667
386.043333333333
364.86
360.333333333333
337.733333333333
327.463333333333
325.793333333333
326.92
320.556666666667
318.716666666667
348.263333333333
372.186666666667
368.226666666667
372.23
362.41
357.076666666667
357.62
351.56
339.446666666667
319.463333333333
323.456666666667
344.94
347
346.946666666667
357.53
364.953333333333
369.066666666667
373.456666666667
368.39
365.376666666667
363.59
362.793333333333
352.183333333333
334.553333333333
301.283333333333
300.706666666667
299.193333333333
298.856666666667
312.32
322.25
307.32
315.56
333.126666666667
354.68
349.46
328.42
345.41
333
328.22
332.04
315.59
316.29
330.91
328.623333333333
337.336666666667
325.993333333333
319.733333333333
325.293333333333
345.756666666667
340.046666666667
344.666666666667
351.403333333333
308.07
287.663333333333
284.923333333333
282.913333333333
280.416666666667
280.403333333333
277.976666666667
276.883333333333
276.146666666667
275.216666666667
274.77
275.51
277.356666666667
282.446666666667
321.203333333333
341.873333333333
346.99
344
318.736666666667
304.296666666667
349.566666666667
351.606666666667
344.436666666667
338.616666666667
359.353333333333
354.266666666667
355.756666666667
359.596666666667
355.77
359.293333333333
358.026666666667
346.656666666667
344.456666666667
353.39
356.5
338.376666666667
353.943333333333
343.356666666667
333.693333333333
341.696666666667
343.76
333.096666666667
325.306666666667
349
324.516666666667
289.746666666667
283.313333333333
281.526666666667
280.35
293.583333333333
277.94
276.393333333333
276.14
275.96
276.796666666667
276.57
280.283333333333
317.776666666667
327.06
304.866666666667
316.556666666667
334.86
333.63
336.076666666667
333.8
350.843333333333
348.873333333333
348.94
346.35
341.686666666667
352.62
351.386666666667
346.57
345.81
320.823333333333
329.956666666667
329.233333333333
289.613333333333
308.03
311.493333333333
351.19
336.433333333333
329.103333333333
328.176666666667
355.366666666667
315.7
330.84
347.173333333333
355.103333333333
345.136666666667
313.78
331.096666666667
354.566666666667
350.013333333333
341.53
344.833333333333
348.15
344.403333333333
341.933333333333
338.953333333333
337.17
333.126666666667
333.803333333333
335.483333333333
338.243333333333
327.103333333333
333.373333333333
314.16
330.383333333333
319.8
328.153333333333
327.116666666667
318.186666666667
320.606666666667
334.473333333333
329.83
325.506666666667
303.603333333333
318.103333333333
328.636666666667
311.36
332.963333333333
337.88
324.73
315.67
330.266666666667
334.11
318.486666666667
332.543333333333
315.103333333333
317.056666666667
302.386666666667
329.246666666667
336.173333333333
315.49
327.62
330.096666666667
300.766666666667
300.126666666667
312.236666666667
315.403333333333
326.466666666667
338.336666666667
342.853333333333
340.983333333333
344.483333333333
345.51
348.15
349.726666666667
349.436666666667
349.833333333333
349.87
350.306666666667
353.073333333333
354.666666666667
353.056666666667
354.506666666667
355.016666666667
359.266666666667
360.543333333333
359.983333333333
358.093333333333
358.53
358.363333333333
359.6
357.896666666667
358.14
363.256666666667
365.446666666667
352.57
356.88
343.573333333333
350.473333333333
351.43
341.803333333333
331.86
359.263333333333
345.523333333333
346.503333333333
337.31
333.12
345.923333333333
336.17
332.876666666667
331.256666666667
323.816666666667
347.346666666667
334.036666666667
330.346666666667
326.596666666667
328.01
329.526666666667
322.476666666667
329.06
343.57
338.153333333333
334.483333333333
335.65
334.586666666667
336.023333333333
332.81
327.5
310.926666666667
320.56
319.343333333333
316.066666666667
308.573333333333
305.253333333333
304.516666666667
317.126666666667
319.153333333333
323.606666666667
334.22
341.92
343.84
342.906666666667
334.96
334.776666666667
342.306666666667
345.893333333333
348.25
346.146666666667
352.51
353.156666666667
354.553333333333
357.636666666667
356.86
347.993333333333
343.813333333333
340.286666666667
333.856666666667
316.223333333333
329.12
330.51
319.926666666667
326.223333333333
301.46
290.486666666667
289.643333333333
325.72
301.496666666667
348.033333333333
343.936666666667
350.576666666667
348.736666666667
330.72
331.21
327.066666666667
328.793333333333
339.823333333333
326.593333333333
343.02
350.916666666667
348.623333333333
342.826666666667
348.57
365.093333333333
366.266666666667
362.696666666667
367.086666666667
352.843333333333
352.913333333333
360.916666666667
367.34
367.726666666667
363.133333333333
363.02
369.043333333333
363.786666666667
363.623333333333
356.363333333333
361.803333333333
358.263333333333
354.96
353.086666666667
349.24
331.146666666667
341.096666666667
349.996666666667
311.693333333333
298.486666666667
304.433333333333
320.973333333333
334.133333333333
342.563333333333
338.723333333333
343.926666666667
348.02
348.29
347.433333333333
346.346666666667
339.96
343.906666666667
332.863333333333
326.44
346.546666666667
342.176666666667
344.953333333333
349.986666666667
344.103333333333
350.75
350.78
350.133333333333
357.986666666667
361.543333333333
362.026666666667
365.166666666667
363.173333333333
363.756666666667
364.48
364.846666666667
368.13
370.793333333333
369
368.013333333333
366.563333333333
366.19
366.776666666667
365.126666666667
367.616666666667
370.263333333333
370.913333333333
371.05
369.88
368.746666666667
366.27
365.13
362.726666666667
360.29
358.976666666667
355.483333333333
356.43
355.063333333333
352.576666666667
351.483333333333
351.023333333333
351.276666666667
350.893333333333
350.606666666667
350.28
349
348.14
348.056666666667
347.97
348.77
350.78
351.566666666667
350.273333333333
352.15
353.503333333333
354.213333333333
352.953333333333
351.963333333333
352.33
352.826666666667
352.776666666667
352.35
352.303333333333
353.493333333333
353.573333333333
353.56
355.286666666667
353.513333333333
351.756666666667
353.756666666667
352.313333333333
354.51
353.663333333333
356
356.603333333333
353.196666666667
351.806666666667
354.283333333333
354.19
352.496666666667
354.62
351.656666666667
352.063333333333
352.566666666667
354.856666666667
356.14
354.3
352.796666666667
351.816666666667
351.883333333333
350.173333333333
349.013333333333
347.436666666667
346.726666666667
345.823333333333
346.856666666667
347.466666666667
347.986666666667
347.31
344.593333333333
344.626666666667
347.07
343.316666666667
334.696666666667
333.39
330.766666666667
339.473333333333
343.99
348.4
349.19
350.22
350.286666666667
350.016666666667
348.886666666667
348.69
353.023333333333
353.76
356.833333333333
345.926666666667
314.2
302.64
295.716666666667
295.56
296.476666666667
295.45
295.593333333333
295.84
293.88
291.763333333333
290.51
290.263333333333
290.88
290.426666666667
290.56
290.636666666667
288.15
286.873333333333
286.596666666667
285.393333333333
284.73
283.623333333333
282.52
281.476666666667
279.816666666667
279.39
278.26
277.496666666667
277.893333333333
278.456666666667
278.9
281.32
283.993333333333
286.606666666667
290.513333333333
294.013333333333
297.926666666667
296.873333333333
296.16
295.556666666667
299.226666666667
301.786666666667
303.073333333333
307.373333333333
313.983333333333
316.796666666667
322.223333333333
320.686666666667
325.523333333333
323.593333333333
323.893333333333
322.306666666667
322.7
324.62
324.556666666667
322.453333333333
340.733333333333
332.183333333333
321.066666666667
312.68
315.38
315.58
300.99
296.15
294.206666666667
326.26
357.586666666667
355.43
355.713333333333
355.53
360.533333333333
361.096666666667
361.133333333333
361.843333333333
360.87
359.403333333333
359.516666666667
361.786666666667
361.59
360.27
360.2
359.596666666667
357.1
354.193333333333
355.67
354.596666666667
354.446666666667
352.22
351.373333333333
356.69
355.326666666667
356.68
356.733333333333
355.39
348.083333333333
359.41
359.446666666667
358.88
356.216666666667
360.423333333333
362.78
362.106666666667
358.443333333333
354.006666666667
355.076666666667
352.966666666667
342.983333333333
299.996666666667
290.863333333333
327.09
322.66
292.97
281.666666666667
279.456666666667
278.086666666667
276.64
275.423333333333
276.483333333333
276.443333333333
276.45
276.466666666667
275.096666666667
276.29
280.133333333333
278.133333333333
280.873333333333
284.47
307.11
320.43
310.28
307.973333333333
321.71
346.11
336.613333333333
332.843333333333
333.796666666667
338.636666666667
337.556666666667
343.956666666667
355.696666666667
365.313333333333
362.006666666667
367.196666666667
362.866666666667
361.106666666667
368.23
367.246666666667
365.94
356.026666666667
354.646666666667
361.01
366.843333333333
363.846666666667
359.213333333333
357.526666666667
359.98
358.303333333333
357.353333333333
358.16
356.803333333333
357.37
357.156666666667
355.4
355.466666666667
355.59
355.913333333333
353.84
352.47
352.896666666667
352.47
351.23
349.363333333333
345.88
348.63
349.94
349.513333333333
347.423333333333
339.36
336.17
334.223333333333
336.386666666667
338.57
341.033333333333
339.996666666667
339.743333333333
343.756666666667
338.973333333333
339.023333333333
340.796666666667
342.286666666667
342.623333333333
341.513333333333
343.663333333333
345.656666666667
338.21
335.03
334.273333333333
334.27
323.55
322.103333333333
325.49
333.423333333333
312.103333333333
301.52
322.363333333333
325.833333333333
329.986666666667
329.37
331.926666666667
333.663333333333
330.89
335.89
339.353333333333
339.386666666667
339.153333333333
339.213333333333
336.64
333.96
334.623333333333
335.446666666667
333.403333333333
334.876666666667
333.17
326.893333333333
330.123333333333
332.636666666667
332.216666666667
331.48
330.11
331.973333333333
331.666666666667
334.18
330.81
328.856666666667
329.926666666667
328.036666666667
317.076666666667
314.12
295.03
327.57
314.63
318.916666666667
309.746666666667
271.31
317.42
308.1
287.59
258.22
270.046666666667
284.893333333333
321.996666666667
329.286666666667
313.253333333333
305.293333333333
269.753333333333
290.003333333333
290.793333333333
281.833333333333
259.543333333333
244.596666666667
247.22
241.82
241.716666666667
246.566666666667
256.85
274.696666666667
250.046666666667
306.85
310.713333333333
309.62
308.583333333333
309.24
275.41
251.83
257.48
273.83
284.05
283.48
282.433333333333
302.903333333333
312.236666666667
305.673333333333
322.356666666667
314.046666666667
309.943333333333
297.3
293.813333333333
305.26
313.333333333333
303.836666666667
308.12
277.13
270.98
270.93
268.56
265.08
263.733333333333
262.07
261.36
262.676666666667
259.38
259.256666666667
260.24
257.316666666667
256.656666666667
255.223333333333
254.373333333333
253.436666666667
253.646666666667
253.966666666667
253.073333333333
251.176666666667
251.106666666667
250.953333333333
250.373333333333
252.743333333333
255.866666666667
255.64
258.876666666667
261.26
262.476666666667
277.966666666667
272.41
281.16
275.153333333333
273.946666666667
281.516666666667
289.29
311.81
328.063333333333
314.47
309.143333333333
308.156666666667
295.45
306.366666666667
331.86
341.2
313.856666666667
334.69
354.78
345.996666666667
350.463333333333
329.423333333333
330.26
337.493333333333
335.33
330.08
326.326666666667
331.3
331.913333333333
333.313333333333
334.603333333333
342.73
342.763333333333
341.04
343.386666666667
343.836666666667
343.856666666667
343.226666666667
343.486666666667
344.76
346.196666666667
345.77
343.496666666667
344.703333333333
347.083333333333
348.32
347.363333333333
348.17
349.593333333333
350.093333333333
349.676666666667
349.76
349.076666666667
348.516666666667
348.81
348.186666666667
349.39
351.25
352.103333333333
352.666666666667
352.93
354.76
355.283333333333
355.423333333333
355.173333333333
350.57
345.663333333333
337.666666666667
322.053333333333
319.663333333333
326.143333333333
329.853333333333
324.53
327.83
327.553333333333
319.946666666667
320.966666666667
320.84
334.41
335.743333333333
327.276666666667
328.14
330.496666666667
331.943333333333
329.563333333333
328.6
327.606666666667
330.44
331.156666666667
330.28
328.936666666667
327.226666666667
329.543333333333
330.173333333333
329.156666666667
328.406666666667
326.806666666667
316.74
323.606666666667
316.423333333333
308.153333333333
295.733333333333
294.486666666667
298.726666666667
294.723333333333
302.33
306.466666666667
299.76
301.246666666667
301.623333333333
303.036666666667
308.57
311.813333333333
309.933333333333
309.593333333333
310.536666666667
314.313333333333
306.503333333333
303.14
300.566666666667
298.583333333333
298.506666666667
297.493333333333
294.91
294.18
297.29
289.993333333333
291.543333333333
292.783333333333
290.663333333333
289.943333333333
289.103333333333
287.393333333333
285.3
282.996666666667
280.62
279.336666666667
279.013333333333
277.83
277.073333333333
278.283333333333
281.423333333333
283.42
285.6
287.606666666667
288.893333333333
291.046666666667
294.453333333333
297.55
303.966666666667
309.823333333333
314.07
313.26
314.496666666667
316.713333333333
318.823333333333
321.016666666667
325.716666666667
346.426666666667
354.2
338.053333333333
328.073333333333
327.63
331.633333333333
346.333333333333
372.31
370.063333333333
377.463333333333
375.776666666667
371.893333333333
368.453333333333
363.363333333333
361.91
364.346666666667
362.303333333333
359.516666666667
358.543333333333
358.23
359.696666666667
361.633333333333
357.896666666667
353.69
356.48
356.18
353.716666666667
353.606666666667
357.023333333333
363.48
360.79
353.92
352.226666666667
349.643333333333
345.253333333333
344.96
348.733333333333
349.246666666667
351.633333333333
346.886666666667
345.01
347.94
349.023333333333
353.16
353.733333333333
350.973333333333
352.14
350.85
351.586666666667
350.873333333333
351.736666666667
350.933333333333
351.596666666667
355.076666666667
355.156666666667
356.38
356.833333333333
355.536666666667
351.533333333333
352.923333333333
351.22
352.476666666667
354.12
355.706666666667
354.41
354.083333333333
349.326666666667
349.86
348.926666666667
346.133333333333
343.96
342.583333333333
342.626666666667
338.12
342.7
341.42
340.236666666667
311.073333333333
290.75
285.276666666667
292.903333333333
320.586666666667
338.85
312.516666666667
308.193333333333
331.016666666667
340.096666666667
350.59
352.24
352.873333333333
353.22
354.166666666667
355.28
355.48
356.043333333333
355.876666666667
355.57
355.423333333333
354.71
354.01
356.156666666667
352.05
324.13
304.023333333333
301.49
323.336666666667
333.736666666667
324.016666666667
320.98
308.136666666667
308.836666666667
311.63
318.56
319.853333333333
330.273333333333
350.26
347.63
338.196666666667
348.006666666667
350.75
355.256666666667
364.13
364.5
366.323333333333
366.25
367.37
368.07
368.83
369.926666666667
370.083333333333
371.74
367.886666666667
360.746666666667
359.256666666667
361.23
360.35
366.743333333333
363.943333333333
364.866666666667
368.973333333333
369.703333333333
375.66
373.806666666667
372.77
371.31
361.903333333333
352.293333333333
350.993333333333
335.203333333333
326.893333333333
347.64
358.533333333333
340.563333333333
323.74
351.24
376.103333333333
372.556666666667
357.843333333333
353.41
339.073333333333
335.21
355.28
366.61
366.373333333333
365.851724137931
364.116666666667
363.646666666667
365.373333333333
362.746666666667
361.05
360.783333333333
361.436666666667
359.42
360.183333333333
357.883333333333
358.296666666667
357.643333333333
357.406666666667
357.063333333333
356.773333333333
356.803333333333
356.3
357
357.55
359.32
359.8
360.41
360.97
360.106666666667
360.756666666667
360.836666666667
361.333333333333
362.18
362.16
361.386666666667
355.93
332.316666666667
312.426666666667
326.22
357.603333333333
368.18
366.486666666667
364.736666666667
363.12
359.48
358.463333333333
357.77
347.503333333333
290.763333333333
278.843333333333
278.35
295.15
338.616666666667
325.863333333333
315.333333333333
286.066666666667
272.053333333333
276.89
334.716666666667
323.54
302.536666666667
325.816666666667
329.51
318.396666666667
323.65
328.166666666667
316.366666666667
289.256666666667
304.826666666667
299.953333333333
294.53
279.206666666667
279.773333333333
281.306666666667
285.576666666667
291.343333333333
292.983333333333
297.596666666667
298.176666666667
295.303333333333
293.996666666667
291.576666666667
295.82
297.543333333333
302.81
303.99
297.82
297.136666666667
298.556666666667
303.32
297.863333333333
294.2
287.31
283.833333333333
285.586666666667
286.326666666667
281.473333333333
275.786666666667
270.336666666667
267.076666666667
264.733333333333
263.406666666667
263.11
262.573333333333
263.813333333333
263.92
262.21
261.646666666667
260.963333333333
261.063333333333
264.246666666667
267.11
290.223333333333
319.733333333333
329.32
307.263333333333
330.746666666667
340.816666666667
342.973333333333
343.666666666667
340.086666666667
316.306666666667
322.06
328.933333333333
321.473333333333
318.626666666667
313.63
308.926666666667
311.313333333333
306.376666666667
304.82
304.866666666667
308.78
302.46
296.986666666667
295.683333333333
294.333333333333
293.44
291.593333333333
288.72
285.606666666667
283.356666666667
281.866666666667
280.563333333333
277.766666666667
275.72
273.176666666667
271.13
268.626666666667
267.333333333333
265.456666666667
263.41
262.406666666667
263.903333333333
327.126666666667
303.846666666667
316.143333333333
305.106666666667
306.226666666667
328.193333333333
330.32
338.746666666667
341.476666666667
343.636666666667
335.82
309.53
301.28
291.513333333333
301.226666666667
300.656666666667
299.456666666667
314.786666666667
342.253333333333
330.716666666667
327.403333333333
331.393333333333
324.86
316.82
320.37
338.203333333333
324.3
330.14
343.286666666667
327.13
333.386666666667
319.563333333333
315.62
314.26
314.403333333333
311.37
305.676666666667
302.98
299.553333333333
298.086666666667
298.08
295.12
293.243333333333
292.706666666667
291.67
289.856666666667
287.573333333333
287.23
287.22
287.65
292.46
287.9
288.513333333333
290.836666666667
293.67
300.48
302.916666666667
305.626666666667
307.226666666667
311.926666666667
321.073333333333
327.61
342.583333333333
356.173333333333
354.74
360.666666666667
359.003333333333
345.656666666667
346.356666666667
343.1
338.043333333333
335.243333333333
333.546666666667
336.46
332.803333333333
332.366666666667
331.433333333333
331.806666666667
329.8
329.396666666667
328.886666666667
326.933333333333
325.173333333333
323.52
322.363333333333
322.473333333333
321.32
319.31
317.776666666667
315.846666666667
315.386666666667
316.473333333333
315.82
321.186666666667
332.586666666667
322.526666666667
321.423333333333
319.786666666667
317.863333333333
316.84
313.633333333333
311.07
310.74
311.82
314.27
316.616666666667
319.706666666667
323.213333333333
327.136666666667
330.846666666667
334.97
338.696666666667
346.183333333333
359.216666666667
357.47
353.623333333333
355.15
348.986666666667
350.253333333333
350.323333333333
344.986666666667
343.856666666667
341.52
342.106666666667
342.296666666667
341
340.58
339.043333333333
336.38
334.15
332.653333333333
331.64
331.266666666667
335.21
326.166666666667
324.086666666667
320.62
317.04
315.85
315.18
316.466666666667
318.533333333333
311.653333333333
304.596666666667
302.896666666667
301.256666666667
300.42
299.47
296.45
297.456666666667
301.063333333333
303.93
308.803333333333
312.736666666667
315.136666666667
318.51
322.303333333333
326.583333333333
330.17
334.753333333333
338.86
336.74
340.81
339.663333333333
339.623333333333
339.69
340.566666666667
341.353333333333
347.816666666667
349.073333333333
351.773333333333
350.376666666667
349.376666666667
348.17
345.99
343.27
339.906666666667
337.956666666667
336.13
334.9
334.606666666667
333.91
333.556666666667
327.91
325.51
324.863333333333
323.463333333333
324.37
324.123333333333
324.31
324.38
321.346666666667
317.836666666667
316.286666666667
314.626666666667
312.27
311.063333333333
312.006666666667
313.73
316.3
319.42
322.596666666667
325.6
328.416666666667
329.593333333333
331.903333333333
333.736666666667
335.126666666667
336.833333333333
339.38
341.143333333333
343.376666666667
343.646666666667
345.46
346.62
348.303333333333
350.173333333333
350.853333333333
350.876666666667
350.256666666667
350.81
350.19
351.87
370.13
362.3
349.726666666667
356.363333333333
341.823333333333
336.47
332.7
343.663333333333
343.526666666667
327.53
323.176666666667
322.113333333333
321.176666666667
314.433333333333
312.626666666667
317.533333333333
324.973333333333
315.596666666667
311.863333333333
307.61
307.63
320.836666666667
360.416666666667
361.156666666667
340.383333333333
354.93
359.116666666667
364.37
364.84
364.89
365.073333333333
366.666666666667
368.33
370.63
372.746666666667
374.62
376.57
376.99
378.353333333333
379.666666666667
380.903333333333
380.573333333333
380.51
380.366666666667
380.806666666667
381.153333333333
380.793333333333
379.966666666667
379.76
379.023333333333
378.236666666667
377.21
377.36
375.516666666667
366.08
364.85
366.733333333333
365.87
366.193333333333
367.79
365.646666666667
362.92
361.403333333333
360.14
358.866666666667
358.933333333333
357.706666666667
356.15
351.803333333333
353.233333333333
354.033333333333
353.666666666667
350.216666666667
348.086666666667
353.636666666667
351.563333333333
353.326666666667
345.72
348.146666666667
355.593333333333
365.283333333333
367.01
367.446666666667
367.596666666667
366.663333333333
366.81
363.75
360.933333333333
358.823333333333
332.943333333333
344.12
336.516666666667
356.936666666667
344.303333333333
316.16
313.676666666667
340.206666666667
334.41
308.46
303.24
300.263333333333
299.013333333333
297.17
298.646666666667
298.76
333.13
347.916666666667
343.706666666667
335.506666666667
338.13
335.836666666667
316.24
313.28
316.656666666667
286.333333333333
282.89
283.076666666667
283.623333333333
289.586666666667
308.523333333333
311.31
307.556666666667
348.67
316.106666666667
305.133333333333
307.713333333333
310.926666666667
314.38
320.06
323.48
350.39
364.006666666667
363.24
368.57
338.17
339.67
344.113333333333
352.69
339.21
353.3
378.393333333333
382.016666666667
372.32
377.983333333333
373.43
383.186666666667
375.626666666667
379.14
375.343333333333
378.346666666667
370.516666666667
371.276666666667
376.273333333333
378.84
379.37
376.853333333333
377.896666666667
377.343333333333
371.266666666667
359.486666666667
337.65
357.393333333333
361.683333333333
350.293333333333
347.81
330.2
356.613333333333
363.406666666667
361.806666666667
367.203333333333
360.46
385.096666666667
387.943333333333
389.723333333333
396.47
396.676666666667
387.543333333333
398.736666666667
400.04
400.21
400.02
399.893333333333
400.28
398.886666666667
400.303333333333
400.233333333333
398.81
376.9
363.263333333333
382.98
377.783333333333
383.04
382.306666666667
368.16
389.136666666667
395.083333333333
391.906666666667
394.163333333333
402.816666666667
401.24
398.85
372.233333333333
356.846666666667
393.666666666667
395.193333333333
395.25
395.92
373.91
376.903333333333
379.823333333333
377.563333333333
385.01
382.876666666667
384.65
386.493333333333
387.82
388.37
387.533333333333
380.226666666667
378.533333333333
377.696666666667
382.72
387.033333333333
378.14
371.253333333333
391.02
375.51
380.543333333333
406.013333333333
404.583333333333
401.176666666667
393.346666666667
385.17
384.206666666667
380.8
377.813333333333
373.866666666667
368.613333333333
364.556666666667
364.653333333333
361.6
355.156666666667
341.726666666667
334.163333333333
327.663333333333
315.48
292.243333333333
289.94
290.39
294.3
304.4
320.303333333333
338.36
357.84
335.27
331.406666666667
318.67
287.606666666667
294.286666666667
285.296666666667
292.39
286.47
295.573333333333
326.96
353.66
358.383333333333
357.986666666667
339.676666666667
323.923333333333
301.636666666667
300.87
302.263333333333
305.396666666667
314.526666666667
320.926666666667
329.266666666667
337.483333333333
341.736666666667
347.873333333333
339.886666666667
339.363333333333
348.813333333333
349.436666666667
342.02
348.69
322.34
313.046666666667
313.95
316.616666666667
329.266666666667
317.673333333333
321.166666666667
302.823333333333
295.766666666667
295.406666666667
294.663333333333
294.433333333333
294.343333333333
294.84
294.046666666667
293.743333333333
294.55
296.176666666667
296.83
290.826666666667
289.003333333333
297.41
329.826666666667
338.483333333333
355.583333333333
354.483333333333
357.87
346.106666666667
351.293333333333
353.533333333333
344.02
337.593333333333
354.676666666667
362.03
379.523333333333
379.3
379.52
370.366666666667
330.62
348.586666666667
338.656666666667
343.37
338.366666666667
336.26
343.646666666667
352.583333333333
341.346666666667
345.9
347.133333333333
336.306666666667
342.5
331.933333333333
305.916666666667
300.706666666667
299.133333333333
298.46
299.973333333333
303.17
296.743333333333
298.51
299.29
323.33
302.936666666667
294.663333333333
295.273333333333
299.016666666667
299.256666666667
313.54
311.7
330.633333333333
339.47
341.53
344.836666666667
348.393333333333
352.6
352.75
353.82
346.213333333333
345.226666666667
348.546666666667
351.846666666667
342.453333333333
349.78
330.943333333333
336.123333333333
331.373333333333
326.093333333333
324.676666666667
329.64
348.99
371.21
379.723333333333
375.576666666667
358.923333333333
352.706666666667
355.136666666667
356.986666666667
360.013333333333
366.253333333333
365.3
343.686666666667
337.973333333333
346.176666666667
345.113333333333
339.98
323.3
344.393333333333
347.823333333333
341.096666666667
336.523333333333
318.96
325.813333333333
350.156666666667
333.57
327.683333333333
314.89
311.793333333333
309.116666666667
310.796666666667
306.96
307.81
312.59
316.553333333333
324.326666666667
331.696666666667
327.82
333.893333333333
357.336666666667
370.78
378.156666666667
357.816666666667
365.236666666667
382.886666666667
393.063333333333
386.866666666667
385.003333333333
390.71
402.56
403.306666666667
400.863333333333
378.533333333333
365.143333333333
368.73
371.796666666667
385.926666666667
379.7
375.683333333333
371.69
371.19
374.25
380.73
382.353333333333
388.553333333333
397.373333333333
390.676666666667
394.656666666667
395.17
386.726666666667
375.87
374.61
373.656666666667
366.876666666667
383.176666666667
372.206666666667
372.166666666667
352.53
350.92
356.663333333333
354.26
349.153333333333
350.026666666667
352.25
356.513333333333
359.213333333333
361.646666666667
366.47
370.5
372.81
376.006666666667
377.703333333333
379.973333333333
384.47
389.746666666667
390.78
391.97
396.206666666667
401.176666666667
403.25
405.03
404.773333333333
403.706666666667
404.213333333333
403.236666666667
403.253333333333
400.57
397.356666666667
393.83
393.573333333333
391.833333333333
388.016666666667
383.886666666667
383.573333333333
382.1
382.86
380.883333333333
377.213333333333
374.23
374.773333333333
377.526666666667
389.37
412.39
409.95
398.506666666667
400.863333333333
387.026666666667
382.053333333333
382.613333333333
385.696666666667
393.186666666667
398.616666666667
394.07
390.313333333333
386.206666666667
385.11
387.146666666667
395.61
392.296666666667
387.973333333333
393.196666666667
399.19
403.313333333333
409.266666666667
412.946666666667
414.693333333333
418.113333333333
415.756666666667
410.256666666667
407.573333333333
404.77
395.66
392.023333333333
392.853333333333
392.623333333333
392.623333333333
391.09
388.716666666667
387.726666666667
388.44
390.11
391.94
392.823333333333
393.233333333333
387.116666666667
392.25
399.91
402.26
405.73
403.24
393.393333333333
378.243333333333
376.353333333333
381.986666666667
386.963333333333
381.293333333333
376.073333333333
390.686666666667
395.06
393.533333333333
395.203333333333
404.473333333333
408.84
405.763333333333
403.06
407.706666666667
399.8
394.436666666667
399.073333333333
397.403333333333
391.853333333333
372.63
359.446666666667
356.863333333333
355.243333333333
352.25
353.36
355.246666666667
355.416666666667
355.273333333333
356.276666666667
357.79
371.553333333333
359.776666666667
382.256666666667
390.953333333333
391.38
395.053333333333
405.946666666667
399.66
385.993333333333
386.61
384.016666666667
381.616666666667
369.23
354.046666666667
336.256666666667
333.616666666667
332.676666666667
357.67
373.173333333333
378.983333333333
373.403333333333
350.02
352.44
376.2
374.913333333333
385.07
383.686666666667
372.223333333333
372.43
373.786666666667
382.18
386.026666666667
375.736666666667
365.383333333333
381.44
378.976666666667
347.28
360.03
382.463333333333
368.07
382.476666666667
384.03
383.776666666667
381.476666666667
372.9
384.583333333333
378.526666666667
376.3
372.066666666667
378.626666666667
378.876666666667
368.313333333333
376.24
376.903333333333
340.04
331.42
316.786666666667
324.673333333333
328.14
352.29
363.586666666667
357.496666666667
354.583333333333
338.546666666667
328.353333333333
349.193333333333
369.67
372.27
373.783333333333
378.54
377.746666666667
378.97
375.28
378.643333333333
364.86
383.963333333333
386.896666666667
384.176666666667
378.85
386.376666666667
384.126666666667
380.63
353.56
374.723333333333
377.553333333333
391.35
385.86
385.043333333333
387.893333333333
386.803333333333
386.84
388.496666666667
388.456666666667
388.296666666667
387.346666666667
386.996666666667
386.063333333333
377.71
381.976666666667
378.873333333333
375.823333333333
378.243333333333
343.596666666667
365.853333333333
377.71
379.473333333333
383.59
379.833333333333
374.386666666667
373.71
371.716666666667
370.493333333333
365.726666666667
361.546666666667
359.3
363.03
365.656666666667
364.22
359.09
332.226666666667
318.023333333333
317.976666666667
332.966666666667
365.116666666667
364.233333333333
361.373333333333
357.713333333333
363.873333333333
367.523333333333
368.926666666667
370.683333333333
370.573333333333
366.14
368.923333333333
369.126666666667
362.51
361.93
338.633333333333
350.44
364.043333333333
357.666666666667
323.22
320.006666666667
314.81
321.076666666667
326.29
360.66
317.466666666667
344.983333333333
304.08
309.656666666667
303.906666666667
308.246666666667
341.066666666667
346.723333333333
363.136666666667
361.6
364.743333333333
366.416666666667
366.03
368.316666666667
367.206666666667
364.636666666667
370.123333333333
367.056666666667
366.396666666667
349.56
353.886666666667
339.73
347.12
354.77
351.943333333333
345.286666666667
364.91
352.213333333333
356.126666666667
363.753333333333
359.59
359.033333333333
361.36
363.676666666667
364.263333333333
363.066666666667
365.406666666667
361.513333333333
359.413333333333
360.203333333333
363.193333333333
360.553333333333
363.316666666667
364.906666666667
363.996666666667
364.556666666667
364.74
365.06
371.15
370.85
367.796666666667
361.92
364.526666666667
367.11
358.633333333333
360.673333333333
362.286666666667
350.94
344.013333333333
349.56
355.073333333333
350.836666666667
360.08
358.24
352.616666666667
345.04
345.793333333333
345.203333333333
352.016666666667
359.103333333333
359.123333333333
348.566666666667
347.203333333333
349.893333333333
351.426666666667
354.313333333333
352.473333333333
353.32
353.466666666667
350.256666666667
342.48
340.19
353.326666666667
351.533333333333
326.43
350.97
354.536666666667
355.813333333333
352.03
349.056666666667
334.043333333333
332.403333333333
321.01
321.99
317.536666666667
309.406666666667
314.73
318.7
331.226666666667
328.403333333333
324.403333333333
300.683333333333
298.943333333333
279.956666666667
276.946666666667
275.116666666667
274.06
272.82
271.446666666667
270.053333333333
269.293333333333
268.89
270.416666666667
280.043333333333
303.02
340.996666666667
326.02
306.973333333333
290.67
288.106666666667
310.126666666667
340.463333333333
316.91
340.19
322.086666666667
352.206666666667
349.25
350.006666666667
353.16
349.186666666667
343.7
337.296666666667
348.143333333333
346.026666666667
354.513333333333
348.706666666667
363.18
356.906666666667
353.61
350.183333333333
353.013333333333
355.176666666667
357.956666666667
361.946666666667
354.11
310.103333333333
314.026666666667
329.29
341.833333333333
343.17
344.176666666667
339.983333333333
349.686666666667
355.056666666667
360.57
362.606666666667
361.176666666667
359.406666666667
357.593333333333
356.613333333333
357.46
357.68
353.58
356.05
352.923333333333
357.663333333333
352.776666666667
352.673333333333
355.613333333333
334.353333333333
353.756666666667
325.346666666667
358.016666666667
345.633333333333
336.383333333333
333.786666666667
352.823333333333
346.946666666667
355.446666666667
340.06
344.38
338.093333333333
330.186666666667
334.96
360.016666666667
351.45
345.586666666667
359.676666666667
350.466666666667
355.653333333333
352.91
334.93
332.623333333333
311.55
317.126666666667
314.79
288.143333333333
290.65
310.213333333333
323.396666666667
327.066666666667
329.5
336.443333333333
339.313333333333
348.036666666667
354.476666666667
359.233333333333
356.71
357.21
358.036666666667
358.76
360.953333333333
362.436666666667
362.193333333333
358.66
363.216666666667
361.96
362.766666666667
365.19
368.236666666667
365.84
362.753333333333
368.836666666667
367.913333333333
369.81
374.593333333333
370.62
372.443333333333
369.956666666667
371.576666666667
368.06
367.533333333333
362.17
355.4
357.87
359.003333333333
369.5
365.753333333333
367.426666666667
366.883333333333
366.533333333333
363.003333333333
376.133333333333
370.96
374.873333333333
373.363333333333
372.56
372.87
374.566666666667
376.466666666667
381.486666666667
382.236666666667
382.27
380.913333333333
380.983333333333
380.336666666667
382.343333333333
382.033333333333
382.326666666667
379.203333333333
380.326666666667
379.086666666667
378.933333333333
378.336666666667
380.04
380.236666666667
378.33
377.593333333333
377.283333333333
377.046666666667
371.016666666667
372.763333333333
374.026666666667
373.776666666667
362.976666666667
367.866666666667
352.563333333333
352.283333333333
351.643333333333
345.296666666667
348.446666666667
333.46
332.103333333333
327.203333333333
314.773333333333
307.873333333333
312.87
323.173333333333
348.38
302.093333333333
294.203333333333
306.096666666667
334.833333333333
347.063333333333
331.656666666667
314.006666666667
287.013333333333
285.47
284.47
286.66
285.876666666667
282.39
280.886666666667
280.093333333333
280.463333333333
283.58
287.593333333333
283.69
285
287.9
291.233333333333
303.596666666667
315.19
356.086666666667
362.206666666667
363.11
364.21
358.69
358.036666666667
354.646666666667
366.396666666667
369.773333333333
374.54
373.6
377.82
373.003333333333
363.373333333333
366.33
377.523333333333
361.34
380.67
369.9
344.05
340.77
336.383333333333
338.99
334.183333333333
330.523333333333
330.33
327.51
326.32
324.536666666667
322.313333333333
320.003333333333
317.586666666667
317.351724137931
317.56
317.14
317.193333333333
316.753333333333
316.036666666667
314.163333333333
310.66
307.296666666667
307.696666666667
308.76
312.376666666667
331.616666666667
370.216666666667
360.963333333333
343.373333333333
326.88
333.396666666667
346.383333333333
334.08
332.466666666667
334.69
337.71
339.88
359.623333333333
360.973333333333
355.553333333333
352.073333333333
350.023333333333
353.963333333333
358.323333333333
360.466666666667
358.933333333333
356.55
360.206666666667
373.66
386.68
382.366666666667
361.48
326.206666666667
326.1
315.593333333333
312.523333333333
308.316666666667
310.986666666667
319.816666666667
305.613333333333
309.816666666667
323.856666666667
307.116666666667
327.84
309.893333333333
304.776666666667
299.78
301.686666666667
301.6
309.976666666667
313.39
299.176666666667
323.256666666667
321.076666666667
305.813333333333
307.803333333333
310.09
316.89
310.493333333333
314.36
316.16
318.12
320.34
325.36
332.783333333333
339.676666666667
338.506666666667
340.82
342.163333333333
337.813333333333
340.913333333333
338.07
344.563333333333
340.476666666667
348.9
364.73
365.85
360.196666666667
374.62
375.1
377.446666666667
377.603333333333
370.17
376.926666666667
379.08
381.34
380.776666666667
383.303333333333
386.926666666667
384.816666666667
384.513333333333
388.87
382.753333333333
382.43
383.703333333333
384.63
381.703333333333
386
395.87
393.89
390.996666666667
390.09
390.8
395.086666666667
393.236666666667
384.623333333333
388.596666666667
385.196666666667
382.526666666667
387.693333333333
389.956666666667
388.353333333333
388.983333333333
389.956666666667
388.536666666667
387.34
390.55
389.21
391.08
390.483333333333
391.53
391.016666666667
389.996666666667
393.2
389.563333333333
389.413333333333
383.48
379.733333333333
374.05
383.906666666667
364.426666666667
377.073333333333
330.676666666667
320.133333333333
330.44
363.05
327.3
322.07
371.57
372.52
365.466666666667
323.49
360.94
369.93
323.753333333333
329.3
332.503333333333
352.536666666667
347.18
361.12
374.153333333333
376.876666666667
376.336666666667
377.05
379.29
382.096666666667
382.263333333333
384.266666666667
382.02
352.79
365.213333333333
376.343333333333
372.463333333333
360.576666666667
372.203333333333
367.54
357.016666666667
355.686666666667
349.08
344.95
346.516666666667
341.406666666667
365.153333333333
375.046666666667
374.39
387.37
389.523333333333
358.153333333333
339
336.56
332.02
365.673333333333
387.85
388.96
389.26
388.686666666667
386.92
377.26
375.253333333333
373.723333333333
375.293333333333
379.41
377.02
371.62
340.82
379.6
377.936666666667
381.296666666667
380.326666666667
382.393333333333
380.236666666667
383.303333333333
379.033333333333
369.793333333333
375.126666666667
375.593333333333
374.08
383.04
376.24
379.916666666667
362.656666666667
364.453333333333
376.91
366.02
388.066666666667
377.313333333333
351.87
346.26
345.16
356.866666666667
353.403333333333
343.716666666667
343.506666666667
340.71
337.643333333333
336.67
335.693333333333
336.43
337.54
334.713333333333
333.48
332.36
331.983333333333
332.033333333333
330.316666666667
329.903333333333
328.14
328.023333333333
331.833333333333
328.696666666667
324.89
320.39
319.423333333333
320.403333333333
323.933333333333
326.963333333333
328.466666666667
330.296666666667
331.896666666667
333.36
335.616666666667
338.056666666667
342.09
350.306666666667
358.57
356.74
360.77
365.096666666667
371.563333333333
370.113333333333
375.153333333333
381.803333333333
370.343333333333
374.636666666667
368.953333333333
373.213333333333
359.343333333333
357.753333333333
356.37
354.98
353.49
351.874074074074
351.766666666667
353.096666666667
347.293333333333
346.37
344.116666666667
341.3
340.84
341.25
338.206666666667
335.426666666667
333.01
331.666666666667
328.736666666667
327.476666666667
325.766666666667
323.803333333333
321.56
321.55
321.493333333333
322.44
325.003333333333
326.64
330.72
333.19
331.13
332.176666666667
339.013333333333
340.53
344.6
345.726666666667
352.61
352.786666666667
355.503333333333
356.07
354.976666666667
350.86
349.476666666667
346.54
342.163333333333
340.296666666667
338.443333333333
337.363333333333
340.1
342.64
345.04
344.486666666667
342.066666666667
337.546666666667
337.17
338.66
337.613333333333
337.553333333333
336.286666666667
334.96
334.246666666667
331.32
324.636666666667
324.97
323.74
323.753333333333
325.97
323.743333333333
323.013333333333
321.363333333333
318.34
314.77
314.763333333333
316.986666666667
320.23
320.556666666667
324.543333333333
328.76
331.056666666667
333.253333333333
332.51
335.443333333333
340.05
343.5
345.346666666667
351.493333333333
353.2
355.126666666667
353.683333333333
354.733333333333
357.133333333333
355.18
352.073333333333
353.193333333333
356.7
358.096666666667
356.906666666667
356.28
356.236666666667
354.583333333333
352.666666666667
349.633333333333
346.423333333333
345.056666666667
344.42
344.346666666667
343.883333333333
341.906666666667
340.23
338.33
333.613333333333
330.77
331.946666666667
330.933333333333
329.31
326.886666666667
324.46
323.6
322.723333333333
321.863333333333
321.393333333333
321.333333333333
321.3
322.336666666667
322.61
324.316666666667
325.246666666667
329.736666666667
332.126666666667
335.82
340.023333333333
341.926666666667
344.396666666667
349.336666666667
349.653333333333
354.383333333333
354.486666666667
356.676666666667
358.843333333333
359.18
358.766666666667
358.53
357.163333333333
358.423333333333
360.57
360.64
357.636666666667
354.91
352.316666666667
349.466666666667
344.42
341.453333333333
339.526666666667
336.916666666667
335.916666666667
333.67
331.566666666667
328.273333333333
328.16
326.926666666667
324.83
322.61
320.486666666667
315.156666666667
315.77
313.563333333333
311.18
309.223333333333
309.273333333333
309.62
309.61
308.693333333333
313.296666666667
319.81
323.533333333333
327.866666666667
329.836666666667
332.173333333333
334.496666666667
336.826666666667
337.283333333333
349.043333333333
355.893333333333
363.286666666667
388.943333333333
365.226666666667
393.433333333333
394.333333333333
386.78
372.513333333333
359.496666666667
350.556666666667
337.823333333333
330.56
324.92
327.64
334.726666666667
325.513333333333
313.593333333333
308.82
302.353333333333
299.443333333333
322.31
322.91
353.27
370.596666666667
370.176666666667
370.026666666667
367.48
364.43
366.303333333333
366.186666666667
365.676666666667
366.12
365.483333333333
365.72
366.063333333333
365.923333333333
366.386666666667
366.43
366.596666666667
360.196666666667
363.733333333333
368.54
368.846666666667
371.01
371.843333333333
372.21
373.256666666667
373.286666666667
374.29
374.943333333333
375.75
372.683333333333
375.633333333333
376.773333333333
376.64
364.896666666667
364.333333333333
371.193333333333
377.326666666667
348.806666666667
326.876666666667
346.523333333333
354.72
325.256666666667
321.613333333333
303.01
298.71
298.37
298.51
298.136666666667
297.106666666667
297.033333333333
294.576666666667
295.486666666667
303.16
308.813333333333
294.096666666667
293.153333333333
293.25
293.133333333333
292.616666666667
293.066666666667
292.986666666667
293.093333333333
294.15
311.9
358.083333333333
358.826666666667
366.706666666667
360.176666666667
374.023333333333
376.146666666667
357.22
357.236666666667
360.89
343.993333333333
364.563333333333
347.263333333333
349.123333333333
358.31
344.043333333333
328.54
333.05
339.476666666667
326.273333333333
326.833333333333
328.41
358.336666666667
360.78
376.053333333333
356.34
358.146666666667
351.023333333333
356.18
372.423333333333
377.413333333333
377.42
377.333333333333
376.643333333333
375.866666666667
375.17
375.2
377.006666666667
375.913333333333
376.09
376.28
376.01
375.746666666667
376.996666666667
374.726666666667
374.836666666667
374.776666666667
374.543333333333
374.963333333333
375.493333333333
376.003333333333
376.65
377.1
377.67
379.436666666667
380.033333333333
361.356666666667
367.746666666667
380.643333333333
374.846666666667
380.593333333333
367.263333333333
369.316666666667
348.383333333333
347.376666666667
333.743333333333
328.596666666667
326.246666666667
325.516666666667
325.09
324.93
324.543333333333
325.883333333333
323.72
320.663333333333
319.973333333333
321.963333333333
322.886666666667
321.663333333333
317.456666666667
316.133333333333
315.19
313.533333333333
310.893333333333
310.796666666667
310.226666666667
309.516666666667
308.893333333333
307.29
305.386666666667
305.853333333333
306.653333333333
307.423333333333
307.886666666667
307.793333333333
309.33
312.34
312.88
315.1
318.466666666667
321.03
329.123333333333
337.906666666667
340.356666666667
343.206666666667
340.01
340.97
346.773333333333
349.46
350.996666666667
358.806666666667
357.866666666667
354.066666666667
345.39
341.92
340.176666666667
341.586666666667
342.47
340.39
339.81
342.91
346.263333333333
340.18
334.536666666667
332.23
331.3
333.516666666667
329.09
327.143333333333
325.18
337.783333333333
329.66
325.046666666667
332.966666666667
330.446666666667
359.74
335.723333333333
330.78
334.413333333333
336.62
364.89
342.066666666667
338.286666666667
341.646666666667
366.09
352.8
346.913333333333
349.563333333333
373.586666666667
356.956666666667
342.993333333333
343.75
371.666666666667
369.743333333333
366.173333333333
369.16
367.22
369.313333333333
362.916666666667
358.81
363.85
354.97
351.41
349.586666666667
351.186666666667
351.686666666667
351.636666666667
352.3
347.106666666667
349.16
341.5
337.096666666667
336.296666666667
335.48
333.22
330.72
328.696666666667
326.29
324.813333333333
323.776666666667
321.15
319.74
316.793333333333
315.563333333333
313.883333333333
313.49
313.013333333333
312.953333333333
312.846666666667
312.15
315.713333333333
318.696666666667
318.696666666667
