0.217226967
0.217078233
0.216968367
0.2168444
0.216738433
0.216634467
0.216525433
0.2164259
0.216276333
0.216061767
0.2171896
0.2165855
0.215822
0.228082733
0.2378557
0.237176033
0.2367078
0.236264333
0.2358974
0.2352612
0.234260167
0.233893233
0.233365667
0.232040167
0.230361
0.228489833
0.226149467
0.224288133
0.223001033
0.2221566
0.221896733
0.2218097
0.221466767
0.221744567
0.222969333
0.223912167
0.225011
0.2257977
0.226704367
0.2281561
0.2289658
0.229476267
0.229686333
0.230056267
0.230494633
0.2312502
0.2315678
0.231905667
0.232220167
0.2327525
0.232829567
0.233348867
0.224516167
0.211798133
0.211769767
0.2113381
0.211271233
0.211128167
0.210952733
0.210785467
0.2147235
0.231935667
0.230273667
0.2292394
0.227575133
0.2255027
0.224820533
0.224312567
0.222717533
0.221668667
0.2222759
0.223353933
0.223921233
0.2252261
0.2258575
0.225143433
0.224277667
0.223639033
0.2237205
0.223686467
0.222380133
0.2204909
0.2209769
0.221721033
0.222257667
0.223248033
0.2251335
0.2256033
0.227021467
0.226350633
0.228479267
0.228762833
0.228805767
0.228994633
0.228703533
0.2291046
0.2282951
0.228967833
0.228464733
0.208253467
0.2078588
0.208444933
0.208008533
0.207616233
0.207474933
0.207000067
0.2066752
0.206667467
0.206813267
0.213213167
0.227634133
0.2262735
0.227845533
0.226512
0.225398967
0.2247739
0.2237386
0.223207333
0.222287167
0.220399167
0.2209917
0.220504067
0.2204251
0.220237233
0.2198183
0.219509833
0.219276033
0.219487367
0.220292867
0.220768067
0.221230367
0.221651867
0.221902367
0.2222276
0.2224318
0.222728033
0.223062833
0.223297933
0.2235447
0.2237871
0.2239161
0.224039567
0.2240651
0.224230967
0.224306333
0.224637767
0.224358
0.224290067
0.224293833
0.224354033
0.224608367
0.224601467
0.224498367
0.224655467
0.2247562
0.224594367
0.2242679
0.2237688
0.223123567
0.222473367
0.221828833
0.221048833
0.220311133
0.219669533
0.218925867
0.217445867
0.216309567
0.2150641
0.213675467
0.212277133
0.211347967
0.210804433
0.209545367
0.208810267
0.208600633
0.208721867
0.209269367
0.209858233
0.210461867
0.211313933
0.212275133
0.213326167
0.214256733
0.215099033
0.2157827
0.2163332
0.2167469
0.217079533
0.217435833
0.217783767
0.218084067
0.218406667
0.2185335
0.218459967
0.218416
0.218527033
0.218676833
0.218771867
0.2187028
0.218353033
0.218337067
0.218361533
0.218329467
0.218273533
0.217813633
0.218154267
0.2182924
0.217948733
0.217592167
0.216801533
0.215441433
0.2155454
0.2149438
0.213869567
0.212855
0.211884267
0.210931767
0.210188233
0.208747333
0.2077819
0.207241867
0.206935533
0.2076138
0.207950867
0.208767633
0.209340267
0.209694333
0.209989
0.2107664
0.211681633
0.212501633
0.2131608
0.2137838
0.214348333
0.214929667
0.2153935
0.2159347
0.216383833
0.216491933
0.216222133
0.216174933
0.216440533
0.213862133
0.197604567
0.197424733
0.197251433
0.197097667
0.196948867
0.196780833
0.196631633
0.196493567
0.196403733
0.196284233
0.1962252
0.196215
0.196238133
0.1962997
0.209956767
0.2143163
0.213735567
0.213244667
0.212568267
0.211734867
0.210961133
0.2099109
0.2087254
0.208098533
0.2075313
0.2082161
0.209343467
0.209396567
0.209074733
0.2090581
0.2088021
0.2095079
0.209851867
0.210870167
0.212841733
0.2135815
0.214196433
0.213398067
0.212877767
0.213008533
0.213179567
0.213379033
0.2135632
0.206272967
0.1950311
0.194946367
0.194820333
0.194675733
0.1945413
0.1943563
0.1941236
0.1938819
0.1936561
0.193453267
0.193252133
0.193087967
0.192977633
0.192885433
0.1928121
0.1928679
0.192939767
0.193080533
0.1932788
0.193534167
0.203080667
0.210995833
0.209491933
0.208364
0.2072193
0.205959267
0.204920967
0.2039512
0.203069033
0.202404867
0.202096767
0.2027149
0.202830167
0.202541067
0.203245667
0.204594233
0.205646233
0.206433667
0.2071691
0.2079499
0.208615467
0.2091583
0.209521667
0.210492467
0.2107322
0.210720867
0.193810033
0.192414733
0.192180567
0.1919813
0.1917762
0.1915835
0.191511133
0.191361967
0.1912391
0.191136967
0.191025633
0.190887067
0.190713667
0.1906201
0.190636433
0.190640867
0.190678733
0.190756333
0.190875033
0.190708333
0.190957033
0.1911134
0.2017701
0.208580667
0.2081494
0.2076857
0.207277033
0.206850333
0.2064069
0.206186467
0.205930567
0.2056712
0.2057391
0.2057354
0.205816233
0.2059957
0.206167733
0.206441
0.2066894
0.2069087
0.2071568
0.2075492
0.2079324
0.2080897
0.208182167
0.208104667
0.208285667
0.2083894
0.2084494
0.195756833
0.190240033
0.1899906
0.1905323
0.190450533
0.190373167
0.1903015
0.1902027
0.190071567
0.1898557
0.189597367
0.1893511
0.189141967
0.1890188
0.1890074
0.1890307
0.189327867
0.189437667
0.189512933
0.189616
0.1973088
0.206444567
0.205179333
0.203863567
0.2027152
0.2016081
0.200463267
0.1992946
0.198327833
0.197595933
0.197308867
0.196935233
0.196793967
0.196896567
0.197118467
0.197578067
0.198108133
0.1991147
0.200366067
0.201312267
0.202105233
0.202673033
0.2031952
0.203655433
0.2040549
0.2043499
0.204602133
0.204832667
0.204940367
0.204965467
0.204981833
0.203917667
0.188401333
0.1875745
0.187491733
0.1874169
0.187343333
0.187278933
0.1872285
0.187167433
0.187100533
0.187090533
0.1870711
0.190622
0.203924167
0.203426733
0.202805467
0.201963567
0.2012107
0.200594267
0.200092433
0.1998011
0.199254967
0.198573233
0.198129633
0.1982168
0.198393767
0.198665833
0.1988099
0.198938767
0.199017633
0.198458633
0.198045033
0.197632533
0.197685267
0.1981176
0.198722067
0.199589533
0.2002087
0.200759533
0.201257933
0.201624467
0.201845833
0.202105367
0.202153133
0.202302967
0.202513833
0.190537033
0.1854508
0.185230367
0.185048167
0.1849159
0.184756233
0.1846152
0.184463167
0.184316533
0.184218733
0.184070133
0.184005733
0.184106567
0.184331233
0.184492367
0.184657133
0.1858262
0.2013168
0.200260933
0.1992147
0.198028333
0.196738267
0.1953721
0.194088067
0.1929106
0.191695633
0.190612833
0.189509767
0.188622067
0.187869567
0.187490267
0.187355567
0.187299467
0.187495833
0.187777533
0.188142433
0.188674667
0.189427133
0.1904195
0.191404233
0.1921834
0.192872233
0.193453667
0.193962567
0.194381
0.194742133
0.1950689
0.195290333
0.1955369
0.195827867
0.1960391
0.196199033
0.1963731
0.196605733
0.196810767
0.1969276
0.197125267
0.197330533
0.197471167
0.197463133
0.197142733
0.196703733
0.196272233
0.195763433
0.195052167
0.194271967
0.193306067
0.192258667
0.190388033
0.188827667
0.187673133
0.1864904
0.1852798
0.1840138
0.1827965
0.181909267
0.181199133
0.180731033
0.180726267
0.1802788
0.179949733
0.179590267
0.1792124
0.1799411
0.180956933
0.181716867
0.182922033
0.184200467
0.185171433
0.1859111
0.186578967
0.187145333
0.1876342
0.1880096
0.188423933
0.188768467
0.189064633
0.189380233
0.189635133
0.1899122
0.190166333
0.190566233
0.190585667
0.1906785
0.190862
0.190539767
0.190166467
0.1895279
0.1900179
0.190004467
0.1898158
0.1893493
0.189097667
0.188806
0.188668467
0.188480667
0.1878482
0.1873787
0.186658
0.185822633
0.185476067
0.185631233
0.185010467
0.1857988
0.186985067
0.187801233
0.1886027
0.189263533
0.189831367
0.190257967
0.190748733
0.1915071
0.1924303
0.192535933
0.192935733
0.1934701
0.193939233
0.193692867
0.178450233
0.178205233
0.1781916
0.178074033
0.178031867
0.1777756
0.1771355
0.177049533
0.177235967
0.177225067
0.177074867
0.176975233
0.1772293
0.177238967
0.177192967
0.177081067
0.176650233
0.176795733
0.1768752
0.176867733
0.1766373
0.176900867
0.177409
0.177613867
0.177812067
0.177892733
0.1887623
0.193031833
0.192803233
0.1927914
0.192567167
0.192235033
0.191769567
0.191457167
0.191372867
0.191511133
0.191607567
0.1916664
0.191870167
0.192145933
0.192545767
0.1927384
0.192680333
0.192615267
0.179091167
0.177688533
0.177604967
0.176916633
0.176694867
0.177023
0.1768991
0.176497933
0.176213033
0.1760877
0.175992133
0.175789633
0.175327333
0.175781433
0.175667567
0.175293867
0.174721733
0.174620067
0.174851867
0.174764167
0.1745477
0.174657533
0.174770967
0.175213067
0.175451967
0.175871833
0.176014033
0.176483667
0.1771018
0.177355267
0.187773867
0.192214433
0.191515767
0.1908442
0.1900427
0.188688267
0.188093067
0.1880707
0.1882488
0.188112667
0.188374767
0.1891528
0.189792333
0.190327333
0.1906975
0.190993033
0.1912061
0.1914919
0.191781233
0.192196367
0.192586
0.189943
0.1773696
0.1769608
0.176101367
0.1758813
0.175735833
0.175569967
0.175482567
0.175440033
0.1753328
0.175289
0.1753963
0.175382467
0.175008233
0.1751694
0.175165867
0.174953333
0.1747551
0.1748927
0.174902567
0.174904767
0.1749424
0.174833967
0.1750984
0.175250567
0.1754207
0.175636333
0.1758578
0.190251367
0.190306167
0.189399433
0.188404733
0.187647833
0.186958267
0.187260467
0.1877622
0.1877737
0.1878931
0.187859733
0.188281633
0.188656
0.188833333
0.1887004
0.1886096
0.1891794
0.189586333
0.190091333
0.190516633
0.186230833
0.1755562
0.175383867
0.175281367
0.175208467
0.1751164
0.1751129
0.175017867
0.174962367
0.174938933
0.174774
0.174645533
0.174363067
0.174073533
0.174183567
0.1740623
0.173887067
0.173742367
0.1737386
0.173784167
0.173950633
0.174118233
0.1743196
0.174690767
0.174968633
0.1752126
0.1807837
0.190188667
0.1892402
0.188449467
0.1881439
0.188466667
0.188277833
0.1878067
0.1869664
0.186663967
0.186383033
0.185740533
0.185121967
0.184805633
0.1850679
0.185734467
0.1863762
0.1868753
0.1873834
0.187837767
0.188416467
0.188540267
0.188854467
0.189098967
0.1892039
0.189312667
0.189416267
0.1893998
0.189599
0.189745133
0.189784667
0.183686167
0.174620567
0.1745685
0.174544367
0.1744515
0.174290833
0.17387
0.173766
0.173645133
0.173539267
0.173797033
0.173773367
0.173895667
0.1740099
0.1740382
0.1833419
0.1883949
0.187824167
0.187120567
0.185931967
0.184661
0.183517333
0.182716167
0.1816695
0.1811078
0.180190933
0.178993933
0.1791815
0.1791128
0.179382567
0.179704733
0.181050233
0.1812608
0.181218333
0.1818453
0.181886567
0.182139333
0.182386733
0.182629167
0.182826933
0.183019567
0.1830231
0.183106467
0.183266967
0.183906233
0.184403433
0.184517767
0.1848342
0.185274733
0.1854751
0.185401667
0.1852636
0.1852545
0.1852271
0.185249167
0.185084
0.1850439
0.185115633
0.1849811
0.184964167
0.184805833
0.184658233
0.184290133
0.183664033
0.18306
0.182278367
0.181169633
0.180096067
0.179279767
0.178160833
0.177969767
0.177785167
0.176666467
0.175847467
0.1750333
0.174526733
0.174100633
0.174722667
0.175186367
0.1756453
0.176187333
0.1765635
0.176856733
0.1772909
0.177733867
0.178119567
0.1784086
0.1787863
0.179081233
0.179354667
0.1794789
0.179720733
0.1799476
0.180121633
0.180238767
0.180299833
0.180433633
0.1806927
0.180885333
0.1810493
0.1812747
0.181418167
0.1813998
0.181337667
0.181300933
0.181261467
0.181197367
0.181043267
0.1807103
0.180285833
0.179649433
0.1789363
0.178202467
0.177352433
0.176577033
0.175815367
0.174892933
0.174013267
0.1732347
0.1725633
0.1719443
0.171125933
0.1702988
0.1703808
0.170429833
0.169368767
0.169240633
0.169663667
0.1697725
0.170074633
0.170552567
0.171115933
0.171722167
0.172361933
0.1729204
0.1734849
0.173953233
0.174332633
0.1746334
0.174899867
0.1751218
0.1752915
0.175485167
0.1756482
0.175747067
0.1758927
0.176021967
0.176047333
0.176097533
0.176155867
0.1762551
0.1763347
0.176372833
0.176387767
0.176330167
0.176149367
0.175786267
0.175309167
0.174888567
0.1743396
0.1737079
0.1731257
0.172464467
0.1716555
0.1708206
0.170090933
0.169316067
0.168485167
0.167568733
0.166667967
0.165874133
0.165198833
0.164748567
0.164415933
0.164237333
0.164259367
0.164378067
0.164662633
0.165013967
0.165472133
0.166124033
0.166773967
0.167230033
0.1676011
0.167977067
0.1683192
0.168646567
0.168951533
0.169211033
0.169413733
0.1695881
0.169808567
0.1699985
0.170185267
0.1703838
0.170524033
0.1706758
0.170727767
0.170808
0.162544
0.1579439
0.157879633
0.1578489
0.168099433
0.170338467
0.1698378
0.1693248
0.1688168
0.1682407
0.1675334
0.1669708
0.166109833
0.1652186
0.164690733
0.164085
0.1630024
0.1621876
0.1611839
0.1600395
0.1589573
0.158273533
0.1578632
0.1577848
0.157905867
0.1579619
0.158117933
0.158500633
0.1588898
0.159583433
0.1603903
0.161252167
0.161861233
0.1623659
0.1627551
0.163036067
0.1633509
0.163635867
0.163860333
0.164066433
0.164209567
0.164307667
0.164412467
0.1645207
0.164639767
0.1647775
0.1649005
0.164930267
0.1650452
0.165090367
0.1650838
0.164885433
0.1646795
0.164405067
0.164002367
0.1634773
0.1627629
0.1621377
0.161438667
0.160789167
0.159967267
0.159027267
0.1581009
0.1572218
0.156383233
0.155909333
0.155767633
0.1548749
0.1547599
0.154625433
0.153731467
0.154118567
0.154035167
0.153939467
0.154225967
0.1546662
0.155013467
0.155442467
0.155858567
0.156227833
0.156529433
0.156803167
0.157062433
0.157185367
0.157392533
0.157462267
0.157524067
0.157597267
0.157610267
0.157604233
0.1576749
0.157781733
0.157961633
0.158055167
0.158174733
0.158250833
0.158401767
0.158406933
0.1583636
0.158457267
0.158492767
0.158348067
0.1579789
0.1572854
0.156808433
0.156264067
0.155449767
0.154925333
0.154386433
0.1536549
0.1531646
0.1529804
0.153249933
0.1546061
0.1559683
0.1579637
0.160929633
0.1620606
0.163093233
0.1642637
0.1654385
0.166103533
0.1666011
0.16706
0.1673867
0.166964733
0.1674068
0.167706533
0.168526
0.169088267
0.170582933
0.170984367
0.1713389
0.1716412
0.171909033
0.172077467
0.1723872
0.172761067
0.173106467
0.173244333
0.173404133
0.173669333
0.173969933
0.174155767
0.174297267
0.174469933
0.174572567
0.1739349
0.1730374
0.1727925
0.172232833
0.171470233
0.170862933
0.170111467
0.169804067
0.1694044
0.168946433
0.1682587
0.167456933
0.167351933
0.167063
0.1672268
0.1685568
0.169349667
0.169448833
0.1691347
0.168750633
0.168683833
0.168992467
0.169408233
0.16973
0.169562033
0.169545
0.170220233
0.171075133
0.1716798
0.172402933
0.172715133
0.172960467
0.173107533
0.173094833
0.173105667
0.1731796
0.173313167
0.173404767
0.1734992
0.1737314
0.1736374
0.1736951
0.173858767
0.173940533
0.1740377
0.174133767
0.174130367
0.174075633
0.174136533
0.174442467
0.1744339
0.174243333
0.1739955
0.17371
0.173703433
0.173449067
0.172801633
0.172295633
0.1718571
0.171364467
0.1707569
0.1701775
0.169331167
0.168339933
0.1671921
0.166857467
0.1667953
0.166771633
0.166429767
0.1662465
0.1662764
0.166404733
0.166253933
0.166448067
0.166869233
0.1670412
0.1673626
0.167608733
0.167848767
0.167986733
0.168063567
0.168153967
0.168213933
0.168422967
0.168848733
0.169031533
0.1692089
0.1693411
0.169501033
0.1696346
0.1697041
0.169845733
0.1699365
0.170043267
0.170089167
0.170056333
0.169959433
0.169589167
0.169120533
0.1687311
0.1684611
0.1680051
0.1675069
0.166933
0.1665011
0.166027867
0.165760767
0.165542767
0.165428
0.165014533
0.164985
0.164758167
0.1642241
0.164222267
0.1638352
0.163605533
0.1638452
0.164267067
0.164153933
0.164325567
0.164491067
0.1644929
0.164634333
0.1647878
0.164943467
0.1650926
0.165192
0.165277467
0.165463533
0.165628033
0.165857567
0.1660739
0.166279733
0.166416933
0.166668833
0.166943833
0.1670534
0.1671412
0.157587733
0.1545746
0.154496233
0.1545321
0.1545743
0.164110267
0.1667167
0.1664568
0.1661842
0.165840333
0.165291067
0.164986433
0.164761633
0.164398967
0.163849667
0.163202033
0.163070267
0.164959467
0.166251067
0.165677867
0.164990033
0.1645029
0.163250567
0.1627169
0.1623819
0.162690367
0.163472067
0.163463867
0.163481633
0.163803133
0.164134367
0.1638617
0.163961733
0.164360867
0.164882467
0.165079167
0.165091133
0.165841
0.1666655
0.1666161
0.1666747
0.1673115
0.167844433
0.168280367
0.168459567
0.168664233
0.168883567
0.164786467
0.156338033
0.1564444
0.156408733
0.156336867
0.156257533
0.156247233
0.156278067
0.156240367
0.156268333
0.156239933
0.1562324
0.156276233
0.157221833
0.158463233
0.162147333
0.1729939
0.173539633
0.173916733
0.172763267
0.172752567
0.172495733
0.171625133
0.1713664
0.172156467
0.172317
0.173102567
0.172771033
0.173379733
0.173779033
0.1742385
0.174732667
0.1751903
0.175673433
0.176089467
0.176400867
0.176767633
0.177142267
0.177437033
0.177629467
0.177844833
0.173980867
0.164751533
0.1649809
0.165219667
0.165477233
0.165784267
0.1660776
0.166388167
0.1666663
0.1669501
0.167468467
0.167919633
0.168267
0.168661333
0.1690204
0.170799533
0.1843275
0.184542533
0.184684567
0.184800533
0.184746667
0.1848273
0.184773367
0.184719167
0.185405
0.185852733
0.185796533
0.185326867
0.185189067
0.185205867
0.184984533
0.185072567
0.184424433
0.184984633
0.185131033
0.1853947
0.185682267
0.186097333
0.186478233
0.1868698
0.187282667
0.1877197
0.188106
0.188230433
0.1882068
0.188438033
0.188797533
0.189106233
0.189357167
0.189566267
0.189741333
0.189862467
0.189992667
0.1827767
0.174795167
0.1747665
0.174778167
0.174591533
0.174485267
0.1744995
0.174500233
0.1745745
0.174643433
0.174700367
0.174723
0.1748044
0.189448633
0.1893815
0.188839467
0.188393067
0.188222867
0.1878848
0.187467133
0.186878467
0.185735267
0.184858167
0.184505967
0.184336033
0.184082033
0.184006133
0.184672033
0.1855783
0.186102367
0.1863553
0.186499667
0.186664367
0.186722733
0.1868668
0.187140567
0.1877039
0.188436167
0.189605367
0.1899116
0.189909667
0.187881767
0.187910833
0.188555767
0.1892649
0.189308667
0.1892882
0.189212367
0.188914633
0.1889046
0.1888253
0.181593967
0.1736983
0.173667233
0.173619333
0.173519833
0.184413233
0.1882747
0.187968067
0.187596567
0.1869515
0.1865916
0.1865286
0.186595567
0.186976467
0.186298833
0.185767433
0.185109033
0.184818833
0.1844609
0.1839629
0.1844515
0.184528667
0.184369033
0.184399267
0.184222667
0.184182267
0.1841569
0.184140067
0.184078933
0.183292067
0.183040233
0.182982533
0.184045067
0.185101933
0.185664
0.185689333
0.188214167
0.1899172
0.190689667
0.190782233
0.190533833
0.1900153
0.190123367
0.190363333
0.1904727
0.1906027
0.191332533
0.191633267
0.191711433
0.1920445
0.192277933
0.192121233
0.191738233
0.192002567
0.191948
0.1917588
0.191610833
0.1920159
0.191922533
0.192420433
0.1925788
0.1926433
0.1923319
0.191819233
0.1916702
0.191643867
0.193066967
0.1940476
0.195542667
0.198460833
0.199567867
0.2015156
0.2052808
0.2093701
0.212636433
0.215122233
0.2184577
0.2211339
0.222072967
0.223447733
0.224620633
0.225675833
0.227758567
0.227769033
0.2283934
0.229063833
0.229328233
0.229475633
0.230176533
0.2306234
0.2314534
0.231851233
0.231988367
0.232218333
0.232516533
0.232560767
0.224367067
0.211549333
0.2114556
0.211491467
0.2116121
0.2115462
0.212268933
0.212594233
0.2126796
0.212670233
0.212620433
0.220712933
0.234594433
0.234622333
0.235098067
0.235987967
0.236156067
0.236261333
0.236389033
0.236920833
0.2373267
0.240148767
0.247338933
0.261685767
0.273651933
0.277077267
0.278380067
0.27852
0.2787262
0.279211233
0.2803013
0.282562733
0.283221933
0.283395233
0.283508467
0.283633067
0.283919567
0.284593
0.284847967
0.284874933
0.284935667
0.2850249
0.260026133
0.253339133
0.253251133
0.252195067
0.251967733
0.251659867
0.251515833
0.2513687
0.251142533
0.250947767
0.250772
0.250579033
0.250438833
0.250460167
0.250452733
0.250467133
0.2753769
0.2793483
0.278314733
0.277457033
0.2763062
0.2746758
0.273814267
0.273430267
0.2719508
0.2702086
0.2678444
0.2651048
0.263504
0.2624161
0.2582833
0.2553391
0.253435067
0.253010867
0.2528671
0.252430033
0.252705933
0.253534367
0.2549878
0.256609033
0.258128333
0.259303533
0.260274167
0.261113867
0.2617477
0.262325667
0.263089967
0.263507533
0.263920933
0.2644767
0.264752833
0.265090767
0.265482767
0.265771433
0.246585833
0.238073467
0.2376882
0.237420267
0.237194933
0.237140767
0.237041467
0.237203433
0.237440567
0.2574433
0.263275067
0.262138033
0.260386733
0.258770867
0.2574292
0.255848233
0.254016267
0.2520895
0.250093233
0.2480351
0.245934467
0.243599767
0.240577133
0.2385124
0.2371361
0.235808967
0.235766133
0.235388733
0.2354917
0.235948933
0.236293033
0.237761667
0.238389333
0.239053733
0.239653133
0.240294833
0.2407678
0.241203767
0.241751667
0.242355167
0.2426571
0.2426919
0.242579867
0.242549667
0.242324733
0.242156933
0.2421893
0.242106367
0.242076667
0.242060867
0.2421088
0.242126133
0.241992433
0.242083233
0.242722833
0.242992267
0.2435177
0.245061833
0.246894067
0.24803
0.248619533
0.249034167
0.249237633
0.2492309
0.249473933
0.249625067
0.249550533
0.2487043
0.247808833
0.246118133
0.244504433
0.243917067
0.243912667
0.244244667
0.244859633
0.245330367
0.245763633
0.246021
0.246407
0.246600333
0.2467172
0.2469797
0.2474276
0.247902033
0.248315867
0.248805167
0.2492261
0.2498109
0.250441067
0.2510816
0.2517213
0.252173367
0.252541767
0.252979167
0.253317067
0.244272133
0.228208967
0.2280697
0.227854867
0.227639167
0.227763033
0.228019867
0.238341933
0.253059033
0.2524103
0.251206667
0.2494682
0.248491311166667
0.247514422333333
0.2465375335
0.245560644666667
0.244583755833333
0.243606867
0.242629367
0.242010967
0.241980967
0.2422702
0.242689167
0.242612333
0.242509333
0.2428942
0.2434513
0.243853433
0.2440086
0.2432318
0.243294067
0.243435267
0.2445313
0.245121233
0.245531233
0.2466453
0.2473546
0.253717267
0.2606861
0.266352467
0.272517633
0.2801694
0.292078167
0.3004447
0.3016754
0.302634767
0.304855567
0.308376967
0.309237667
0.308597467
0.3072825
0.287824067
0.269335167
0.268470067
0.268480767
0.268817367
0.269979333
0.269408933
0.2683319
0.267831233
0.267218467
0.2665305
0.265980633
0.2654569
0.280307067
0.298682333
0.297891067
0.296382033
0.295244
0.294167533
0.293724267
0.2930164
0.292670533
0.2929891
0.292880033
0.2920698
0.292019233
0.291876767
0.2913624
0.290807633
0.290846233
0.290719467
0.291158833
0.2665952
0.258498367
0.2582893
0.258112233
0.257919667
0.257708433
0.257511833
0.2573513
0.257224267
0.2573364
0.2580295
0.262567133
0.278007767
0.302034433
0.324307967
0.316519333
0.307608267
0.3003566
0.299504033
0.3294088
0.336708733
0.320653333
0.326151867
0.3333181
0.3227989
0.315907467
0.311470633
0.315446333
0.302116633
0.3001125
0.298864433
0.298024767
0.334879467
0.334133833
0.331661833
0.3341378
0.332605633
0.327697167
0.383940433
0.3529724
0.362840533
0.353313533
0.346666167
0.3424346
0.341333433
0.3003937
0.2957684
0.295252367
0.296632467
0.295237133
0.2943357
0.293551333
0.2916785
0.290611567
0.289685533
0.288197133
0.287401
0.286713667
0.286061733
0.285453833
0.284875833
0.2848938
0.283903367
0.283488667
0.283123133
0.2828449
0.282613067
0.282363133
0.282196433
0.282071267
0.2819891
0.281704867
0.281414967
0.281147967
0.2807379
0.280212233
0.279770533
0.279513
0.306113867
0.314052667
0.312131733
0.308992133
0.306686867
0.302855167
0.300791833
0.301315967
0.3008777
0.2974998
0.295239067
0.294957867
0.294129967
0.293944033
0.294772467
0.296286533
0.298359333
0.300376567
0.302251933
0.3038368
0.3051708
0.3064587
0.2819758
0.270960633
0.2706085
0.2702711
0.269949667
0.269677
0.269415867
0.269127967
0.268864167
0.268603967
0.268341033
0.268111733
0.267889167
0.267699467
0.267574567
0.267509067
0.267499733
0.267551033
0.267647033
0.267742233
0.267858067
0.267924533
0.267950133
0.267965467
0.2974845
0.3001088
0.2988584
0.297720533
0.295319033
0.292464067
0.289264167
0.287155233
0.285179467
0.284209467
0.2856804
0.2849415
0.286362133
0.287680533
0.2887261
0.289509767
0.2896361
0.290056733
0.290802333
0.2914768
0.292094067
0.2925946
0.293096133
0.267186933
0.260030033
0.2598607
0.260051633
0.260600467
0.261279567
0.262544133
0.263756433
0.264577467
0.265427333
0.2660321
0.266264633
0.266373733
0.266400867
0.266431933
0.267428533
0.273555633
0.280563567
0.2850863
0.292097733
0.294630067
0.293886033
0.290388033
0.287855867
0.2859055
0.284370433
0.283187433
0.282220567
0.2814457
0.280985867
0.308248233
0.317229367
0.316123633
0.318144433
0.322163233
0.3235942
0.322868333
0.3220212
0.3212499
0.320616667
0.319418833
0.318098667
0.317401967
0.305726867
0.278688933
0.278173333
0.277668233
0.2772087
0.2768061
0.276485233
0.2762045
0.275915767
0.2756169
0.275331233
0.275094233
0.2748576
0.2746391
0.2744192
0.27423
0.2740468
0.273851533
0.2736495
0.273450033
0.273274633
0.2731146
0.272972233
0.272845533
0.2727111
0.2725774
0.272467467
0.294882033
0.306253467
0.304846567
0.3026198
0.300268767
0.297692233
0.295029633
0.292184133
0.289113367
0.285953633
0.282179333
0.278392933
0.2761708
0.274491667
0.272990267
0.273459633
0.273762567
0.273759333
0.2734413
0.273695933
0.2750298
0.276760233
0.278424933
0.280169567
0.281762967
0.283110567
0.284243467
0.285265033
0.2862024
0.286980167
0.287696733
0.2882631
0.2888334
0.289319667
0.289813967
0.290348133
0.2908201
0.277345167
0.258485867
0.258225767
0.257954
0.257740667
0.2576201
0.257623333
0.257634167
0.277862133
0.288637267
0.287218
0.285516367
0.283636033
0.281523833
0.2793199
0.277126633
0.274529867
0.271842833
0.2692042
0.2663139
0.262943467
0.259629533
0.258441933
0.2580163
0.2564484
0.255870967
0.2562893
0.255975533
0.257123933
0.259196167
0.261262533
0.262558867
0.265486833
0.273412533
0.2799519
0.284183667
0.286353567
0.288098367
0.289092133
0.289774
0.290258867
0.290618467
0.291192267
0.2915802
0.291812867
0.292384767
0.292976433
0.293528967
0.294150867
0.294517867
0.294686533
0.295743933
0.3003401
0.3026481
0.3034383
0.303424033
0.303190533
0.302917767
0.302906033
0.305560133
0.311161867
0.311993733
0.312591733
0.311817767
0.3113427
0.311098833
0.312883233
0.319829933
0.336153633
0.3620091
0.369998433
0.3738708
0.375881933
0.372192467
0.369458833
0.362699567
0.3598588
0.367350267
0.377433433
0.382243967
0.386591733
0.386372933
0.3798038
0.381442233
0.386404833
0.389589633
0.393336567
0.393797433
0.395274333
0.385133667
0.3772706
0.371477133
0.3662514
0.361812833
0.356535467
0.3544031
0.352532333
0.351256133
0.3500815
0.349069333
0.347917533
0.3465699
0.345244267
0.3433572
0.341693967
0.340049267
0.3378752
0.3352
0.329494567
0.327979333
0.3261929
0.323551933
0.320845467
0.318426033
0.316758433
0.3154456
0.315036667
0.314054067
0.313522133
0.313188167
0.3125789
0.3116373
0.3107201
0.310419433
0.310068333
0.308611867
0.307570567
0.308154567
0.309319467
0.310403467
0.3119467
0.313073333
0.314234467
0.315227467
0.315929667
0.3164696
0.3168292
0.3170314
0.317088767
0.317171633
0.317327333
0.3173478
0.317328067
0.317568867
0.320313667
0.320905633
0.321014533
0.320410767
0.319803333
0.3191478
0.3185368
0.317952733
0.317395533
0.3169333
0.3164923
0.315853433
0.3151588
0.3139706
0.3126317
0.310932767
0.308776633
0.306260033
0.3033401
0.3004332
0.298641833
0.295044567
0.2916126
0.2889496
0.2861802
0.285594667
0.285212233
0.286141333
0.287557533
0.288387467
0.288880667
0.289863633
0.291322833
0.2927315
0.293772433
0.294523833
0.295233033
0.295816833
0.296421
0.296882
0.297282467
0.2976139
0.298010733
0.298419033
0.298929533
0.299159667
0.299519833
0.2998203
0.3001225
0.300385667
0.3005569
0.300721233
0.3008451
0.300934533
0.3008961
0.300896433
0.3009509
0.301043233
0.3010222
0.300878767
0.300464367
0.2997038
0.2985063
0.297509767
0.296555033
0.295855167
0.295449567
0.295095667
0.294689667
0.2943068
0.293943033
0.293393067
0.292877867
0.292161567
0.290404033
0.288235267
0.2871096
0.2871742
0.288006367
0.288931733
0.289705467
0.290394833
0.290874067
0.291232967
0.291608533
0.2920393
0.292708267
0.293511367
0.294223933
0.2948256
0.295200333
0.295403467
0.295683033
0.296105767
0.296408367
0.296749833
0.2969318
0.2968723
0.2968538
0.296943633
0.296932767
0.296666133
0.296313067
0.295979067
0.295341333
0.294546767
0.293808
0.2923125
0.290789967
0.2894293
0.287602067
0.285687
0.283236467
0.2811234
0.278736267
0.276047233
0.273198233
0.2695877
0.266705233
0.264022167
0.262609
0.2616655
0.262316367
0.263394833
0.2645254
0.264838533
0.2658392
0.2669648
0.268140433
0.269214333
0.270277267
0.271313833
0.2722499
0.273030333
0.273764533
0.274337467
0.2749266
0.2755895
0.276302933
0.2770353
0.277738867
0.278454467
0.2789942
0.279492933
0.2799046
0.271258767
0.2497948
0.249535167
0.249349567
0.2491939
0.249124633
0.268201367
0.2782982
0.2773711
0.276214267
0.2752804
0.274506333
0.2737543
0.2728179
0.271361567
0.2696415
0.267785567
0.2658234
0.263664733
0.2617403
0.258713833
0.256578167
0.254622567
0.252794633
0.252073
0.252626667
0.253472367
0.2539937
0.254187633
0.254678967
0.25551
0.2565531
0.2576122
0.2587468
0.259908867
0.2608055
0.261510533
0.262110567
0.2627306
0.263200467
0.2636477
0.264039333
0.264408533
0.264921367
0.265413933
0.265844833
0.266326033
0.2668092
0.266829367
0.2666199
0.266403767
0.266168667
0.2658638
0.2654225
0.264788667
0.264246433
0.2637478
0.263256933
0.262373433
0.261060833
0.259376867
0.257632433
0.255518133
0.253471733
0.251355067
0.2496392
0.248058533
0.246125933
0.243566133
0.2415321
0.240381967
0.238652767
0.238004567
0.237874567
0.237973967
0.238195767
0.238188467
0.2385597
0.239467633
0.240349833
0.241512433
0.242920567
0.244335067
0.245576933
0.246629667
0.247628167
0.2484255
0.249069033
0.2497038
0.2501088
0.251244633
0.251905333
0.2523966
0.252843767
0.2534932
0.254166033
0.2546191
0.254952633
0.255127667
0.255083367
0.254824433
0.253799267
0.2529938
0.252371
0.251456833
0.250090033
0.248485033
0.2463574
0.2439939
0.241515633
0.239259933
0.236781633
0.234318467
0.2322606
0.229773833
0.226949233
0.223707667
0.2209423
0.2196957
0.219070133
0.218429467
0.218700467
0.219094633
0.2193672
0.219482533
0.219988033
0.220800233
0.221931367
0.223236567
0.2245296
0.225850267
0.227182233
0.2284793
0.229774767
0.231422567
0.232122667
0.232633733
0.233042667
0.233452633
0.2338071
0.234107933
0.234400067
0.234580033
0.2345574
0.234571933
0.234669567
0.2346847
0.2346277
0.2344763
0.2340602
0.233660533
0.233092267
0.232536467
0.230556767
0.228127867
0.226052067
0.2243265
0.222449167
0.220525333
0.218526767
0.216369967
0.214281367
0.212007833
0.209453467
0.206581433
0.2041134
0.2024416
0.2013032
0.200972433
0.201049367
0.201335133
0.2014561
0.201494633
0.201891533
0.202665033
0.2036456
0.204786767
0.205957933
0.2070261
0.207993067
0.2087747
0.209532933
0.210238933
0.210991633
0.2116578
0.2123256
0.212897267
0.213495567
0.2140201
0.214538933
0.215028867
0.215544667
0.215885167
0.2164092
0.216754033
0.216997333
0.2169289
0.216652833
0.2163314
0.2156872
0.214622033
0.2133903
0.211977333
0.210544767
0.208603533
0.206923733
0.205173833
0.203299233
0.201788433
0.200030767
0.1977583
0.195309133
0.192465733
0.1901633
0.188598267
0.1873913
0.187079333
0.187266033
0.1875045
0.187470067
0.187450767
0.187724633
0.1883313
0.189138567
0.190136533
0.1912151
0.192230667
0.193138
0.194010933
0.194821067
0.195445633
0.196157733
0.196564567
0.197013767
0.197541567
0.197989067
0.198265367
0.1988477
0.199400033
0.2004182
0.2018729
0.202284033
0.2024561
0.202507967
0.2023854
0.202227733
0.202000433
0.201571733
0.2009754
0.200253167
0.1989978
0.1968396
0.195087333
0.193512633
0.1918131
0.190188767
0.188634767
0.1871027
0.1852783
0.183270033
0.1809209
0.179039267
0.178048667
0.1771944
0.177262533
0.177386033
0.1772729
0.177438767
0.1774838
0.177810667
0.178355267
0.1790343
0.179846233
0.180547267
0.1810112
0.181616467
0.182190733
0.182736867
0.183237167
0.183684233
0.184064933
0.184608133
0.184910533
0.185367767
0.185774733
0.186332933
0.1865388
0.187008733
0.187563533
0.1878327
0.188213967
0.188599967
0.1888877
0.1886962
0.188544367
0.188155067
0.187895167
0.187620267
0.187568733
0.187698967
0.186962967
0.1863466
0.185288933
0.184551833
0.183584633
0.183253933
0.183298033
0.183060633
0.182358933
0.1819552
0.181832267
0.181737633
0.181739767
0.1820822
0.182592233
0.182998367
0.1835785
0.1842318
0.185101833
0.185258833
0.185381167
0.185518833
0.185648433
0.185769833
0.185888933
0.1860064
0.186177967
0.186294867
0.186415333
0.186500667
0.1865943
0.186690967
0.1867674
0.1868682
0.1869843
0.187103767
0.187190067
0.187271333
0.1873237
0.1872848
0.1872349
0.187142133
0.1870376
0.186865767
0.186514933
0.186236267
0.185696367
0.1849756
0.1841145
0.183414667
0.182776633
0.182393
0.181206633
0.1799798
0.179065833
0.1779434
0.176289933
0.174448867
0.172932067
0.171972233
0.171735
0.1715759
0.171622
0.1717937
0.1719687
0.172062067
0.172512733
0.173111267
0.173780033
0.1745346
0.1752662
0.175953633
0.176494333
0.177099767
0.177646467
0.1782407
0.1789962
0.1797061
0.1797817
0.179853067
0.1799447
0.180091433
0.180295867
0.180497967
0.180745633
0.180967
0.181094533
0.1811197
0.180928233
0.1805605
0.180289067
0.1800223
0.179274133
0.178756067
0.178182767
0.176468367
0.174403867
0.172831267
0.1712765
0.169918667
0.168712
0.167679767
0.1669132
0.1663406
0.164882733
0.163660533
0.1628816
0.162285467
0.1619081
0.161808733
0.162080867
0.162063633
0.162401467
0.163063567
0.163669867
0.164188133
0.16463
0.165032167
0.165428333
0.165776167
0.16613
0.1664774
0.166757233
0.166970767
0.167210633
0.167298967
0.1675254
0.167789267
0.1679731
0.168299133
0.168507033
0.1689562
0.169202767
0.169519733
0.169756567
0.1699692
0.169971367
0.169587933
0.168933533
0.168292533
0.1676679
0.1670572
0.166738467
0.1659576
0.1649771
0.1640287
0.163358
0.1630985
0.1628485
0.1624162
0.162275267
0.162318533
0.162466433
0.1627785
0.1622813
0.161944733
0.161608233
0.161092267
0.160716567
0.160562133
0.160518433
0.1606686
0.1609266
0.161198367
0.1615975
0.161973
0.1623311
0.162639633
0.162934633
0.163128167
0.163396167
0.1636003
0.1639971
0.1643763
0.1647333
0.164984667
0.1655894
0.165763367
0.1658394
0.165882333
0.1658967
0.1659134
0.1658951
0.165864633
0.1658365
0.165909167
0.166066433
0.166058
0.165834667
0.1652844
0.1639429
0.1627664
0.1619421
0.1611151
0.160115833
0.159256733
0.158405
0.1573152
0.156903167
0.157316867
0.1581693
0.1591715
0.160059467
0.160809533
0.1614282
0.161814567
0.162546833
0.1635162
0.165028167
0.167290967
0.168963933
0.1691205
0.169334633
0.169554267
0.169796733
0.1700509
0.170302267
0.1705488
0.170763633
0.1709466
0.171106933
0.171269
0.171453267
0.171596267
0.171747033
0.171932933
0.1720808
0.172260833
0.172429433
0.172601767
0.172755733
0.1728857
0.172999
0.172943633
0.172564267
0.1720548
0.1718035
0.171533567
0.171250667
0.170724433
0.1701763
0.169573133
0.168817733
0.1681392
0.167416267
0.166789033
0.166169167
0.1654056
0.165577033
0.165590367
0.165032967
0.164815533
0.1645899
0.164651133
0.164883967
0.164872033
0.164619467
0.164736567
0.1651877
0.165639067
0.166003033
0.166407967
0.1668978
0.167411667
0.167913133
0.168330233
0.168677967
0.168985233
0.169249167
0.169517533
0.169753
0.169964633
0.170162
0.170321
0.170492233
0.170678267
0.170843867
0.170875667
0.170786467
0.170642633
0.170398867
0.170179533
0.169939667
0.1696999
0.1694046
0.168920733
0.168314533
0.167780133
0.1673187
0.1668897
0.166828667
0.166882833
0.166391867
0.165371333
0.1643716
0.163743233
0.162947767
0.162425533
0.161755033
0.161472767
0.161414867
0.1613886
0.161239367
0.1611426
0.160947067
0.1608423
0.160982767
0.161328033
0.1616861
0.1621386
0.162542367
0.162907767
0.163269967
0.1636319
0.163953033
0.164296833
0.164572133
0.164735967
0.165031033
0.165220933
0.165425067
0.165595367
0.165726467
0.165854333
0.165984733
0.1660641
0.166070033
0.166041667
0.165969067
0.165842333
0.1656297
0.165348433
0.164942533
0.164430633
0.1640093
0.163196267
0.162219933
0.161327633
0.160673333
0.1599563
0.159085
0.158340867
0.157535767
0.156449667
0.1553124
0.1552786
0.156266233
0.1574087
0.157700767
0.1575424
0.157496367
0.157578533
0.1577889
0.157994367
0.1582074
0.158511133
0.158875733
0.159247333
0.159611667
0.159928967
0.160281167
0.160545733
0.1607589
0.160939733
0.161107633
0.161325067
0.161580433
0.1617673
0.1618972
0.162097667
0.162305133
0.1625463
0.1627888
0.1629935
0.1630865
0.163203233
0.1631905
0.162969433
0.162625867
0.162023333
0.1613213
0.1606623
0.159923233
0.1590525
0.1582669
0.157372367
0.156552167
0.1558568
0.1553392
0.155248933
0.155091233
0.154898833
0.1549785
0.155581933
0.1568163
0.1566561
0.155293167
0.154736633
0.154541667
0.154276433
0.154273433
0.154354567
0.154414233
0.154639133
0.155007867
0.155435
0.155841733
0.1561431
0.1563982
0.1566447
0.156886767
0.1570433
0.157300567
0.157498167
0.157604367
0.157720433
0.157892833
0.158074933
0.1582007
0.158311933
0.1584901
0.1587185
0.1588467
0.158792533
0.158757433
0.1587004
0.158436067
0.158032833
0.1574597
0.156745833
0.155913533
0.155011833
0.154165667
0.153311133
0.152410833
0.151554433
0.150615567
0.1496921
0.148783033
0.1477493
0.1462786
0.1448743
0.1441669
0.143769733
0.1437511
0.144036267
0.144302633
0.144529267
0.1446849
0.145122267
0.1456402
0.146108967
0.1465559
0.146990967
0.147414633
0.147803067
0.148170933
0.148494767
0.1487937
0.1490652
0.1493145
0.1495573
0.149776367
0.150028
0.150203233
0.150361133
0.151406467
0.1523563
0.152179067
0.152137267
0.1521365
0.152133667
0.1520901
0.151998567
0.151889967
0.151828367
0.151978267
0.151932467
0.151488367
0.150873767
0.150051867
0.149088633
0.1482305
0.1475166
0.146771367
0.146162533
0.145351367
0.144497233
0.1438654
0.1436167
0.144038733
0.144305933
0.144311367
0.144303033
0.1443661
0.144217633
0.1442505
0.144180667
0.144283767
0.144593533
0.144930667
0.145308067
0.1457176
0.146030467
0.146295733
0.146511167
0.146690533
0.1468647
0.1470083
0.1471533
0.147283067
0.147521367
0.147924267
0.1482549
0.148368233
0.1484812
0.148599967
0.148700833
0.148768
0.1487247
0.148552
0.148546167
0.148545867
0.148422367
0.148378367
0.1485303
0.1488679
0.148929733
0.1490137
0.149203333
0.149432167
0.1503864
0.152539067
0.155633767
0.157181267
0.157216833
0.1568065
0.1554921
0.154012267
0.153171067
0.152923833
0.1529883
0.153002933
0.152936233
0.1527606
0.152749267
0.152827267
0.153218267
0.153817533
0.1543407
0.1548341
0.155653767
0.158157267
0.1634436
0.1710184
0.1785432
0.185762333
0.191499033
0.1955585
0.1987894
0.201675433
0.204202467
0.2064518
0.208376267
0.210035
0.211501933
0.212782267
0.2138953
0.2148062
0.2155642
0.216291667
0.217365267
0.218124067
0.218594567
0.218843567
0.219089367
0.219477467
0.219528733
0.218996867
0.219301167
0.2201872
0.219837933
0.219143867
0.219546733
0.219022033
0.219566467
0.2189835
0.217927033
0.218002367
0.218261333
0.218286433
0.218609633
0.2190225
0.219192133
0.219444033
0.219535
0.2198042
0.220306667
0.220800333
0.2211916
0.2216616
0.222038167
0.222382767
0.222684867
0.222685967
0.222771967
0.222931767
0.223113633
0.223311767
0.223528833
0.223759633
0.2238505
0.223718
0.2236968
0.223695267
0.223771633
0.2236192
0.223278867
0.222800467
0.2219625
0.221058233
0.2204432
0.219536767
0.21847
0.2173492
0.216142167
0.2145949
0.213163233
0.212059167
0.211079467
0.210472767
0.210028033
0.2097035
0.209567867
0.209320433
0.209055467
0.208420033
0.208202967
0.2080868
0.207847867
0.207967067
0.208219233
0.208266633
0.208417733
0.209119867
0.2091132
0.209307167
0.209500967
0.210237233
0.210299267
0.209792733
0.2099059
0.2103568
0.210972433
0.211488633
0.2122028
0.2124704
0.212195667
0.2121619
0.212120333
0.2121797
0.2122159
0.2122723
0.2123877
0.212724867
0.2124488
0.212163233
0.2118685
0.211445533
0.212156767
0.2109262
0.2097459
0.208660733
0.207857033
0.207518033
0.207074667
0.206800767
0.206556067
0.206013233
0.205485733
0.2045234
0.204294
0.203240867
0.2025052
0.202216867
0.202366533
0.202159933
0.201907533
0.201706333
0.201561
0.2016117
0.202318867
0.202649467
0.202910367
0.2032539
0.203658333
0.203966233
0.2042105
0.204446
0.204633933
0.204759067
0.204764867
0.204856833
0.204975633
0.205106167
0.205257867
0.205561533
0.205595533
0.2059903
0.206243633
0.2062129
0.206160367
0.206112367
0.2060083
0.205802367
0.205638567
0.205184267
0.204729167
0.204102067
0.203561567
0.2029211
0.2025978
0.202697833
0.2022882
0.201694
0.201352433
0.2012637
0.201310333
0.2013757
0.201585
0.201516667
0.2011954
0.200932633
0.2006104
0.2005227
0.2005184
0.200649667
0.200918067
0.201230033
0.201510933
0.2017814
0.2020073
0.2021543
0.202325367
0.202524567
0.202677467
0.202828133
0.2029516
0.2031126
0.203317567
0.203461
0.2035447
0.203653367
0.203715733
0.2038195
0.2039398
0.204037567
0.2041144
0.204243433
0.204232533
0.2041697
0.204157233
0.204140967
0.2037738
0.203415133
0.2026896
0.2019674
0.201303167
0.200594467
0.199888967
0.199058
0.1982657
0.197467167
0.196472367
0.1955025
0.195301967
0.195108867
0.194813933
0.1946134
0.194889167
0.194910967
0.194626333
0.194052067
0.193710167
0.193445667
0.1935257
0.1934368
0.193509167
0.193784167
0.194076467
0.1943882
0.194681133
0.194949833
0.195215933
0.1955384
0.195889467
0.1963587
0.196713667
0.196933533
0.197219533
0.197462533
0.197754667
0.197981433
0.198162833
0.198339467
0.198573233
0.198578033
0.198308233
0.1979598
0.197588367
0.197253033
0.196907467
0.196293
0.1955401
0.194776367
0.1939908
0.193346433
0.1926473
0.192166133
0.191442633
0.190832033
0.1899549
0.1889542
0.188032833
0.187583267
0.186721933
0.1867662
0.186573267
0.186587
0.1863627
0.1862855
0.186155533
0.1860435
0.1861944
0.186372
0.186545433
0.1867419
0.186991667
0.1873706
0.1876178
0.187756467
0.187847167
0.1879268
0.187982067
0.188059233
0.188156767
0.188363467
0.188597
0.1894407
0.190149667
0.1904276
0.190757
0.191030633
0.1911166
0.1911574
0.1911607
0.191122167
0.191038767
0.190927833
0.190766233
0.190463867
0.1901962
0.189805667
0.189865133
0.189839767
0.189624233
0.1891972
0.1883945
0.187530167
0.1867159
0.1863242
0.186060467
0.185517267
0.185359833
0.184912167
0.1844428
0.184778067
0.185074933
0.184954333
0.185216533
0.185481567
0.185621267
0.1857974
0.185908567
0.185962933
0.1861686
0.186781733
0.1868801
0.187116833
0.187443367
0.1877013
0.187887333
0.1880263
0.1881215
0.188190833
0.188225433
0.188259067
0.188265267
0.188478167
0.188558933
0.188572333
0.1886045
0.188636267
0.1886866
0.188901733
0.188917633
0.188864133
0.1888298
0.188786667
0.1888528
0.188844833
0.189088567
0.1890885
0.188993033
0.188902667
0.1885522
0.1883064
0.188081233
0.187665733
0.187483167
0.1876054
0.187454033
0.186864167
0.1863926
0.186014767
0.185692533
0.185378767
0.185122467
0.1851834
0.185352867
0.185517067
0.185715867
0.185910033
0.1861495
0.186371433
0.1867805
0.187418467
0.1879142
0.1882989
0.1887487
0.1893936
0.1904705
0.191872367
0.194522367
0.201777233
0.2089079
0.214975467
0.2196055
0.223456533
0.226855633
0.235133833
0.244367
0.248129933
0.249982033
0.251177033
0.2519988
0.252407267
0.2528018
0.253322667
0.253526067
0.253748767
0.254209867
0.254165433
0.2555993
0.256223067
0.2563894
0.255875567
0.254598767
0.252356533
0.2495499
0.2481928
0.247710767
0.247451267
0.247276
0.247107467
0.2469733
0.2469134
0.246709667
0.2468179
0.246777067
0.2467678
0.246905633
0.2471804
0.247469667
0.2475526
0.247632633
0.2476174
0.248016967
0.2478395
0.248051567
0.248241633
0.248404167
0.248572433
0.2488766
0.2490316
0.249052133
0.249143067
0.249200367
0.249146
0.248990467
0.248681833
0.248180967
0.247605667
0.246812633
0.246067267
0.244839633
0.244165
0.243458233
0.2428389
0.2419384
0.240688167
0.239192533
0.237438833
0.2357373
0.234549033
0.2336897
0.232837533
0.2315001
0.2293043
0.228785667
0.228952933
0.2278661
0.228015033
0.2275134
0.226371033
0.225492967
0.225024133
0.2251026
0.225632033
0.2267784
0.228358733
0.2291498
0.229514767
0.229718933
0.229843
0.2299515
0.230096
0.230236133
0.2303414
0.230414567
0.230473933
0.230613433
0.230710233
0.230723433
0.230697467
0.230465333
0.230192833
0.229925167
0.229673967
0.229147933
0.2284665
0.2278163
0.2270787
0.2264425
0.225653133
0.224768533
0.223833767
0.2227932
0.220693367
0.217867
0.215926667
0.214520633
0.213453467
0.212042933
0.2102072
0.208495933
0.208211167
0.2082324
0.208638433
0.208857967
0.208908633
0.208991333
0.2091098
0.209387
0.2096534
0.209968
0.210352233
0.210777667
0.211336733
0.2121357
0.212662633
0.213175133
0.213497733
0.213975833
0.214424733
0.214835267
0.215248733
0.215892533
0.216658333
0.217738067
0.218005933
0.218156533
0.2182899
0.218302933
0.218341733
0.218292467
0.218004867
0.217551467
0.2169993
0.2165812
0.2160244
0.215348533
0.214440967
0.211985367
0.209579267
0.207803767
0.206019667
0.2047045
0.203335467
0.2021419
0.200836533
0.199018667
0.196857367
0.194544467
0.193544767
0.1929524
0.192479467
0.192379733
0.192660933
0.192941767
0.192968433
0.193097067
0.193427967
0.1938289
0.194260367
0.1947031
0.195178433
0.195565167
0.195852033
0.196111667
0.196324267
0.1965157
0.196664533
0.196759333
0.196853567
0.196947133
0.1969903
0.1970485
0.197099233
0.197151533
0.197177933
0.197199633
0.1977677
0.199580167
0.200493933
0.201350867
0.202334467
0.209711633
0.279758533
0.281931033
0.2812243
0.2934815
0.303998733
0.306264567
0.305885933
0.302363467
0.296024
0.2926321
0.2898961
0.2871809
0.2848286
0.2829038
0.281829733
0.2815795
0.2804827
0.279462
0.278477633
0.277673033
0.2772244
0.276802133
0.2764693
0.276269
0.276197533
0.2762126
0.276246967
0.276278533
0.2764474
0.276875467
0.277302033
0.2774704
0.277410833
0.277635367
0.277800967
0.2777456
0.277668833
0.277758433
0.2779107
0.2780434
0.278177533
0.278206167
0.2780968
0.277783967
0.277311333
0.276709067
0.276158567
0.275697933
0.275153733
0.274504367
0.273740433
0.2727923
0.2715144
0.2701153
0.268752667
0.266950167
0.265114633
0.2633521
0.261403267
0.258404133
0.255819667
0.2527541
0.251574667
0.251163533
0.251033633
0.2516579
0.252274967
0.2522936
0.252392667
0.252512367
0.253045333
0.253662367
0.254266033
0.2548103
0.2552006
0.255512667
0.255754867
0.2559168
0.2559908
0.2560237
0.256035933
0.256033
0.256086367
0.2560919
0.256066967
0.256054133
0.256065933
0.256111733
0.256251167
0.256314633
0.256502033
0.256457167
0.256090933
0.255779
0.255217733
0.254729133
0.2542078
0.253517167
0.2525675
0.2512285
0.249730067
0.248581167
0.247294767
0.246352667
0.2453196
0.244260667
0.2426025
0.241061433
0.238769267
0.235742567
0.234121467
0.2339642
0.235143867
0.235729933
0.2357898
0.235820367
0.235535933
0.235499733
0.235603433
0.235957667
0.2364736
0.237163467
0.237860933
0.238582433
0.2391308
0.2396523
0.2400013
0.240383267
0.240669933
0.2409886
0.241457033
0.241810567
0.242040767
0.2423333
0.242617733
0.242741533
0.243012233
0.2431922
0.243238733
0.243138433
0.242895533
0.242452367
0.241829867
0.241104233
0.240238567
0.239112367
0.2376862
0.235986
0.234216967
0.232364
0.2305015
0.228718933
0.226669867
0.2247444
0.223055
0.220574367
0.2179027
0.216449267
0.215320567
0.214515867
0.214518767
0.215168433
0.215811333
0.216176833
0.2162263
0.2164435
0.216703967
0.217177167
0.217800833
0.218508867
0.2192367
0.219838933
0.220323567
0.220871867
0.221323067
0.221681433
0.222136533
0.2226168
0.2230479
0.2233684
0.2237071
0.224052133
0.224345033
0.224649667
0.224985567
0.225277833
0.225468367
0.225475367
0.225230233
0.2248155
0.2243272
0.2236877
0.222798633
0.221777867
0.2204966
0.2190452
0.2174845
0.215887667
0.2142858
0.212840167
0.2112384
0.209886567
0.208463967
0.2066665
0.2044016
0.202279067
0.200739267
0.200039133
0.200306333
0.2013152
0.202010033
0.2024013
0.2025233
0.202839233
0.2031978
0.2035329
0.204167867
0.2049888
0.205820433
0.2065097
0.207188633
0.207815667
0.208374167
0.2088457
0.209276133
0.209681233
0.21005
0.2103916
0.210710333
0.210953067
0.2111664
0.211377267
0.2115868
0.2117741
0.211917333
0.211930267
0.2117772
0.211438233
0.2110139
0.210481467
0.209772467
0.208899133
0.207869633
0.206679433
0.2054239
0.2040694
0.202643767
0.2013078
0.199800033
0.198441567
0.197042
0.195102533
0.192809167
0.190706633
0.189394267
0.189039367
0.189462533
0.1904089
0.191121533
0.191545267
0.191691767
0.191985267
0.192290667
0.192687733
0.193217333
0.193850667
0.194437467
0.1950215
0.195559767
0.196117567
0.196609767
0.197068433
0.1974931
0.197858667
0.198226133
0.1984821
0.1986521
0.1987506
0.1988235
0.198936767
0.1991027
0.199329233
0.199613967
0.1996709
0.199659133
0.199530133
0.199300033
0.198965233
0.198469667
0.1977317
0.196867567
0.195906067
0.1947956
0.1935772
0.192323367
0.191437267
0.189955867
0.1886457
0.187304833
0.185613733
0.183754967
0.182454467
0.1815437
0.1812119
0.181445067
0.182115333
0.182503
0.182845033
0.183031033
0.1833564
0.1836685
0.1839686
0.184506767
0.1849647
0.1854286
0.1859216
0.1864404
0.186934167
0.1873405
0.187766167
0.188131933
0.188456767
0.188743233
0.189021867
0.189245133
0.189552267
0.190440633
0.1901768
0.190164467
0.190351833
0.1904981
0.1905543
0.190504633
0.190301833
0.190054767
0.1896628
0.189133
0.1880926
0.1875894
0.186754467
0.185823733
0.184880433
0.183772233
0.1827495
0.1817033
0.1809494
0.180313167
0.1795917
0.179129867
0.179302567
0.1795705
0.1792674
0.178867533
0.178533433
0.1786361
0.178576467
0.178338033
0.178629367
0.179005633
0.179314467
0.1796906
0.180165833
0.1806231
0.181052733
0.181386533
0.181613767
0.181812233
0.1819104
0.1819549
0.1822459
0.182159167
0.182226867
0.182242067
0.182220833
0.182240033
0.182292167
0.182334633
0.1823595
0.182374533
0.1823749
0.1823475
0.182297467
0.182191633
0.1819978
0.181558833
0.1811043
0.180680367
0.180245867
0.179783867
0.1793606
0.1789794
0.1786195
0.178105533
0.1777559
0.1773615
0.176884267
0.176392333
0.1761262
0.1760076
0.175702
0.175430633
0.175243067
0.175275667
0.1751342
0.1751332
0.175136533
0.17503
0.175125633
0.1754452
0.1758944
0.176378167
0.1768481
0.1772698
0.1776282
0.1779311
0.178193
0.178428967
0.178658567
0.178857133
0.179014867
0.179154533
0.179299433
0.179425067
0.1795306
0.1796676
0.179785267
0.1798546
0.179854467
0.179764767
0.179552
0.1792546
0.178858433
0.178306633
0.1777732
0.177266433
0.176686433
0.176133233
0.175341733
0.1746666
0.174125867
0.173704667
0.172940033
0.172282
0.170970767
0.1697104
0.1684394
0.168375467
0.1679759
0.168445233
0.169055467
0.1696125
0.1699419
0.1701884
0.170439833
0.1706351
0.1708093
0.171047833
0.171304533
0.171492133
0.171630933
0.1717444
0.171856133
0.171956367
0.172052167
0.172137433
0.172309733
0.172391167
0.172387867
0.172502333
0.172560667
0.172626667
0.1726705
0.172718733
0.172752167
0.172792067
0.172837467
0.1728057
0.1727363
0.1725655
0.172313633
0.172007933
0.1715799
0.1711261
0.170733433
0.170318833
0.170079633
0.169766967
0.169059033
0.1688987
0.168523
0.167992633
0.167339067
0.165997567
0.164853833
0.164492567
0.163866433
0.1636107
0.1640959
0.164653333
0.164918867
0.165049
0.165291733
0.1655288
0.1657918
0.166117
0.166466833
0.1669136
0.167312367
0.1676514
0.1679404
0.168202333
0.168443167
0.168687833
0.168947067
0.1690891
0.1692592
0.1694249
0.169574033
0.169707433
0.1698082
0.169947033
0.1700537
0.170131433
0.170156433
0.170028267
0.1698574
0.169534767
0.169231167
0.168806967
0.168298867
0.167698867
0.167080267
0.166353133
0.165722667
0.165069833
0.164357867
0.163599167
0.162905433
0.162205567
0.161460267
0.1607918
0.160101267
0.1595709
0.159245233
0.1592504
0.159764033
0.160141433
0.160381667
0.160552767
0.160775033
0.160958433
0.1611801
0.1615006
0.161902167
0.1623139
0.162669867
0.162978333
0.163259167
0.163530567
0.163722433
0.163867067
0.164056967
0.1642111
0.1643081
0.164433
0.164468933
0.164553
0.1646498
0.1647365
0.1647387
0.164671867
0.164570567
0.164364633
0.1641224
0.1638587
0.1635643
0.163274333
0.162729
0.1620508
0.161583867
0.1611128
0.160510133
0.1599293
0.159200067
0.1585167
0.157886767
0.157140367
0.1562416
0.1551385
0.153990967
0.153690867
0.153486067
0.153713267
0.154335033
0.1550124
0.1554297
0.1556398
0.155882867
0.156130533
0.156402367
0.1567771
0.157241
0.157724933
0.158182033
0.158550233
0.1588492
0.159090333
0.159260867
0.159487933
0.159691067
0.159881833
0.160112033
0.1602847
0.160470433
0.1606614
0.160791667
0.160922133
0.161003233
0.1610776
0.1610939
0.160987867
0.160987867
