104
104.020833333333
104.041666666667
104.0625
104.083333333333
104.104166666667
104.125
104.145833333333
104.166666666667
104.1875
104.208333333333
104.229166666667
104.25
104.270833333333
104.291666666667
104.3125
104.333333333333
104.354166666667
104.375
104.395833333333
104.416666666667
104.4375
104.458333333333
104.479166666667
104.5
104.520833333333
104.541666666667
104.5625
104.583333333333
104.604166666667
104.625
104.645833333333
104.666666666667
104.6875
104.708333333333
104.729166666667
104.75
104.770833333333
104.791666666667
104.8125
104.833333333333
104.854166666667
104.875
104.895833333333
104.916666666667
104.9375
104.958333333333
104.979166666667
105
105.020833333333
105.041666666667
105.0625
105.083333333333
105.104166666667
105.125
105.145833333333
105.166666666667
105.1875
105.208333333333
105.229166666667
105.25
105.270833333333
105.291666666667
105.3125
105.333333333333
105.354166666667
105.375
105.395833333333
105.416666666667
105.4375
105.458333333333
105.479166666667
105.5
105.520833333333
105.541666666667
105.5625
105.583333333333
105.604166666667
105.625
105.645833333333
105.666666666667
105.6875
105.708333333333
105.729166666667
105.75
105.770833333333
105.791666666667
105.8125
105.833333333333
105.854166666667
105.875
105.895833333333
105.916666666667
105.9375
105.958333333333
105.979166666667
106
106.020833333333
106.041666666667
106.0625
106.083333333333
106.104166666667
106.125
106.145833333333
106.166666666667
106.1875
106.208333333333
106.229166666667
106.25
106.270833333333
106.291666666667
106.3125
106.333333333333
106.354166666667
106.375
106.395833333333
106.416666666667
106.4375
106.458333333333
106.479166666667
106.5
106.520833333333
106.541666666667
106.5625
106.583333333333
106.604166666667
106.625
106.645833333333
106.666666666667
106.6875
106.708333333333
106.729166666667
106.75
106.770833333333
106.791666666667
106.8125
106.833333333333
106.854166666667
106.875
106.895833333333
106.916666666667
106.9375
106.958333333333
106.979166666667
107
107.020833333333
107.041666666667
107.0625
107.083333333333
107.104166666667
107.125
107.145833333333
107.166666666667
107.1875
107.208333333333
107.229166666667
107.25
107.270833333333
107.291666666667
107.3125
107.333333333333
107.354166666667
107.375
107.395833333333
107.416666666667
107.4375
107.458333333333
107.479166666667
107.5
107.520833333333
107.541666666667
107.5625
107.583333333333
107.604166666667
107.625
107.645833333333
107.666666666667
107.6875
107.708333333333
107.729166666667
107.75
107.770833333333
107.791666666667
107.8125
107.833333333333
107.854166666667
107.875
107.895833333333
107.916666666667
107.9375
107.958333333333
107.979166666667
108
108.020833333333
108.041666666667
108.0625
108.083333333333
108.104166666667
108.125
108.145833333333
108.166666666667
108.1875
108.208333333333
108.229166666667
108.25
108.270833333333
108.291666666667
108.3125
108.333333333333
108.354166666667
108.375
108.395833333333
108.416666666667
108.4375
108.458333333333
108.479166666667
108.5
108.520833333333
108.541666666667
108.5625
108.583333333333
108.604166666667
108.625
108.645833333333
108.666666666667
108.6875
108.708333333333
108.729166666667
108.75
108.770833333333
108.791666666667
108.8125
108.833333333333
108.854166666667
108.875
108.895833333333
108.916666666667
108.9375
108.958333333333
108.979166666667
109
109.020833333333
109.041666666667
109.0625
109.083333333333
109.104166666667
109.125
109.145833333333
109.166666666667
109.1875
109.208333333333
109.229166666667
109.25
109.270833333333
109.291666666667
109.3125
109.333333333333
109.354166666667
109.375
109.395833333333
109.416666666667
109.4375
109.458333333333
109.479166666667
109.5
109.520833333333
109.541666666667
109.5625
109.583333333333
109.604166666667
109.625
109.645833333333
109.666666666667
109.6875
109.708333333333
109.729166666667
109.75
109.770833333333
109.791666666667
109.8125
109.833333333333
109.854166666667
109.875
109.895833333333
109.916666666667
109.9375
109.958333333333
109.979166666667
110
110.020833333333
110.041666666667
110.0625
110.083333333333
110.104166666667
110.125
110.145833333333
110.166666666667
110.1875
110.208333333333
110.229166666667
110.25
110.270833333333
110.291666666667
110.3125
110.333333333333
110.354166666667
110.375
110.395833333333
110.416666666667
110.4375
110.458333333333
110.479166666667
110.5
110.520833333333
110.541666666667
110.5625
110.583333333333
110.604166666667
110.625
110.645833333333
110.666666666667
110.6875
110.708333333333
110.729166666667
110.75
110.770833333333
110.791666666667
110.8125
110.833333333333
110.854166666667
110.875
110.895833333333
110.916666666667
110.9375
110.958333333333
110.979166666667
111
111.020833333333
111.041666666667
111.0625
111.083333333333
111.104166666667
111.125
111.145833333333
111.166666666667
111.1875
111.208333333333
111.229166666667
111.25
111.270833333333
111.291666666667
111.3125
111.333333333333
111.354166666667
111.375
111.395833333333
111.416666666667
111.4375
111.458333333333
111.479166666667
111.5
111.520833333333
111.541666666667
111.5625
111.583333333333
111.604166666667
111.625
111.645833333333
111.666666666667
111.6875
111.708333333333
111.729166666667
111.75
111.770833333333
111.791666666667
111.8125
111.833333333333
111.854166666667
111.875
111.895833333333
111.916666666667
111.9375
111.958333333333
111.979166666667
112
112.020833333333
112.041666666667
112.0625
112.083333333333
112.104166666667
112.125
112.145833333333
112.166666666667
112.1875
112.208333333333
112.229166666667
112.25
112.270833333333
112.291666666667
112.3125
112.333333333333
112.354166666667
112.375
112.395833333333
112.416666666667
112.4375
112.458333333333
112.479166666667
112.5
112.520833333333
112.541666666667
112.5625
112.583333333333
112.604166666667
112.625
112.645833333333
112.666666666667
112.6875
112.708333333333
112.729166666667
112.75
112.770833333333
112.791666666667
112.8125
112.833333333333
112.854166666667
112.875
112.895833333333
112.916666666667
112.9375
112.958333333333
112.979166666667
113
113.020833333333
113.041666666667
113.0625
113.083333333333
113.104166666667
113.125
113.145833333333
113.166666666667
113.1875
113.208333333333
113.229166666667
113.25
113.270833333333
113.291666666667
113.3125
113.333333333333
113.354166666667
113.375
113.395833333333
113.416666666667
113.4375
113.458333333333
113.479166666667
113.5
113.520833333333
113.541666666667
113.5625
113.583333333333
113.604166666667
113.625
113.645833333333
113.666666666667
113.6875
113.708333333333
113.729166666667
113.75
113.770833333333
113.791666666667
113.8125
113.833333333333
113.854166666667
113.875
113.895833333333
113.916666666667
113.9375
113.958333333333
113.979166666667
114
114.020833333333
114.041666666667
114.0625
114.083333333333
114.104166666667
114.125
114.145833333333
114.166666666667
114.1875
114.208333333333
114.229166666667
114.25
114.270833333333
114.291666666667
114.3125
114.333333333333
114.354166666667
114.375
114.395833333333
114.416666666667
114.4375
114.458333333333
114.479166666667
114.5
114.520833333333
114.541666666667
114.5625
114.583333333333
114.604166666667
114.625
114.645833333333
114.666666666667
114.6875
114.708333333333
114.729166666667
114.75
114.770833333333
114.791666666667
114.8125
114.833333333333
114.854166666667
114.875
114.895833333333
114.916666666667
114.9375
114.958333333333
114.979166666667
115
115.020833333333
115.041666666667
115.0625
115.083333333333
115.104166666667
115.125
115.145833333333
115.166666666667
115.1875
115.208333333333
115.229166666667
115.25
115.270833333333
115.291666666667
115.3125
115.333333333333
115.354166666667
115.375
115.395833333333
115.416666666667
115.4375
115.458333333333
115.479166666667
115.5
115.520833333333
115.541666666667
115.5625
115.583333333333
115.604166666667
115.625
115.645833333333
115.666666666667
115.6875
115.708333333333
115.729166666667
115.75
115.770833333333
115.791666666667
115.8125
115.833333333333
115.854166666667
115.875
115.895833333333
115.916666666667
115.9375
115.958333333333
115.979166666667
116
116.020833333333
116.041666666667
116.0625
116.083333333333
116.104166666667
116.125
116.145833333333
116.166666666667
116.1875
116.208333333333
116.229166666667
116.25
116.270833333333
116.291666666667
116.3125
116.333333333333
116.354166666667
116.375
116.395833333333
116.416666666667
116.4375
116.458333333333
116.479166666667
116.5
116.520833333333
116.541666666667
116.5625
116.583333333333
116.604166666667
116.625
116.645833333333
116.666666666667
116.6875
116.708333333333
116.729166666667
116.75
116.770833333333
116.791666666667
116.8125
116.833333333333
116.854166666667
116.875
116.895833333333
116.916666666667
116.9375
116.958333333333
116.979166666667
117
117.020833333333
117.041666666667
117.0625
117.083333333333
117.104166666667
117.125
117.145833333333
117.166666666667
117.1875
117.208333333333
117.229166666667
117.25
117.270833333333
117.291666666667
117.3125
117.333333333333
117.354166666667
117.375
117.395833333333
117.416666666667
117.4375
117.458333333333
117.479166666667
117.5
117.520833333333
117.541666666667
117.5625
117.583333333333
117.604166666667
117.625
117.645833333333
117.666666666667
117.6875
117.708333333333
117.729166666667
117.75
117.770833333333
117.791666666667
117.8125
117.833333333333
117.854166666667
117.875
117.895833333333
117.916666666667
117.9375
117.958333333333
117.979166666667
118
118.020833333333
118.041666666667
118.0625
118.083333333333
118.104166666667
118.125
118.145833333333
118.166666666667
118.1875
118.208333333333
118.229166666667
118.25
118.270833333333
118.291666666667
118.3125
118.333333333333
118.354166666667
118.375
118.395833333333
118.416666666667
118.4375
118.458333333333
118.479166666667
118.5
118.520833333333
118.541666666667
118.5625
118.583333333333
118.604166666667
118.625
118.645833333333
118.666666666667
118.6875
118.708333333333
118.729166666667
118.75
118.770833333333
118.791666666667
118.8125
118.833333333333
118.854166666667
118.875
118.895833333333
118.916666666667
118.9375
118.958333333333
118.979166666667
119
119.020833333333
119.041666666667
119.0625
119.083333333333
119.104166666667
119.125
119.145833333333
119.166666666667
119.1875
119.208333333333
119.229166666667
119.25
119.270833333333
119.291666666667
119.3125
119.333333333333
119.354166666667
119.375
119.395833333333
119.416666666667
119.4375
119.458333333333
119.479166666667
119.5
119.520833333333
119.541666666667
119.5625
119.583333333333
119.604166666667
119.625
119.645833333333
119.666666666667
119.6875
119.708333333333
119.729166666667
119.75
119.770833333333
119.791666666667
119.8125
119.833333333333
119.854166666667
119.875
119.895833333333
119.916666666667
119.9375
119.958333333333
119.979166666667
120
120.020833333333
120.041666666667
120.0625
120.083333333333
120.104166666667
120.125
120.145833333333
120.166666666667
120.1875
120.208333333333
120.229166666667
120.25
120.270833333333
120.291666666667
120.3125
120.333333333333
120.354166666667
120.375
120.395833333333
120.416666666667
120.4375
120.458333333333
120.479166666667
120.5
120.520833333333
120.541666666667
120.5625
120.583333333333
120.604166666667
120.625
120.645833333333
120.666666666667
120.6875
120.708333333333
120.729166666667
120.75
120.770833333333
120.791666666667
120.8125
120.833333333333
120.854166666667
120.875
120.895833333333
120.916666666667
120.9375
120.958333333333
120.979166666667
121
121.020833333333
121.041666666667
121.0625
121.083333333333
121.104166666667
121.125
121.145833333333
121.166666666667
121.1875
121.208333333333
121.229166666667
121.25
121.270833333333
121.291666666667
121.3125
121.333333333333
121.354166666667
121.375
121.395833333333
121.416666666667
121.4375
121.458333333333
121.479166666667
121.5
121.520833333333
121.541666666667
121.5625
121.583333333333
121.604166666667
121.625
121.645833333333
121.666666666667
121.6875
121.708333333333
121.729166666667
121.75
121.770833333333
121.791666666667
121.8125
121.833333333333
121.854166666667
121.875
121.895833333333
121.916666666667
121.9375
121.958333333333
121.979166666667
122
122.020833333333
122.041666666667
122.0625
122.083333333333
122.104166666667
122.125
122.145833333333
122.166666666667
122.1875
122.208333333333
122.229166666667
122.25
122.270833333333
122.291666666667
122.3125
122.333333333333
122.354166666667
122.375
122.395833333333
122.416666666667
122.4375
122.458333333333
122.479166666667
122.5
122.520833333333
122.541666666667
122.5625
122.583333333333
122.604166666667
122.625
122.645833333333
122.666666666667
122.6875
122.708333333333
122.729166666667
122.75
122.770833333333
122.791666666667
122.8125
122.833333333333
122.854166666667
122.875
122.895833333333
122.916666666667
122.9375
122.958333333333
122.979166666667
123
123.020833333333
123.041666666667
123.0625
123.083333333333
123.104166666667
123.125
123.145833333333
123.166666666667
123.1875
123.208333333333
123.229166666667
123.25
123.270833333333
123.291666666667
123.3125
123.333333333333
123.354166666667
123.375
123.395833333333
123.416666666667
123.4375
123.458333333333
123.479166666667
123.5
123.520833333333
123.541666666667
123.5625
123.583333333333
123.604166666667
123.625
123.645833333333
123.666666666667
123.6875
123.708333333333
123.729166666667
123.75
123.770833333333
123.791666666667
123.8125
123.833333333333
123.854166666667
123.875
123.895833333333
123.916666666667
123.9375
123.958333333333
123.979166666667
124
124.020833333333
124.041666666667
124.0625
124.083333333333
124.104166666667
124.125
124.145833333333
124.166666666667
124.1875
124.208333333333
124.229166666667
124.25
124.270833333333
124.291666666667
124.3125
124.333333333333
124.354166666667
124.375
124.395833333333
124.416666666667
124.4375
124.458333333333
124.479166666667
124.5
124.520833333333
124.541666666667
124.5625
124.583333333333
124.604166666667
124.625
124.645833333333
124.666666666667
124.6875
124.708333333333
124.729166666667
124.75
124.770833333333
124.791666666667
124.8125
124.833333333333
124.854166666667
124.875
124.895833333333
124.916666666667
124.9375
124.958333333333
124.979166666667
125
125.020833333333
125.041666666667
125.0625
125.083333333333
125.104166666667
125.125
125.145833333333
125.166666666667
125.1875
125.208333333333
125.229166666667
125.25
125.270833333333
125.291666666667
125.3125
125.333333333333
125.354166666667
125.375
125.395833333333
125.416666666667
125.4375
125.458333333333
125.479166666667
125.5
125.520833333333
125.541666666667
125.5625
125.583333333333
125.604166666667
125.625
125.645833333333
125.666666666667
125.6875
125.708333333333
125.729166666667
125.75
125.770833333333
125.791666666667
125.8125
125.833333333333
125.854166666667
125.875
125.895833333333
125.916666666667
125.9375
125.958333333333
125.979166666667
126
126.020833333333
126.041666666667
126.0625
126.083333333333
126.104166666667
126.125
126.145833333333
126.166666666667
126.1875
126.208333333333
126.229166666667
126.25
126.270833333333
126.291666666667
126.3125
126.333333333333
126.354166666667
126.375
126.395833333333
126.416666666667
126.4375
126.458333333333
126.479166666667
126.5
126.520833333333
126.541666666667
126.5625
126.583333333333
126.604166666667
126.625
126.645833333333
126.666666666667
126.6875
126.708333333333
126.729166666667
126.75
126.770833333333
126.791666666667
126.8125
126.833333333333
126.854166666667
126.875
126.895833333333
126.916666666667
126.9375
126.958333333333
126.979166666667
127
127.020833333333
127.041666666667
127.0625
127.083333333333
127.104166666667
127.125
127.145833333333
127.166666666667
127.1875
127.208333333333
127.229166666667
127.25
127.270833333333
127.291666666667
127.3125
127.333333333333
127.354166666667
127.375
127.395833333333
127.416666666667
127.4375
127.458333333333
127.479166666667
127.5
127.520833333333
127.541666666667
127.5625
127.583333333333
127.604166666667
127.625
127.645833333333
127.666666666667
127.6875
127.708333333333
127.729166666667
127.75
127.770833333333
127.791666666667
127.8125
127.833333333333
127.854166666667
127.875
127.895833333333
127.916666666667
127.9375
127.958333333333
127.979166666667
128
128.020833333333
128.041666666667
128.0625
128.083333333333
128.104166666667
128.125
128.145833333333
128.166666666667
128.1875
128.208333333333
128.229166666667
128.25
128.270833333333
128.291666666667
128.3125
128.333333333333
128.354166666667
128.375
128.395833333333
128.416666666667
128.4375
128.458333333333
128.479166666667
128.5
128.520833333333
128.541666666667
128.5625
128.583333333333
128.604166666667
128.625
128.645833333333
128.666666666667
128.6875
128.708333333333
128.729166666667
128.75
128.770833333333
128.791666666667
128.8125
128.833333333333
128.854166666667
128.875
128.895833333333
128.916666666667
128.9375
128.958333333333
128.979166666667
129
129.020833333333
129.041666666667
129.0625
129.083333333333
129.104166666667
129.125
129.145833333333
129.166666666667
129.1875
129.208333333333
129.229166666667
129.25
129.270833333333
129.291666666667
129.3125
129.333333333333
129.354166666667
129.375
129.395833333333
129.416666666667
129.4375
129.458333333333
129.479166666667
129.5
129.520833333333
129.541666666667
129.5625
129.583333333333
129.604166666667
129.625
129.645833333333
129.666666666667
129.6875
129.708333333333
129.729166666667
129.75
129.770833333333
129.791666666667
129.8125
129.833333333333
129.854166666667
129.875
129.895833333333
129.916666666667
129.9375
129.958333333333
129.979166666667
130
130.020833333333
130.041666666667
130.0625
130.083333333333
130.104166666667
130.125
130.145833333333
130.166666666667
130.1875
130.208333333333
130.229166666667
130.25
130.270833333333
130.291666666667
130.3125
130.333333333333
130.354166666667
130.375
130.395833333333
130.416666666667
130.4375
130.458333333333
130.479166666667
130.5
130.520833333333
130.541666666667
130.5625
130.583333333333
130.604166666667
130.625
130.645833333333
130.666666666667
130.6875
130.708333333333
130.729166666667
130.75
130.770833333333
130.791666666667
130.8125
130.833333333333
130.854166666667
130.875
130.895833333333
130.916666666667
130.9375
130.958333333333
130.979166666667
131
131.020833333333
131.041666666667
131.0625
131.083333333333
131.104166666667
131.125
131.145833333333
131.166666666667
131.1875
131.208333333333
131.229166666667
131.25
131.270833333333
131.291666666667
131.3125
131.333333333333
131.354166666667
131.375
131.395833333333
131.416666666667
131.4375
131.458333333333
131.479166666667
131.5
131.520833333333
131.541666666667
131.5625
131.583333333333
131.604166666667
131.625
131.645833333333
131.666666666667
131.6875
131.708333333333
131.729166666667
131.75
131.770833333333
131.791666666667
131.8125
131.833333333333
131.854166666667
131.875
131.895833333333
131.916666666667
131.9375
131.958333333333
131.979166666667
132
132.020833333333
132.041666666667
132.0625
132.083333333333
132.104166666667
132.125
132.145833333333
132.166666666667
132.1875
132.208333333333
132.229166666667
132.25
132.270833333333
132.291666666667
132.3125
132.333333333333
132.354166666667
132.375
132.395833333333
132.416666666667
132.4375
132.458333333333
132.479166666667
132.5
132.520833333333
132.541666666667
132.5625
132.583333333333
132.604166666667
132.625
132.645833333333
132.666666666667
132.6875
132.708333333333
132.729166666667
132.75
132.770833333333
132.791666666667
132.8125
132.833333333333
132.854166666667
132.875
132.895833333333
132.916666666667
132.9375
132.958333333333
132.979166666667
133
133.020833333333
133.041666666667
133.0625
133.083333333333
133.104166666667
133.125
133.145833333333
133.166666666667
133.1875
133.208333333333
133.229166666667
133.25
133.270833333333
133.291666666667
133.3125
133.333333333333
133.354166666667
133.375
133.395833333333
133.416666666667
133.4375
133.458333333333
133.479166666667
133.5
133.520833333333
133.541666666667
133.5625
133.583333333333
133.604166666667
133.625
133.645833333333
133.666666666667
133.6875
133.708333333333
133.729166666667
133.75
133.770833333333
133.791666666667
133.8125
133.833333333333
133.854166666667
133.875
133.895833333333
133.916666666667
133.9375
133.958333333333
133.979166666667
134
134.020833333333
134.041666666667
134.0625
134.083333333333
134.104166666667
134.125
134.145833333333
134.166666666667
134.1875
134.208333333333
134.229166666667
134.25
134.270833333333
134.291666666667
134.3125
134.333333333333
134.354166666667
134.375
134.395833333333
134.416666666667
134.4375
134.458333333333
134.479166666667
134.5
134.520833333333
134.541666666667
134.5625
134.583333333333
134.604166666667
134.625
134.645833333333
134.666666666667
134.6875
134.708333333333
134.729166666667
134.75
134.770833333333
134.791666666667
134.8125
134.833333333333
134.854166666667
134.875
134.895833333333
134.916666666667
134.9375
134.958333333333
134.979166666667
135
135.020833333333
135.041666666667
135.0625
135.083333333333
135.104166666667
135.125
135.145833333333
135.166666666667
135.1875
135.208333333333
135.229166666667
135.25
135.270833333333
135.291666666667
135.3125
135.333333333333
135.354166666667
135.375
135.395833333333
135.416666666667
135.4375
135.458333333333
135.479166666667
135.5
135.520833333333
135.541666666667
135.5625
135.583333333333
135.604166666667
135.625
135.645833333333
135.666666666667
135.6875
135.708333333333
135.729166666667
135.75
135.770833333333
135.791666666667
135.8125
135.833333333333
135.854166666667
135.875
135.895833333333
135.916666666667
135.9375
135.958333333333
135.979166666667
136
136.020833333333
136.041666666667
136.0625
136.083333333333
136.104166666667
136.125
136.145833333333
136.166666666667
136.1875
136.208333333333
136.229166666667
136.25
136.270833333333
136.291666666667
136.3125
136.333333333333
136.354166666667
136.375
136.395833333333
136.416666666667
136.4375
136.458333333333
136.479166666667
136.5
136.520833333333
136.541666666667
136.5625
136.583333333333
136.604166666667
136.625
136.645833333333
136.666666666667
136.6875
136.708333333333
136.729166666667
136.75
136.770833333333
136.791666666667
136.8125
136.833333333333
136.854166666667
136.875
136.895833333333
136.916666666667
136.9375
136.958333333333
136.979166666667
137
137.020833333333
137.041666666667
137.0625
137.083333333333
137.104166666667
137.125
137.145833333333
137.166666666667
137.1875
137.208333333333
137.229166666667
137.25
137.270833333333
137.291666666667
137.3125
137.333333333333
137.354166666667
137.375
137.395833333333
137.416666666667
137.4375
137.458333333333
137.479166666667
137.5
137.520833333333
137.541666666667
137.5625
137.583333333333
137.604166666667
137.625
137.645833333333
137.666666666667
137.6875
137.708333333333
137.729166666667
137.75
137.770833333333
137.791666666667
137.8125
137.833333333333
137.854166666667
137.875
137.895833333333
137.916666666667
137.9375
137.958333333333
137.979166666667
138
138.020833333333
138.041666666667
138.0625
138.083333333333
138.104166666667
138.125
138.145833333333
138.166666666667
138.1875
138.208333333333
138.229166666667
138.25
138.270833333333
138.291666666667
138.3125
138.333333333333
138.354166666667
138.375
138.395833333333
138.416666666667
138.4375
138.458333333333
138.479166666667
138.5
138.520833333333
138.541666666667
138.5625
138.583333333333
138.604166666667
138.625
138.645833333333
138.666666666667
138.6875
138.708333333333
138.729166666667
138.75
138.770833333333
138.791666666667
138.8125
138.833333333333
138.854166666667
138.875
138.895833333333
138.916666666667
138.9375
138.958333333333
138.979166666667
139
139.020833333333
139.041666666667
139.0625
139.083333333333
139.104166666667
139.125
139.145833333333
139.166666666667
139.1875
139.208333333333
139.229166666667
139.25
139.270833333333
139.291666666667
139.3125
139.333333333333
139.354166666667
139.375
139.395833333333
139.416666666667
139.4375
139.458333333333
139.479166666667
139.5
139.520833333333
139.541666666667
139.5625
139.583333333333
139.604166666667
139.625
139.645833333333
139.666666666667
139.6875
139.708333333333
139.729166666667
139.75
139.770833333333
139.791666666667
139.8125
139.833333333333
139.854166666667
139.875
139.895833333333
139.916666666667
139.9375
139.958333333333
139.979166666667
140
140.020833333333
140.041666666667
140.0625
140.083333333333
140.104166666667
140.125
140.145833333333
140.166666666667
140.1875
140.208333333333
140.229166666667
140.25
140.270833333333
140.291666666667
140.3125
140.333333333333
140.354166666667
140.375
140.395833333333
140.416666666667
140.4375
140.458333333333
140.479166666667
140.5
140.520833333333
140.541666666667
140.5625
140.583333333333
140.604166666667
140.625
140.645833333333
140.666666666667
140.6875
140.708333333333
140.729166666667
140.75
140.770833333333
140.791666666667
140.8125
140.833333333333
140.854166666667
140.875
140.895833333333
140.916666666667
140.9375
140.958333333333
140.979166666667
141
141.020833333333
141.041666666667
141.0625
141.083333333333
141.104166666667
141.125
141.145833333333
141.166666666667
141.1875
141.208333333333
141.229166666667
141.25
141.270833333333
141.291666666667
141.3125
141.333333333333
141.354166666667
141.375
141.395833333333
141.416666666667
141.4375
141.458333333333
141.479166666667
141.5
141.520833333333
141.541666666667
141.5625
141.583333333333
141.604166666667
141.625
141.645833333333
141.666666666667
141.6875
141.708333333333
141.729166666667
141.75
141.770833333333
141.791666666667
141.8125
141.833333333333
141.854166666667
141.875
141.895833333333
141.916666666667
141.9375
141.958333333333
141.979166666667
142
142.020833333333
142.041666666667
142.0625
142.083333333333
142.104166666667
142.125
142.145833333333
142.166666666667
142.1875
142.208333333333
142.229166666667
142.25
142.270833333333
142.291666666667
142.3125
142.333333333333
142.354166666667
142.375
142.395833333333
142.416666666667
142.4375
142.458333333333
142.479166666667
142.5
142.520833333333
142.541666666667
142.5625
142.583333333333
142.604166666667
142.625
142.645833333333
142.666666666667
142.6875
142.708333333333
142.729166666667
142.75
142.770833333333
142.791666666667
142.8125
142.833333333333
142.854166666667
142.875
142.895833333333
142.916666666667
142.9375
142.958333333333
142.979166666667
143
143.020833333333
143.041666666667
143.0625
143.083333333333
143.104166666667
143.125
143.145833333333
143.166666666667
143.1875
143.208333333333
143.229166666667
143.25
143.270833333333
143.291666666667
143.3125
143.333333333333
143.354166666667
143.375
143.395833333333
143.416666666667
143.4375
143.458333333333
143.479166666667
143.5
143.520833333333
143.541666666667
143.5625
143.583333333333
143.604166666667
143.625
143.645833333333
143.666666666667
143.6875
143.708333333333
143.729166666667
143.75
143.770833333333
143.791666666667
143.8125
143.833333333333
143.854166666667
143.875
143.895833333333
143.916666666667
143.9375
143.958333333333
143.979166666667
144
144.020833333333
144.041666666667
144.0625
144.083333333333
144.104166666667
144.125
144.145833333333
144.166666666667
144.1875
144.208333333333
144.229166666667
144.25
144.270833333333
144.291666666667
144.3125
144.333333333333
144.354166666667
144.375
144.395833333333
144.416666666667
144.4375
144.458333333333
144.479166666667
144.5
144.520833333333
144.541666666667
144.5625
144.583333333333
144.604166666667
144.625
144.645833333333
144.666666666667
144.6875
144.708333333333
144.729166666667
144.75
144.770833333333
144.791666666667
144.8125
144.833333333333
144.854166666667
144.875
144.895833333333
144.916666666667
144.9375
144.958333333333
144.979166666667
145
145.020833333333
145.041666666667
145.0625
145.083333333333
145.104166666667
145.125
145.145833333333
145.166666666667
145.1875
145.208333333333
145.229166666667
145.25
145.270833333333
145.291666666667
145.3125
145.333333333333
145.354166666667
145.375
145.395833333333
145.416666666667
145.4375
145.458333333333
145.479166666667
145.5
145.520833333333
145.541666666667
145.5625
145.583333333333
145.604166666667
145.625
145.645833333333
145.666666666667
145.6875
145.708333333333
145.729166666667
145.75
145.770833333333
145.791666666667
145.8125
145.833333333333
145.854166666667
145.875
145.895833333333
145.916666666667
145.9375
145.958333333333
145.979166666667
146
146.020833333333
146.041666666667
146.0625
146.083333333333
146.104166666667
146.125
146.145833333333
146.166666666667
146.1875
146.208333333333
146.229166666667
146.25
146.270833333333
146.291666666667
146.3125
146.333333333333
146.354166666667
146.375
146.395833333333
146.416666666667
146.4375
146.458333333333
146.479166666667
146.5
146.520833333333
146.541666666667
146.5625
146.583333333333
146.604166666667
146.625
146.645833333333
146.666666666667
146.6875
146.708333333333
146.729166666667
146.75
146.770833333333
146.791666666667
146.8125
146.833333333333
146.854166666667
146.875
146.895833333333
146.916666666667
146.9375
146.958333333333
146.979166666667
147
147.020833333333
147.041666666667
147.0625
147.083333333333
147.104166666667
147.125
147.145833333333
147.166666666667
147.1875
147.208333333333
147.229166666667
147.25
147.270833333333
147.291666666667
147.3125
147.333333333333
147.354166666667
147.375
147.395833333333
147.416666666667
147.4375
147.458333333333
147.479166666667
147.5
147.520833333333
147.541666666667
147.5625
147.583333333333
147.604166666667
147.625
147.645833333333
147.666666666667
147.6875
147.708333333333
147.729166666667
147.75
147.770833333333
147.791666666667
147.8125
147.833333333333
147.854166666667
147.875
147.895833333333
147.916666666667
147.9375
147.958333333333
147.979166666667
148
148.020833333333
148.041666666667
148.0625
148.083333333333
148.104166666667
148.125
148.145833333333
148.166666666667
148.1875
148.208333333333
148.229166666667
148.25
148.270833333333
148.291666666667
148.3125
148.333333333333
148.354166666667
148.375
148.395833333333
148.416666666667
148.4375
148.458333333333
148.479166666667
148.5
148.520833333333
148.541666666667
148.5625
148.583333333333
148.604166666667
148.625
148.645833333333
148.666666666667
148.6875
148.708333333333
148.729166666667
148.75
148.770833333333
148.791666666667
148.8125
148.833333333333
148.854166666667
148.875
148.895833333333
148.916666666667
148.9375
148.958333333333
148.979166666667
149
149.020833333333
149.041666666667
149.0625
149.083333333333
149.104166666667
149.125
149.145833333333
149.166666666667
149.1875
149.208333333333
149.229166666667
149.25
149.270833333333
149.291666666667
149.3125
149.333333333333
149.354166666667
149.375
149.395833333333
149.416666666667
149.4375
149.458333333333
149.479166666667
149.5
149.520833333333
149.541666666667
149.5625
149.583333333333
149.604166666667
149.625
149.645833333333
149.666666666667
149.6875
149.708333333333
149.729166666667
149.75
149.770833333333
149.791666666667
149.8125
149.833333333333
149.854166666667
149.875
149.895833333333
149.916666666667
149.9375
149.958333333333
149.979166666667
150
150.020833333333
150.041666666667
150.0625
150.083333333333
150.104166666667
150.125
150.145833333333
150.166666666667
150.1875
150.208333333333
150.229166666667
150.25
150.270833333333
150.291666666667
150.3125
150.333333333333
150.354166666667
150.375
150.395833333333
150.416666666667
150.4375
150.458333333333
150.479166666667
150.5
150.520833333333
150.541666666667
150.5625
150.583333333333
150.604166666667
150.625
150.645833333333
150.666666666667
150.6875
150.708333333333
150.729166666667
150.75
150.770833333333
150.791666666667
150.8125
150.833333333333
150.854166666667
150.875
150.895833333333
150.916666666667
150.9375
150.958333333333
150.979166666667
151
151.020833333333
151.041666666667
151.0625
151.083333333333
151.104166666667
151.125
151.145833333333
151.166666666667
151.1875
151.208333333333
151.229166666667
151.25
151.270833333333
151.291666666667
151.3125
151.333333333333
151.354166666667
151.375
151.395833333333
151.416666666667
151.4375
151.458333333333
151.479166666667
151.5
151.520833333333
151.541666666667
151.5625
151.583333333333
151.604166666667
151.625
151.645833333333
151.666666666667
151.6875
151.708333333333
151.729166666667
151.75
151.770833333333
151.791666666667
151.8125
151.833333333333
151.854166666667
151.875
151.895833333333
151.916666666667
151.9375
151.958333333333
151.979166666667
152
152.020833333333
152.041666666667
152.0625
152.083333333333
152.104166666667
152.125
152.145833333333
152.166666666667
152.1875
152.208333333333
152.229166666667
152.25
152.270833333333
152.291666666667
152.3125
152.333333333333
152.354166666667
152.375
152.395833333333
152.416666666667
152.4375
152.458333333333
152.479166666667
152.5
152.520833333333
152.541666666667
152.5625
152.583333333333
152.604166666667
152.625
152.645833333333
152.666666666667
152.6875
152.708333333333
152.729166666667
152.75
152.770833333333
152.791666666667
152.8125
152.833333333333
152.854166666667
152.875
152.895833333333
152.916666666667
152.9375
152.958333333333
152.979166666667
153
153.020833333333
153.041666666667
153.0625
153.083333333333
153.104166666667
153.125
153.145833333333
153.166666666667
153.1875
153.208333333333
153.229166666667
153.25
153.270833333333
153.291666666667
153.3125
153.333333333333
153.354166666667
153.375
153.395833333333
153.416666666667
153.4375
153.458333333333
153.479166666667
153.5
153.520833333333
153.541666666667
153.5625
153.583333333333
153.604166666667
153.625
153.645833333333
153.666666666667
153.6875
153.708333333333
153.729166666667
153.75
153.770833333333
153.791666666667
153.8125
153.833333333333
153.854166666667
153.875
153.895833333333
153.916666666667
153.9375
153.958333333333
153.979166666667
154
154.020833333333
154.041666666667
154.0625
154.083333333333
154.104166666667
154.125
154.145833333333
154.166666666667
154.1875
154.208333333333
154.229166666667
154.25
154.270833333333
154.291666666667
154.3125
154.333333333333
154.354166666667
154.375
154.395833333333
154.416666666667
154.4375
154.458333333333
154.479166666667
154.5
154.520833333333
154.541666666667
154.5625
154.583333333333
154.604166666667
154.625
154.645833333333
154.666666666667
154.6875
154.708333333333
154.729166666667
154.75
154.770833333333
154.791666666667
154.8125
154.833333333333
154.854166666667
154.875
154.895833333333
154.916666666667
154.9375
154.958333333333
154.979166666667
155
155.020833333333
155.041666666667
155.0625
155.083333333333
155.104166666667
155.125
155.145833333333
155.166666666667
155.1875
155.208333333333
155.229166666667
155.25
155.270833333333
155.291666666667
155.3125
155.333333333333
155.354166666667
155.375
155.395833333333
155.416666666667
155.4375
155.458333333333
155.479166666667
155.5
155.520833333333
155.541666666667
155.5625
155.583333333333
155.604166666667
155.625
155.645833333333
155.666666666667
155.6875
155.708333333333
155.729166666667
155.75
155.770833333333
155.791666666667
155.8125
155.833333333333
155.854166666667
155.875
155.895833333333
155.916666666667
155.9375
155.958333333333
155.979166666667
156
156.020833333333
156.041666666667
156.0625
156.083333333333
156.104166666667
156.125
156.145833333333
156.166666666667
156.1875
156.208333333333
156.229166666667
156.25
156.270833333333
156.291666666667
156.3125
156.333333333333
156.354166666667
156.375
156.395833333333
156.416666666667
156.4375
156.458333333333
156.479166666667
156.5
156.520833333333
156.541666666667
156.5625
156.583333333333
156.604166666667
156.625
156.645833333333
156.666666666667
156.6875
156.708333333333
156.729166666667
156.75
156.770833333333
156.791666666667
156.8125
156.833333333333
156.854166666667
156.875
156.895833333333
156.916666666667
156.9375
156.958333333333
156.979166666667
157
157.020833333333
157.041666666667
157.0625
157.083333333333
157.104166666667
157.125
157.145833333333
157.166666666667
157.1875
157.208333333333
157.229166666667
157.25
157.270833333333
157.291666666667
157.3125
157.333333333333
157.354166666667
157.375
157.395833333333
157.416666666667
157.4375
157.458333333333
157.479166666667
157.5
157.520833333333
157.541666666667
157.5625
157.583333333333
157.604166666667
157.625
157.645833333333
157.666666666667
157.6875
157.708333333333
157.729166666667
157.75
157.770833333333
157.791666666667
157.8125
157.833333333333
157.854166666667
157.875
157.895833333333
157.916666666667
157.9375
157.958333333333
157.979166666667
158
158.020833333333
158.041666666667
158.0625
158.083333333333
158.104166666667
158.125
158.145833333333
158.166666666667
158.1875
158.208333333333
158.229166666667
158.25
158.270833333333
158.291666666667
158.3125
158.333333333333
158.354166666667
158.375
158.395833333333
158.416666666667
158.4375
158.458333333333
158.479166666667
158.5
158.520833333333
158.541666666667
158.5625
158.583333333333
158.604166666667
158.625
158.645833333333
158.666666666667
158.6875
158.708333333333
158.729166666667
158.75
158.770833333333
158.791666666667
158.8125
158.833333333333
158.854166666667
158.875
158.895833333333
158.916666666667
158.9375
158.958333333333
158.979166666667
159
159.020833333333
159.041666666667
159.0625
159.083333333333
159.104166666667
159.125
159.145833333333
159.166666666667
159.1875
159.208333333333
159.229166666667
159.25
159.270833333333
159.291666666667
159.3125
159.333333333333
159.354166666667
159.375
159.395833333333
159.416666666667
159.4375
159.458333333333
159.479166666667
159.5
159.520833333333
159.541666666667
159.5625
159.583333333333
159.604166666667
159.625
159.645833333333
159.666666666667
159.6875
159.708333333333
159.729166666667
159.75
159.770833333333
159.791666666667
159.8125
159.833333333333
159.854166666667
159.875
159.895833333333
159.916666666667
159.9375
159.958333333333
159.979166666667
160
160.020833333333
160.041666666667
160.0625
160.083333333333
160.104166666667
160.125
160.145833333333
160.166666666667
160.1875
160.208333333333
160.229166666667
160.25
160.270833333333
160.291666666667
160.3125
160.333333333333
160.354166666667
160.375
160.395833333333
160.416666666667
160.4375
160.458333333333
160.479166666667
160.5
160.520833333333
160.541666666667
160.5625
160.583333333333
160.604166666667
160.625
160.645833333333
160.666666666667
160.6875
160.708333333333
160.729166666667
160.75
160.770833333333
160.791666666667
160.8125
160.833333333333
160.854166666667
160.875
160.895833333333
160.916666666667
160.9375
160.958333333333
160.979166666667
161
161.020833333333
161.041666666667
161.0625
161.083333333333
161.104166666667
161.125
161.145833333333
161.166666666667
161.1875
161.208333333333
161.229166666667
161.25
161.270833333333
161.291666666667
161.3125
161.333333333333
161.354166666667
161.375
161.395833333333
161.416666666667
161.4375
161.458333333333
161.479166666667
161.5
161.520833333333
161.541666666667
161.5625
161.583333333333
161.604166666667
161.625
161.645833333333
161.666666666667
161.6875
161.708333333333
161.729166666667
161.75
161.770833333333
161.791666666667
161.8125
161.833333333333
161.854166666667
161.875
161.895833333333
161.916666666667
161.9375
161.958333333333
161.979166666667
162
162.020833333333
162.041666666667
162.0625
162.083333333333
162.104166666667
162.125
162.145833333333
162.166666666667
162.1875
162.208333333333
162.229166666667
162.25
162.270833333333
162.291666666667
162.3125
162.333333333333
162.354166666667
162.375
162.395833333333
162.416666666667
162.4375
162.458333333333
162.479166666667
162.5
162.520833333333
162.541666666667
162.5625
162.583333333333
162.604166666667
162.625
162.645833333333
162.666666666667
162.6875
162.708333333333
162.729166666667
162.75
162.770833333333
162.791666666667
162.8125
162.833333333333
162.854166666667
162.875
162.895833333333
162.916666666667
162.9375
162.958333333333
162.979166666667
163
163.020833333333
163.041666666667
163.0625
163.083333333333
163.104166666667
163.125
163.145833333333
163.166666666667
163.1875
163.208333333333
163.229166666667
163.25
163.270833333333
163.291666666667
163.3125
163.333333333333
163.354166666667
163.375
163.395833333333
163.416666666667
163.4375
163.458333333333
163.479166666667
163.5
163.520833333333
163.541666666667
163.5625
163.583333333333
163.604166666667
163.625
163.645833333333
163.666666666667
163.6875
163.708333333333
163.729166666667
163.75
163.770833333333
163.791666666667
163.8125
163.833333333333
163.854166666667
163.875
163.895833333333
163.916666666667
163.9375
163.958333333333
163.979166666667
164
164.020833333333
164.041666666667
164.0625
164.083333333333
164.104166666667
164.125
164.145833333333
164.166666666667
164.1875
164.208333333333
164.229166666667
164.25
164.270833333333
164.291666666667
164.3125
164.333333333333
164.354166666667
164.375
164.395833333333
164.416666666667
164.4375
164.458333333333
164.479166666667
164.5
164.520833333333
164.541666666667
164.5625
164.583333333333
164.604166666667
164.625
164.645833333333
164.666666666667
164.6875
164.708333333333
164.729166666667
164.75
164.770833333333
164.791666666667
164.8125
164.833333333333
164.854166666667
164.875
164.895833333333
164.916666666667
164.9375
164.958333333333
164.979166666667
165
165.020833333333
165.041666666667
165.0625
165.083333333333
165.104166666667
165.125
165.145833333333
165.166666666667
165.1875
165.208333333333
165.229166666667
165.25
165.270833333333
165.291666666667
165.3125
165.333333333333
165.354166666667
165.375
165.395833333333
165.416666666667
165.4375
165.458333333333
165.479166666667
165.5
165.520833333333
165.541666666667
165.5625
165.583333333333
165.604166666667
165.625
165.645833333333
165.666666666667
165.6875
165.708333333333
165.729166666667
165.75
165.770833333333
165.791666666667
165.8125
165.833333333333
165.854166666667
165.875
165.895833333333
165.916666666667
165.9375
165.958333333333
165.979166666667
166
166.020833333333
166.041666666667
166.0625
166.083333333333
166.104166666667
166.125
166.145833333333
166.166666666667
166.1875
166.208333333333
166.229166666667
166.25
166.270833333333
166.291666666667
166.3125
166.333333333333
166.354166666667
166.375
166.395833333333
166.416666666667
166.4375
166.458333333333
166.479166666667
166.5
166.520833333333
166.541666666667
166.5625
166.583333333333
166.604166666667
166.625
166.645833333333
166.666666666667
166.6875
166.708333333333
166.729166666667
166.75
166.770833333333
166.791666666667
166.8125
166.833333333333
166.854166666667
166.875
166.895833333333
166.916666666667
166.9375
166.958333333333
166.979166666667
167
167.020833333333
167.041666666667
167.0625
167.083333333333
167.104166666667
167.125
167.145833333333
167.166666666667
167.1875
167.208333333333
167.229166666667
167.25
167.270833333333
167.291666666667
167.3125
167.333333333333
167.354166666667
167.375
167.395833333333
167.416666666667
167.4375
167.458333333333
167.479166666667
167.5
167.520833333333
167.541666666667
167.5625
167.583333333333
167.604166666667
167.625
167.645833333333
167.666666666667
167.6875
167.708333333333
167.729166666667
167.75
167.770833333333
167.791666666667
167.8125
167.833333333333
167.854166666667
167.875
167.895833333333
167.916666666667
167.9375
167.958333333333
167.979166666667
168
168.020833333333
168.041666666667
168.0625
168.083333333333
168.104166666667
168.125
168.145833333333
168.166666666667
168.1875
168.208333333333
168.229166666667
168.25
168.270833333333
168.291666666667
168.3125
168.333333333333
168.354166666667
168.375
168.395833333333
168.416666666667
168.4375
168.458333333333
168.479166666667
168.5
168.520833333333
168.541666666667
168.5625
168.583333333333
168.604166666667
168.625
168.645833333333
168.666666666667
168.6875
168.708333333333
168.729166666667
168.75
168.770833333333
168.791666666667
168.8125
168.833333333333
168.854166666667
168.875
168.895833333333
168.916666666667
168.9375
168.958333333333
168.979166666667
169
169.020833333333
169.041666666667
169.0625
169.083333333333
169.104166666667
169.125
169.145833333333
169.166666666667
169.1875
169.208333333333
169.229166666667
169.25
169.270833333333
169.291666666667
169.3125
169.333333333333
169.354166666667
169.375
169.395833333333
169.416666666667
169.4375
169.458333333333
169.479166666667
169.5
169.520833333333
169.541666666667
169.5625
169.583333333333
169.604166666667
169.625
169.645833333333
169.666666666667
169.6875
169.708333333333
169.729166666667
169.75
169.770833333333
169.791666666667
169.8125
169.833333333333
169.854166666667
169.875
169.895833333333
169.916666666667
169.9375
169.958333333333
169.979166666667
170
170.020833333333
170.041666666667
170.0625
170.083333333333
170.104166666667
170.125
170.145833333333
170.166666666667
170.1875
170.208333333333
170.229166666667
170.25
170.270833333333
170.291666666667
170.3125
170.333333333333
170.354166666667
170.375
170.395833333333
170.416666666667
170.4375
170.458333333333
170.479166666667
170.5
170.520833333333
170.541666666667
170.5625
170.583333333333
170.604166666667
170.625
170.645833333333
170.666666666667
170.6875
170.708333333333
170.729166666667
170.75
170.770833333333
170.791666666667
170.8125
170.833333333333
170.854166666667
170.875
170.895833333333
170.916666666667
170.9375
170.958333333333
170.979166666667
171
171.020833333333
171.041666666667
171.0625
171.083333333333
171.104166666667
171.125
171.145833333333
171.166666666667
171.1875
171.208333333333
171.229166666667
171.25
171.270833333333
171.291666666667
171.3125
171.333333333333
171.354166666667
171.375
171.395833333333
171.416666666667
171.4375
171.458333333333
171.479166666667
171.5
171.520833333333
171.541666666667
171.5625
171.583333333333
171.604166666667
171.625
171.645833333333
171.666666666667
171.6875
171.708333333333
171.729166666667
171.75
171.770833333333
171.791666666667
171.8125
171.833333333333
171.854166666667
171.875
171.895833333333
171.916666666667
171.9375
171.958333333333
171.979166666667
172
172.020833333333
172.041666666667
172.0625
172.083333333333
172.104166666667
172.125
172.145833333333
172.166666666667
172.1875
172.208333333333
172.229166666667
172.25
172.270833333333
172.291666666667
172.3125
172.333333333333
172.354166666667
172.375
172.395833333333
172.416666666667
172.4375
172.458333333333
172.479166666667
172.5
172.520833333333
172.541666666667
172.5625
172.583333333333
172.604166666667
172.625
172.645833333333
172.666666666667
172.6875
172.708333333333
172.729166666667
172.75
172.770833333333
172.791666666667
172.8125
172.833333333333
172.854166666667
172.875
172.895833333333
172.916666666667
172.9375
172.958333333333
172.979166666667
173
173.020833333333
173.041666666667
173.0625
173.083333333333
173.104166666667
173.125
173.145833333333
173.166666666667
173.1875
173.208333333333
173.229166666667
173.25
173.270833333333
173.291666666667
173.3125
173.333333333333
173.354166666667
173.375
173.395833333333
173.416666666667
173.4375
173.458333333333
173.479166666667
173.5
173.520833333333
173.541666666667
173.5625
173.583333333333
173.604166666667
173.625
173.645833333333
173.666666666667
173.6875
173.708333333333
173.729166666667
173.75
173.770833333333
173.791666666667
173.8125
173.833333333333
173.854166666667
173.875
173.895833333333
173.916666666667
173.9375
173.958333333333
173.979166666667
174
174.020833333333
174.041666666667
174.0625
174.083333333333
174.104166666667
174.125
174.145833333333
174.166666666667
174.1875
174.208333333333
174.229166666667
174.25
174.270833333333
174.291666666667
174.3125
174.333333333333
174.354166666667
174.375
174.395833333333
174.416666666667
174.4375
174.458333333333
174.479166666667
174.5
174.520833333333
174.541666666667
174.5625
174.583333333333
174.604166666667
174.625
174.645833333333
174.666666666667
174.6875
174.708333333333
174.729166666667
174.75
174.770833333333
174.791666666667
174.8125
174.833333333333
174.854166666667
174.875
174.895833333333
174.916666666667
174.9375
174.958333333333
174.979166666667
175
175.020833333333
175.041666666667
175.0625
175.083333333333
175.104166666667
175.125
175.145833333333
175.166666666667
175.1875
175.208333333333
175.229166666667
175.25
175.270833333333
175.291666666667
175.3125
175.333333333333
175.354166666667
175.375
175.395833333333
175.416666666667
175.4375
175.458333333333
175.479166666667
175.5
175.520833333333
175.541666666667
175.5625
175.583333333333
175.604166666667
175.625
175.645833333333
175.666666666667
175.6875
175.708333333333
175.729166666667
175.75
175.770833333333
175.791666666667
175.8125
175.833333333333
175.854166666667
175.875
175.895833333333
175.916666666667
175.9375
175.958333333333
175.979166666667
176
176.020833333333
176.041666666667
176.0625
176.083333333333
176.104166666667
176.125
176.145833333333
176.166666666667
176.1875
176.208333333333
176.229166666667
176.25
176.270833333333
176.291666666667
176.3125
176.333333333333
176.354166666667
176.375
176.395833333333
176.416666666667
176.4375
176.458333333333
176.479166666667
176.5
176.520833333333
176.541666666667
176.5625
176.583333333333
176.604166666667
176.625
176.645833333333
176.666666666667
176.6875
176.708333333333
176.729166666667
176.75
176.770833333333
176.791666666667
176.8125
176.833333333333
176.854166666667
176.875
176.895833333333
176.916666666667
176.9375
176.958333333333
176.979166666667
177
177.020833333333
177.041666666667
177.0625
177.083333333333
177.104166666667
177.125
177.145833333333
177.166666666667
177.1875
177.208333333333
177.229166666667
177.25
177.270833333333
177.291666666667
177.3125
177.333333333333
177.354166666667
177.375
177.395833333333
177.416666666667
177.4375
177.458333333333
177.479166666667
177.5
177.520833333333
177.541666666667
177.5625
177.583333333333
177.604166666667
177.625
177.645833333333
177.666666666667
177.6875
177.708333333333
177.729166666667
177.75
177.770833333333
177.791666666667
177.8125
177.833333333333
177.854166666667
177.875
177.895833333333
177.916666666667
177.9375
177.958333333333
177.979166666667
178
178.020833333333
178.041666666667
178.0625
178.083333333333
178.104166666667
178.125
178.145833333333
178.166666666667
178.1875
178.208333333333
178.229166666667
178.25
178.270833333333
178.291666666667
178.3125
178.333333333333
178.354166666667
178.375
178.395833333333
178.416666666667
178.4375
178.458333333333
178.479166666667
178.5
178.520833333333
178.541666666667
178.5625
178.583333333333
178.604166666667
178.625
178.645833333333
178.666666666667
178.6875
178.708333333333
178.729166666667
178.75
178.770833333333
178.791666666667
178.8125
178.833333333333
178.854166666667
178.875
178.895833333333
178.916666666667
178.9375
178.958333333333
178.979166666667
179
179.020833333333
179.041666666667
179.0625
179.083333333333
179.104166666667
179.125
179.145833333333
179.166666666667
179.1875
179.208333333333
179.229166666667
179.25
179.270833333333
179.291666666667
179.3125
179.333333333333
179.354166666667
179.375
179.395833333333
179.416666666667
179.4375
179.458333333333
179.479166666667
179.5
179.520833333333
179.541666666667
179.5625
179.583333333333
179.604166666667
179.625
179.645833333333
179.666666666667
179.6875
179.708333333333
179.729166666667
179.75
179.770833333333
179.791666666667
179.8125
179.833333333333
179.854166666667
179.875
179.895833333333
179.916666666667
179.9375
179.958333333333
179.979166666667
180
180.020833333333
180.041666666667
180.0625
180.083333333333
180.104166666667
180.125
180.145833333333
180.166666666667
180.1875
180.208333333333
180.229166666667
180.25
180.270833333333
180.291666666667
180.3125
180.333333333333
180.354166666667
180.375
180.395833333333
180.416666666667
180.4375
180.458333333333
180.479166666667
180.5
180.520833333333
180.541666666667
180.5625
180.583333333333
180.604166666667
180.625
180.645833333333
180.666666666667
180.6875
180.708333333333
180.729166666667
180.75
180.770833333333
180.791666666667
180.8125
180.833333333333
180.854166666667
180.875
180.895833333333
180.916666666667
180.9375
180.958333333333
180.979166666667
181
181.020833333333
181.041666666667
181.0625
181.083333333333
181.104166666667
181.125
181.145833333333
181.166666666667
181.1875
181.208333333333
181.229166666667
181.25
181.270833333333
181.291666666667
181.3125
181.333333333333
181.354166666667
181.375
181.395833333333
181.416666666667
181.4375
181.458333333333
181.479166666667
181.5
181.520833333333
181.541666666667
181.5625
181.583333333333
181.604166666667
181.625
181.645833333333
181.666666666667
181.6875
181.708333333333
181.729166666667
181.75
181.770833333333
181.791666666667
181.8125
181.833333333333
181.854166666667
181.875
181.895833333333
181.916666666667
181.9375
181.958333333333
181.979166666667
182
182.020833333333
182.041666666667
182.0625
182.083333333333
182.104166666667
182.125
182.145833333333
182.166666666667
182.1875
182.208333333333
182.229166666667
182.25
182.270833333333
182.291666666667
182.3125
182.333333333333
182.354166666667
182.375
182.395833333333
182.416666666667
182.4375
182.458333333333
182.479166666667
182.5
182.520833333333
182.541666666667
182.5625
182.583333333333
182.604166666667
182.625
182.645833333333
182.666666666667
182.6875
182.708333333333
182.729166666667
182.75
182.770833333333
182.791666666667
182.8125
182.833333333333
182.854166666667
182.875
182.895833333333
182.916666666667
182.9375
182.958333333333
182.979166666667
183
183.020833333333
183.041666666667
183.0625
183.083333333333
183.104166666667
183.125
183.145833333333
183.166666666667
183.1875
183.208333333333
183.229166666667
183.25
183.270833333333
183.291666666667
183.3125
183.333333333333
183.354166666667
183.375
183.395833333333
183.416666666667
183.4375
183.458333333333
183.479166666667
183.5
183.520833333333
183.541666666667
183.5625
183.583333333333
183.604166666667
183.625
183.645833333333
183.666666666667
183.6875
183.708333333333
183.729166666667
183.75
183.770833333333
183.791666666667
183.8125
183.833333333333
183.854166666667
183.875
183.895833333333
183.916666666667
183.9375
183.958333333333
183.979166666667
184
184.020833333333
184.041666666667
184.0625
184.083333333333
184.104166666667
184.125
184.145833333333
184.166666666667
184.1875
184.208333333333
184.229166666667
184.25
184.270833333333
184.291666666667
184.3125
184.333333333333
184.354166666667
184.375
184.395833333333
184.416666666667
184.4375
184.458333333333
184.479166666667
184.5
184.520833333333
184.541666666667
184.5625
184.583333333333
184.604166666667
184.625
184.645833333333
184.666666666667
184.6875
184.708333333333
184.729166666667
184.75
184.770833333333
184.791666666667
184.8125
184.833333333333
184.854166666667
184.875
184.895833333333
184.916666666667
184.9375
184.958333333333
184.979166666667
185
185.020833333333
185.041666666667
185.0625
185.083333333333
185.104166666667
185.125
185.145833333333
185.166666666667
185.1875
185.208333333333
185.229166666667
185.25
185.270833333333
185.291666666667
185.3125
185.333333333333
185.354166666667
185.375
185.395833333333
185.416666666667
185.4375
185.458333333333
185.479166666667
185.5
185.520833333333
185.541666666667
185.5625
185.583333333333
185.604166666667
185.625
185.645833333333
185.666666666667
185.6875
185.708333333333
185.729166666667
185.75
185.770833333333
185.791666666667
185.8125
185.833333333333
185.854166666667
185.875
185.895833333333
185.916666666667
185.9375
185.958333333333
185.979166666667
186
186.020833333333
186.041666666667
186.0625
186.083333333333
186.104166666667
186.125
186.145833333333
186.166666666667
186.1875
186.208333333333
186.229166666667
186.25
186.270833333333
186.291666666667
186.3125
186.333333333333
186.354166666667
186.375
186.395833333333
186.416666666667
186.4375
186.458333333333
186.479166666667
186.5
186.520833333333
186.541666666667
186.5625
186.583333333333
186.604166666667
186.625
186.645833333333
186.666666666667
186.6875
186.708333333333
186.729166666667
186.75
186.770833333333
186.791666666667
186.8125
186.833333333333
186.854166666667
186.875
186.895833333333
186.916666666667
186.9375
186.958333333333
186.979166666667
187
187.020833333333
187.041666666667
187.0625
187.083333333333
187.104166666667
187.125
187.145833333333
187.166666666667
187.1875
187.208333333333
187.229166666667
187.25
187.270833333333
187.291666666667
187.3125
187.333333333333
187.354166666667
187.375
187.395833333333
187.416666666667
187.4375
187.458333333333
187.479166666667
187.5
187.520833333333
187.541666666667
187.5625
187.583333333333
187.604166666667
187.625
187.645833333333
187.666666666667
187.6875
187.708333333333
187.729166666667
187.75
187.770833333333
187.791666666667
187.8125
187.833333333333
187.854166666667
187.875
187.895833333333
187.916666666667
187.9375
187.958333333333
187.979166666667
188
188.020833333333
188.041666666667
188.0625
188.083333333333
188.104166666667
188.125
188.145833333333
188.166666666667
188.1875
188.208333333333
188.229166666667
188.25
188.270833333333
188.291666666667
188.3125
188.333333333333
188.354166666667
188.375
188.395833333333
188.416666666667
188.4375
188.458333333333
188.479166666667
188.5
188.520833333333
188.541666666667
188.5625
188.583333333333
188.604166666667
188.625
188.645833333333
188.666666666667
188.6875
188.708333333333
188.729166666667
188.75
188.770833333333
188.791666666667
188.8125
188.833333333333
188.854166666667
188.875
188.895833333333
188.916666666667
188.9375
188.958333333333
188.979166666667
189
189.020833333333
189.041666666667
189.0625
189.083333333333
189.104166666667
189.125
189.145833333333
189.166666666667
189.1875
189.208333333333
189.229166666667
189.25
189.270833333333
189.291666666667
189.3125
189.333333333333
189.354166666667
189.375
189.395833333333
189.416666666667
189.4375
189.458333333333
189.479166666667
189.5
189.520833333333
189.541666666667
189.5625
189.583333333333
189.604166666667
189.625
189.645833333333
189.666666666667
189.6875
189.708333333333
189.729166666667
189.75
189.770833333333
189.791666666667
189.8125
189.833333333333
189.854166666667
189.875
189.895833333333
189.916666666667
189.9375
189.958333333333
189.979166666667
190
190.020833333333
190.041666666667
190.0625
190.083333333333
190.104166666667
190.125
190.145833333333
190.166666666667
190.1875
190.208333333333
190.229166666667
190.25
190.270833333333
190.291666666667
190.3125
190.333333333333
190.354166666667
190.375
190.395833333333
190.416666666667
190.4375
190.458333333333
190.479166666667
190.5
190.520833333333
190.541666666667
190.5625
190.583333333333
190.604166666667
190.625
190.645833333333
190.666666666667
190.6875
190.708333333333
190.729166666667
190.75
190.770833333333
190.791666666667
190.8125
190.833333333333
190.854166666667
190.875
190.895833333333
190.916666666667
190.9375
190.958333333333
190.979166666667
191
191.020833333333
191.041666666667
191.0625
191.083333333333
191.104166666667
191.125
191.145833333333
191.166666666667
191.1875
191.208333333333
191.229166666667
191.25
191.270833333333
191.291666666667
191.3125
191.333333333333
191.354166666667
191.375
191.395833333333
191.416666666667
191.4375
191.458333333333
191.479166666667
191.5
191.520833333333
191.541666666667
191.5625
191.583333333333
191.604166666667
191.625
191.645833333333
191.666666666667
191.6875
191.708333333333
191.729166666667
191.75
191.770833333333
191.791666666667
191.8125
191.833333333333
191.854166666667
191.875
191.895833333333
191.916666666667
191.9375
191.958333333333
191.979166666667
192
192.020833333333
192.041666666667
192.0625
192.083333333333
192.104166666667
192.125
192.145833333333
192.166666666667
192.1875
192.208333333333
192.229166666667
192.25
192.270833333333
192.291666666667
192.3125
192.333333333333
192.354166666667
192.375
192.395833333333
192.416666666667
192.4375
192.458333333333
192.479166666667
192.5
192.520833333333
192.541666666667
192.5625
192.583333333333
192.604166666667
192.625
192.645833333333
192.666666666667
192.6875
192.708333333333
192.729166666667
192.75
192.770833333333
192.791666666667
192.8125
192.833333333333
192.854166666667
192.875
192.895833333333
192.916666666667
192.9375
192.958333333333
192.979166666667
193
193.020833333333
193.041666666667
193.0625
193.083333333333
193.104166666667
193.125
193.145833333333
193.166666666667
193.1875
193.208333333333
193.229166666667
193.25
193.270833333333
193.291666666667
193.3125
193.333333333333
193.354166666667
193.375
193.395833333333
193.416666666667
193.4375
193.458333333333
193.479166666667
193.5
193.520833333333
193.541666666667
193.5625
193.583333333333
193.604166666667
193.625
193.645833333333
193.666666666667
193.6875
193.708333333333
193.729166666667
193.75
193.770833333333
193.791666666667
193.8125
193.833333333333
193.854166666667
193.875
193.895833333333
193.916666666667
193.9375
193.958333333333
193.979166666667
194
194.020833333333
194.041666666667
194.0625
194.083333333333
194.104166666667
194.125
194.145833333333
194.166666666667
194.1875
194.208333333333
194.229166666667
194.25
194.270833333333
194.291666666667
194.3125
194.333333333333
194.354166666667
194.375
194.395833333333
194.416666666667
194.4375
194.458333333333
194.479166666667
194.5
194.520833333333
194.541666666667
194.5625
194.583333333333
194.604166666667
194.625
194.645833333333
194.666666666667
194.6875
194.708333333333
194.729166666667
194.75
194.770833333333
194.791666666667
194.8125
194.833333333333
194.854166666667
194.875
194.895833333333
194.916666666667
194.9375
194.958333333333
194.979166666667
195
195.020833333333
195.041666666667
195.0625
195.083333333333
195.104166666667
195.125
195.145833333333
195.166666666667
195.1875
195.208333333333
195.229166666667
195.25
195.270833333333
195.291666666667
195.3125
195.333333333333
195.354166666667
195.375
195.395833333333
195.416666666667
195.4375
195.458333333333
195.479166666667
195.5
195.520833333333
195.541666666667
195.5625
195.583333333333
195.604166666667
195.625
195.645833333333
195.666666666667
195.6875
195.708333333333
195.729166666667
195.75
195.770833333333
195.791666666667
195.8125
195.833333333333
195.854166666667
195.875
195.895833333333
195.916666666667
195.9375
195.958333333333
195.979166666667
196
196.020833333333
196.041666666667
196.0625
196.083333333333
196.104166666667
196.125
196.145833333333
196.166666666667
196.1875
196.208333333333
196.229166666667
196.25
196.270833333333
196.291666666667
196.3125
196.333333333333
196.354166666667
196.375
196.395833333333
196.416666666667
196.4375
196.458333333333
196.479166666667
196.5
196.520833333333
196.541666666667
196.5625
196.583333333333
196.604166666667
196.625
196.645833333333
196.666666666667
196.6875
196.708333333333
196.729166666667
196.75
196.770833333333
196.791666666667
196.8125
196.833333333333
196.854166666667
196.875
196.895833333333
196.916666666667
196.9375
196.958333333333
196.979166666667
197
197.020833333333
197.041666666667
197.0625
197.083333333333
197.104166666667
197.125
197.145833333333
197.166666666667
197.1875
197.208333333333
197.229166666667
