11.8009109
12.0429525
12.2518663
12.3887739
12.6860266
12.6494617
12.5244017
12.3561525
12.2802629
12.2709484
12.318326
12.7634983
13.1127815
13.5263557
14.0275917
14.4302235
14.530406
15.0128336
15.6450329
16.3627014
16.9842415
17.1098022
17.6019897
18.5272293
19.2453861
19.9793606
20.551384
21.2244549
21.6277294
21.8521824
22.2255402
22.5301571
22.9992676
22.7713013
21.9809113
21.1859341
19.9367027
18.801815
18.2133179
17.5035133
16.4777851
15.8286905
15.5517607
15.4191217
15.4659719
15.2167902
14.6304617
13.1674576
13.4976969
14.310895
14.049675
12.4871864
12.7705917
14.7569199
13.9988794
14.7598095
14.7444353
12.8235331
13.7805691
14.9926004
16.5410805
17.260025
17.1253204
17.4275074
17.8799725
18.1369534
18.3174858
18.5800533
18.851099
18.6189556
17.8138962
16.9875298
16.232069
15.0994587
14.0463915
14.3232727
14.7214689
14.8640137
14.9412966
15.4572515
16.165947
16.3032875
16.0487766
15.7642202
15.2247953
14.6227379
13.8398294
13.1913576
12.4905348
11.8908319
11.2330465
11.4017773
11.6442814
11.5448494
11.2881956
10.7736063
10.2335625
9.750102
9.530818
9.3570824
8.8985386
8.4400702
8.7988577
9.0829439
9.4194593
9.386385
9.5172606
9.9194031
12.0684156
14.2059746
15.0766411
15.5801287
16.0747757
16.3361015
17.0486546
17.7857475
18.3204441
18.5780144
18.7244759
18.8285637
18.749342
18.9570675
18.9248371
19.1559544
19.3440819
19.4461308
19.1335754
18.969553
18.6759605
18.2978592
17.847414
17.429512
17.0601883
16.2436104
15.6790228
15.2638264
14.9243526
14.5418816
13.989584
13.7488308
13.6250334
13.8314667
13.6388283
13.8137178
14.2365704
14.7315121
14.3878193
14.337985
14.3509502
13.5216522
13.4807301
13.7337189
13.2603121
12.3565521
13.0086432
13.3270741
13.7059011
14.3367348
15.1364632
15.36588
15.932106
16.4376659
16.8397617
17.2045536
17.7730179
18.6520729
19.173502
20.0649853
20.9370956
21.6337376
22.0104904
22.5276814
23.2530785
23.5194225
23.6167603
23.4263802
23.0549679
22.969244
22.6551514
21.4533539
20.5417271
19.6864758
17.8073978
17.5948639
17.0435753
16.4572716
16.5357647
16.554594
16.2155743
15.656085
15.0452938
16.9685879
18.9756203
18.6921959
18.0920925
17.5056572
17.146286
17.1032658
17.6930599
17.7825184
15.6714258
14.2982607
13.8170805
13.5094538
13.3324404
13.0192318
13.3778763
13.4787893
13.7246847
13.918148
13.6526136
14.5984135
14.963953
15.3767586
15.6295109
16.0213013
16.2503223
16.3457336
16.1496277
16.4041862
16.449688
16.7115021
16.3661404
16.0898647
15.9651461
15.6865377
15.4742346
15.1106596
14.6744795
14.1891317
13.6989803
13.2423067
12.6486855
10.8225985
8.9707298
8.5948553
8.2652569
8.7696571
11.2370892
10.9488859
10.4022274
9.5234222
9.0213909
8.5277147
8.3447323
7.9979062
7.6995511
7.5310111
7.3030939
6.9284158
6.886652
7.246623
7.8592892
8.4028244
8.8233595
9.1339092
9.4774666
9.8162451
9.8589945
9.9718161
10.1486349
10.6339102
10.8181705
11.4996681
11.918457
11.9912338
12.3545961
12.1638699
11.337224
10.5792379
11.573616
11.6443138
11.6938133
11.1455412
10.7626448
10.857625
10.019968
9.3314867
9.083148
8.9545145
8.6382265
8.5600567
8.4352446
8.310317
8.0693474
7.6459236
7.2293797
7.1044574
7.1682758
6.9768367
6.3804955
5.6826406
5.0340443
4.4829612
3.9184105
3.5144382
3.1951575
2.9000993
2.8708601
3.1118147
3.5725009
4.3552537
5.0105629
5.8083558
6.2012162
6.8261456
7.4242249
7.7992282
8.2265968
8.8415241
9.4137487
9.9626884
10.3683081
10.9075861
11.1992702
11.5632143
11.7029123
11.6786098
11.572154
12.0244293
11.9436159
11.2457705
10.909524
10.5843468
10.2331419
9.7027349
9.2987204
8.8548117
8.4334154
7.9740753
7.7747221
7.82654
7.8950043
7.5860167
7.0682664
6.6967969
5.8121562
5.3803349
6.2071266
5.8063173
5.4179411
5.4423466
5.3850188
5.4001989
5.1446581
4.502202
4.2321167
4.8902512
5.5191417
5.8456917
6.3302422
6.6767416
6.9702325
7.5232377
8.2824488
8.7982016
9.1428823
9.474123
9.5911484
9.7942934
10.1106815
10.406414
10.5868731
11.0233135
11.2899933
11.6060324
11.7977419
11.8441839
11.8778715
11.9107552
11.697032
11.5163059
11.1921082
10.8773375
10.8177853
10.4974022
10.8990288
10.9302282
10.5160809
10.2609215
10.3178749
9.9590931
9.411953
9.0756502
8.8141384
8.3654518
8.1055164
8.1553812
7.9251165
7.6386156
6.3882003
4.8709698
4.0872755
3.7217486
3.651819
4.5424943
6.1192064
7.2442646
8.2146959
8.8605642
9.5434608
10.2871046
10.9383383
11.2933941
11.9585447
12.6433134
13.2971306
13.6436815
14.2241697
14.52316
14.9517279
15.1327324
15.2003975
15.4638662
15.4736252
15.5312414
15.3163805
15.0942307
14.5413733
13.1954975
11.9632044
11.2427692
11.7736206
10.5783806
10.3898964
9.4733448
9.8385677
9.3392792
8.7078838
9.1198854
9.6409197
9.6754198
9.3732872
9.0202513
8.9316864
8.6941862
9.1163082
9.3210135
9.417697
9.5366459
9.5468998
9.4977512
9.6182775
10.09235
10.5152884
10.9504499
11.4554129
12.0216036
12.8187151
13.0591478
13.2881413
13.5510759
13.4973459
13.5747595
14.0626507
14.6080732
14.2398825
13.6844606
13.3618021
13.1816797
13.4051647
13.3244076
13.7446527
14.1948433
14.5130587
14.804884
14.5023136
14.1370058
13.2145491
11.8241272
10.796505
9.8888693
9.4954939
9.5314293
9.395916
9.4416685
9.7948065
8.897109
10.2151089
8.9410906
7.0179958
6.4766927
6.746088
6.5865927
6.6792564
6.9307814
7.1371679
7.1815677
7.0639844
7.0372448
7.9821677
9.525795
11.1707373
12.3317146
13.6957769
15.2138042
16.0243416
16.5630703
16.8197308
17.3636036
18.0395203
18.6672211
19.2237301
19.8608761
20.5224228
20.8438129
21.3499966
21.8556595
22.0616932
22.1376915
22.2238941
22.0889454
22.0998287
21.8916626
21.4412689
20.6761341
19.6728611
18.4341164
17.9082851
16.4544544
15.5763388
14.5247364
14.1862259
13.1694584
13.5420485
13.3288975
12.5572681
11.3254919
11.5010061
11.1633701
11.6373816
10.9749346
11.1321764
11.0481358
10.3207016
10.272069
8.9562149
9.0333786
9.6276932
11.0855865
11.8276005
12.5978355
13.5116072
14.7025661
16.2806988
17.3860912
18.910965
20.4161415
20.8616295
21.4624176
22.1926327
22.6381989
23.1772671
23.9162769
24.206131
24.43857
24.4430981
24.5611744
24.6489315
24.3769855
24.8864059
24.461422
24.1556778
22.6009636
22.2231007
21.2929802
19.8442726
18.4174042
16.9003468
16.2270718
15.0911493
15.2601929
14.4474812
14.734766
13.8482609
12.748332
11.6158791
11.3174496
11.1834211
11.2238159
11.0189037
11.7151241
11.2029867
11.7589893
10.3968372
10.7457037
11.4912453
12.4906454
13.9523163
14.6565256
15.3247919
15.8281612
16.2120876
15.3187675
15.6989031
17.3510323
17.1785793
17.0479794
17.0444546
17.0302505
16.0129681
14.0027218
12.6104898
11.6966028
10.6261559
9.4314365
8.569602
7.9510789
7.2665815
7.4039087
7.1248903
6.8268204
6.7238431
6.70681
6.4790173
6.3659124
6.2890191
6.2970986
6.3653269
6.3731322
6.3699775
6.2475257
6.0593925
5.9165196
5.8255634
5.8249578
5.8866534
5.9278755
5.9345808
5.95995
5.8657727
5.6665201
5.4257236
5.1520071
5.0946097
5.1246567
5.2207155
5.4737377
5.593554
5.740829
6.1084123
6.5182643
6.625648
7.2092962
7.5056605
7.6075764
7.8401074
8.2185516
8.501955
8.9357929
8.8592405
8.9445372
8.879097
9.0843697
9.125824
9.1434402
9.1736031
9.2015524
9.158885
8.9936991
8.7857761
8.4496889
8.0523453
7.5476508
7.2239504
6.9348392
6.7504406
5.7484698
5.7162251
5.5865545
5.0805278
4.6067653
4.3533707
3.5354719
3.057539
2.6515448
2.3483698
1.8104365
1.5196952
1.3691336
1.6023365
1.8998533
2.4332359
2.9413841
3.6519341
4.1982923
4.9273405
5.3347473
5.7973037
6.6778402
7.3973618
8.4606676
8.5193892
8.8655176
9.4363022
9.9089622
10.3607359
10.6435823
10.825635
10.7610378
10.82512
10.5737991
10.4474516
10.2757053
10.2331285
10.1450377
10.0768423
10.1443253
9.7688017
9.1999588
8.4734688
7.6342568
7.3434792
6.7904038
6.2770262
5.9007874
5.0517621
5.3301077
5.5474381
5.3995728
6.5111361
7.106822
7.5720115
7.1893096
5.6641893
5.1181178
4.9977326
5.1258531
4.4969645
4.4679713
5.4655857
6.8035989
7.6028829
8.3475609
9.14081
9.6866903
10.1881332
10.3913164
10.8464136
11.657135
12.0318813
11.7619553
12.2205048
12.8712492
13.2333965
13.3744001
13.1804714
13.5353327
13.4307833
13.3861399
13.1463785
11.4271297
11.1891708
11.247694
11.611495
10.9937592
10.9297543
10.3785934
9.4148445
8.045723
7.4345632
6.8314314
6.1333842
5.8448982
5.5090904
5.4484668
4.8720737
4.5126419
4.0206847
4.1125612
3.5978911
2.9429815
2.9337046
2.3069875
1.730841
2.2207475
2.0100608
1.4186708
2.7047892
4.7196131
6.0960364
6.7443695
7.5816565
8.8491602
9.8458529
10.6098833
11.2849426
11.4119062
12.1176634
12.2479134
12.2416801
12.5349417
12.647336
12.861289
13.2448654
13.4555864
13.8699045
14.1471128
14.3529644
14.2078428
13.819066
13.6564045
13.4798584
13.2185173
12.708312
12.3598156
12.0510168
11.6146936
11.5291433
11.3839512
11.0663567
11.0054951
10.7791967
10.395977
10.14884
9.9028502
9.6911602
9.3802099
9.2856827
9.1901503
9.033453
8.7889614
8.2306986
7.7155008
7.3174582
7.2417583
7.7444949
7.9250522
8.2753792
8.8907127
9.6169748
10.8328476
11.6900148
12.5191746
12.6282358
13.2388182
14.0917606
14.4022694
14.7468367
15.3614063
15.5123053
15.6322289
16.4061089
16.3787231
16.590147
16.7164364
16.5209503
16.657608
16.6996346
16.7049046
16.6964951
16.471571
16.1507092
15.7798681
15.3770418
15.2352781
15.0383453
14.9012136
14.5808716
14.2721262
13.9271507
12.9387875
12.7981548
11.5497723
10.3246975
9.4395084
10.2092962
10.8646688
10.9119349
10.8977652
10.9095669
11.0910177
10.9596043
10.8947697
11.0755081
11.2694883
11.4304361
11.8077335
12.2041626
13.2093563
13.9088078
14.5913668
15.2753925
16.0273552
16.4539433
17.1987782
17.4848537
17.5947132
17.9006691
18.5927734
18.739502
19.1080189
19.0882702
18.8975582
18.7709141
18.8162785
18.5130215
18.1028233
18.0419292
17.7282887
16.9392052
16.4266796
16.1399117
15.5720587
14.7215195
14.1127281
13.8911762
13.5457287
13.0649824
12.5338535
12.1861305
11.76336
11.5160866
11.5114489
10.7482033
10.7160082
10.3888683
9.4971037
9.1018429
8.8560858
9.0060539
9.1688919
9.4292898
9.7190228
10.8845348
11.9646244
13.0627718
14.0417318
14.6630869
15.0891542
15.595252
15.7962971
16.3861847
16.5253677
16.9508667
17.1755981
17.3825321
17.8473396
18.0002232
18.3945999
17.9912643
18.6802864
18.7782631
18.3848515
18.4126148
18.4157925
18.0839939
17.8206444
16.8456955
15.9986057
15.1873989
14.3951855
12.3946838
11.630949
10.8074703
10.1385403
9.5401897
10.1796589
9.6157064
9.1064854
8.7019215
7.792551
8.3925638
8.8340912
8.5543756
8.4408131
8.1589346
7.316525
6.8423038
7.8476877
7.9127116
8.9911442
10.6404676
11.5177937
11.8372717
12.1245718
12.722003
13.4437666
14.2757578
15.0667191
15.7027378
16.0936794
16.617445
16.9968643
17.5541553
18.1471062
18.3147526
18.4994354
18.7181549
18.9334221
18.8868504
18.7387009
18.4227352
18.0021
17.5034676
16.7732849
15.7080812
14.3935347
13.6316824
13.1247129
12.5226011
11.8321352
10.571394
9.6696272
9.0013981
8.964694
8.746768
7.4518323
6.8064785
6.4992099
6.5528936
6.85917
6.764873
6.5348902
6.1672544
6.5931439
5.9333529
6.1850243
7.5776448
9.4088831
11.0292244
12.3262138
12.9195595
13.4441366
14.1060648
14.742116
15.2668123
15.9142551
16.3983402
16.7863159
16.9792862
17.7324677
17.8519573
18.0590992
18.5084457
18.9177799
19.2449379
19.3034248
19.3644276
19.2776299
19.3086815
19.4025707
18.8955956
18.6095505
17.821209
17.4202099
16.3203659
14.2703543
12.9911995
11.829319
11.673954
10.9593811
9.4045439
9.261426
8.7929869
8.1811142
8.2582979
7.7328906
7.3277917
6.8572311
7.0691652
6.5127563
6.3740096
5.8338714
5.7549367
6.1213622
8.1361589
9.7365074
11.5464363
13.7652435
15.0223055
15.6744947
16.9437485
18.1335125
19.1863041
20.3599834
21.1693172
21.7813015
22.3482513
22.483923
22.6269875
22.5678844
22.5775433
23.2042637
22.6990356
23.6499577
23.4094353
22.9269905
23.2433949
23.1949329
22.4708691
22.0995026
21.4134922
20.4378967
19.8135815
19.0526371
18.4552555
18.2159748
17.0185032
14.6837101
14.6930647
14.6297712
14.2554054
14.1934824
13.7882242
13.5280542
13.010004
12.3172913
11.6405334
11.574481
11.5547924
10.4595909
10.3544388
10.8810205
11.2478199
11.8883476
13.6498451
15.1414566
16.3105164
17.194643
18.2014427
19.4803181
20.4840603
20.67873
21.0365429
20.7380905
20.8292789
20.6521282
19.2616634
17.1158714
16.1096535
15.6690245
15.2325344
15.3108664
15.4298315
15.3333139
15.1929979
15.0860901
15.1364202
15.0469494
14.837594
14.1717796
13.4327679
13.0286322
12.6922016
12.4639482
12.296236
11.7340803
11.7837105
11.0923157
11.5320387
11.4414282
10.9093695
10.6523771
10.9169569
10.4149866
9.9148521
9.8191557
9.3158655
9.7698078
9.7881117
9.8375053
11.1352367
12.4393244
12.3109884
12.8768902
14.1451654
15.33109
16.9614429
17.8835964
18.8951607
19.6354332
20.0095291
20.5801411
20.8354988
20.5307655
20.8910713
20.3203945
17.674324
17.3363018
17.7084332
18.0061932
18.158577
18.4281883
18.6357365
18.0337696
17.533041
17.6347427
17.4361744
16.2080173
15.3226109
15.1213961
15.1317635
14.783679
14.4133434
14.0995483
14.3036356
14.0283384
13.5403919
13.254796
13.1294918
13.3533621
12.970727
12.7115326
12.3751736
12.0746975
11.6638613
11.8640499
12.011384
12.1857643
12.6957788
12.6252604
11.5934486
12.0530624
12.8066044
13.0379238
13.0166159
13.5994692
14.3867216
14.8492966
15.1178207
15.4401855
16.0671368
16.4543209
16.817028
17.4030876
17.5464058
17.8465061
17.7724705
17.6968327
17.9327927
17.9593105
17.8394947
17.2690849
17.3190918
17.1483669
16.3053398
16.0298138
15.1787834
14.2077694
13.1881208
13.19524
13.3355427
13.0619459
12.4230108
12.1607199
11.508069
10.8293972
9.970726
9.4911232
9.4047537
9.3997536
8.9948511
8.506424
8.5234146
8.3883801
8.7268276
9.0763683
10.1400852
11.1061268
11.7186422
11.5606937
11.3765306
11.9321356
12.7383404
12.9811983
13.0348015
13.6211815
13.7658634
14.1187572
13.3439884
13.9137974
13.8842201
13.5624475
14.0561066
14.182147
14.1833143
14.5967445
14.1433163
13.608326
13.4637327
13.3164244
12.8308277
13.1290407
12.9919567
12.7185354
12.6527519
12.2744904
12.0537643
12.3595886
11.932766
10.9894228
9.9517317
9.2987747
8.7988148
8.6581049
8.224679
7.8187337
7.6144333
7.7185922
7.8026795
7.4630036
6.9409518
7.3622465
8.4034395
8.9366922
9.6272154
10.0216808
10.6702309
11.4383545
12.6753035
13.0486135
13.0760593
13.2371836
13.9714108
15.0823421
14.8655386
11.2423706
9.0718966
9.0969477
10.7611408
11.0083504
12.0046349
13.2118788
13.9275579
14.6154413
14.0104008
14.2467365
14.2319193
13.9703054
12.6917305
13.0338707
13.091115
12.8742809
11.2216444
10.8470211
10.724103
10.6696692
10.6249743
9.8955536
9.847558
9.8425484
9.2529297
8.794488
8.5203133
8.3150167
8.2550917
8.090188
7.9220381
7.8268733
7.7300329
7.7610869
7.8394608
7.6586685
7.855762
8.1980619
8.14641
8.2885466
8.4055595
8.7926741
6.1087422
5.7059312
6.762229
8.9959965
9.555953
7.7636094
9.0785503
9.2920809
9.4021349
10.626626
11.3665781
10.9750204
10.9271011
10.8075628
10.9664068
11.4275265
10.985527
11.218523
11.333971
11.1169882
10.7888556
10.5885124
9.8918619
9.0938616
8.449604
8.1988869
8.7789631
9.1692438
9.4588518
9.3296185
8.72474
8.4943895
8.5860596
8.5985718
8.4313555
8.4175272
8.5637712
8.7101221
9.1120033
9.3263683
9.3788786
9.4477921
9.6390438
9.8122053
10.1930552
10.5728102
10.7610903
11.1597042
11.7028103
11.8626776
12.0533085
12.6375685
12.6403656
12.1477365
12.2248812
12.985858
13.4587545
13.7750111
14.1821213
14.2481747
14.1572294
14.3753529
13.9297438
14.5103216
14.3515215
14.025281
13.6133204
13.4729853
13.2169075
12.8943977
12.2817059
11.7915726
11.6429195
11.8608389
11.4097586
10.9361277
10.7548084
10.5725527
10.2859554
10.2617588
10.2820816
10.0916748
9.9524326
9.8242702
9.6298113
9.439765
9.1605272
9.0334015
8.921278
9.0055561
9.0720482
9.2912111
9.5881386
9.9655695
10.4676905
10.7840137
11.2184162
11.5173206
11.6080093
11.650465
11.9748392
12.064724
12.8093634
13.3684683
13.4652576
13.2402258
13.7540388
13.5850458
13.0855131
12.3777542
11.491293
11.1727152
11.0936689
11.2094545
11.0380831
10.9972296
10.8180552
10.5011244
10.3581228
10.2389936
10.0702419
9.9210167
9.7568483
8.9838514
8.500246
8.8244076
8.5654716
8.1777096
8.5537958
9.4008675
9.6322718
9.3632593
9.0618534
9.3578672
9.6198816
9.8715868
9.7638445
10.1437197
10.7349844
12.0652552
13.2958899
14.2627544
13.9386702
13.8108082
13.7745352
13.4687262
13.4625244
14.0958633
14.7213278
14.937726
15.1044741
15.49259
15.1945763
14.4016972
14.3325291
14.2998657
14.5985365
14.9952288
15.0885658
15.0970869
14.9601774
15.5073853
15.8884516
15.8345537
15.1474934
13.5553017
12.5349712
11.6893358
11.5477848
11.0124884
11.4205503
10.9986687
10.608901
10.3438053
10.5666704
10.6050282
10.3022909
10.3705988
10.0364742
9.7541838
9.337122
9.2114525
9.1913776
9.2980947
9.4098272
9.6467514
9.9960756
10.1886368
10.7133827
11.0200281
11.3941393
11.1578255
10.8076601
10.7819347
10.971777
11.1792507
11.4514856
11.4925137
11.3842373
11.3122768
11.2603979
11.2101469
11.2637205
11.367384
11.5442848
11.6221285
11.84517
11.9843349
12.2056885
12.1344814
11.921545
11.712781
11.2303286
10.6034613
10.3846979
10.0950375
9.9611301
9.7975721
9.4899035
9.3965874
9.1835079
8.9516954
8.8662987
8.7643976
8.664403
8.5117893
8.4235392
8.518404
8.6603518
8.6407843
8.5514307
8.4452887
8.4133549
8.3819933
8.4111404
8.4980726
8.6093006
8.6147308
8.6692324
8.705308
8.8966656
9.1154528
9.2257309
9.3414278
9.4593
9.5084229
9.5350637
9.4253836
9.6828508
9.7079163
9.5504847
9.4242649
9.3998356
9.6367493
9.8688393
10.1134768
10.3313866
10.414731
10.3541412
10.1595526
10.131299
10.050354
10.0150604
9.9472027
9.9149723
9.7109261
9.3045292
9.2175579
9.2381077
9.1671152
8.9182034
8.855752
8.7903519
8.7230873
8.6592331
8.4945908
8.3506479
8.2415257
8.2796021
8.2055826
8.2853355
8.3167372
8.2682505
8.5533562
8.9499226
9.2433624
9.5592203
9.8777933
10.1777744
10.4353151
10.6745958
11.276123
11.427844
11.1757917
11.601881
12.3218575
12.7166548
13.3295221
13.839653
13.2916231
14.0183859
14.6939964
15.0380535
14.93997
15.1837502
15.2638388
15.2053928
15.0038214
14.5176945
13.7446966
12.9257479
12.0592585
11.5592146
11.1780024
10.8650837
10.3064938
9.89011
9.4379587
8.9814901
8.4630451
7.7038107
7.5676899
7.1366439
6.607573
6.314795
6.6042633
5.8390651
5.5822959
5.6299791
6.3194203
8.287447
9.2209988
10.1389704
11.4198103
12.7137012
13.7719955
15.0638485
15.680007
15.6138592
15.8986788
16.6451435
17.4117699
17.7341042
18.2032948
18.5142727
18.7601604
19.1013145
19.4042664
19.4109001
19.6509647
19.4706764
19.4014168
19.3306999
18.8622799
18.4768753
17.437273
17.0117226
16.0456429
15.0587921
14.2023525
13.341609
12.704812
11.7829056
11.17484
10.5193472
10.5400629
10.9819765
11.1604834
11.2469282
11.2260647
11.1331787
11.0976667
11.0254011
10.9052782
10.709712
10.6645355
10.640481
10.5996437
10.498374
10.3850927
10.404994
10.4077797
10.2578526
10.4143753
10.5598555
10.7499037
10.6253996
10.9468527
10.9873095
11.1174841
11.3005505
11.7425117
12.3707962
13.1547041
13.8185005
14.306469
14.3714924
14.2023563
13.7762833
13.4258471
13.1992483
13.1701841
13.0205774
12.7259769
13.0792303
13.0686264
12.8011532
12.3924599
11.8487854
11.3485394
10.9737968
9.8847876
9.0416136
8.5733824
8.3562994
7.5153308
7.439322
6.7203627
6.8801208
6.7366109
6.0650601
6.0263896
5.6465096
5.9659405
6.2947502
7.9697328
9.3343706
10.5360222
10.6109447
11.0594034
12.1332235
12.815958
13.5256786
13.86763132
14.20958404
14.55153676
14.89348948
15.2354422
15.6356497
15.3235159
15.2462883
14.7773161
14.6939564
14.9515553
14.8268785
14.094799
13.6381893
13.4004421
13.0386686
12.8208246
12.2324743
11.3860483
10.7535343
10.3646784
10.160491
10.0312691
9.8502932
9.5728588
9.4569883
9.4601679
9.3606691
9.1514482
8.9506626
8.8434896
8.7252197
8.6735125
8.5072765
8.4074697
8.3496943
8.1892853
8.0592155
7.9430146
7.7748227
7.7492909
7.6530271
7.5980444
7.0511265
7.2078838
7.5173726
7.6173058
7.6731901
7.8416495
8.0147305
8.0514746
8.4219847
8.4842768
9.0815639
9.7902641
10.0221291
10.1064692
10.1205559
10.3211679
10.00035
9.3466902
9.7685843
9.8785982
9.7456121
9.997901
10.3554792
10.3874578
10.2911444
10.1027689
8.8437653
8.1036005
7.8883553
7.9255567
8.1212225
8.3854828
8.3334808
8.1059666
7.9994612
7.8827615
7.652895
7.4180894
7.1190434
6.4382305
5.9653172
5.4957142
5.3645577
5.3262744
5.5315862
5.601687
5.3162913
5.0965805
5.2311172
5.2071109
5.3328986
5.3034148
5.643003
5.744019
5.9122124
5.7535591
5.666986
6.4219389
6.4211063
7.0141091
7.5295825
7.4719758
7.8253818
7.675334
7.5693731
4.4453392
6.9749317
8.1051121
8.5296068
7.1675105
6.9095387
6.3213515
6.6255136
6.3298216
6.0979648
5.5140619
5.2213011
5.3780046
5.2707586
5.1296597
3.9509318
3.5186634
3.1397789
2.9416008
2.6214051
2.5545268
1.8913794
1.748806
1.7272446
2.6245739
2.1956995
2.800916
3.4315143
3.9112513
4.5055523
5.0410571
5.8497615
6.7139287
7.6481657
8.4291897
8.1028614
8.9483433
8.9900284
9.0503893
9.7350864
10.241086
10.106657
10.7249899
10.8773489
10.9814863
11.9184456
10.9287548
11.2848892
11.4436598
11.5813398
11.4259796
11.6558275
11.6064482
11.5461559
11.1330881
10.1402798
9.3378725
7.958684
7.4207745
7.3226824
6.187171
5.7792597
4.2178245
3.8199756
3.9593632
3.8668981
3.4783716
2.8129151
2.6510415
2.4587872
2.4258363
2.0088959
1.78497
1.501662
1.2273023
1.6583146
2.4819143
3.6338897
5.1964903
6.6068153
7.4316468
8.4761543
9.2100029
9.3627224
10.528841
11.362215
11.8239202
12.0352039
11.8740473
12.7070169
13.2217407
13.5928669
13.9594717
13.7159672
13.9307079
12.9206934
12.8324013
13.213727
12.300312
12.2097511
11.0510969
11.5201187
11.8937645
11.1855421
10.4617071
9.8064184
9.3009968
8.9316893
8.4696836
8.2897358
8.030633
7.4463811
7.1505017
6.9681134
6.888536
6.8738227
6.8983135
7.0031772
7.1200185
7.2482963
7.2774029
7.3445964
7.454257
7.4742908
7.4067698
7.4402051
7.5636415
7.5795608
7.6842527
7.7617602
7.9279203
8.0274925
8.0633812
8.27316
8.6265488
9.0581961
9.455246
10.0455217
10.4529295
10.7504997
10.7357979
10.2877951
10.0836258
10.1108046
9.8470888
9.8049536
10.0040455
9.9786263
10.1108971
10.430234
10.5092201
10.3157558
10.0896168
9.9505386
9.7072296
9.5454016
9.3548117
9.3759947
9.3138628
9.3557329
9.2146235
9.1844883
9.0913763
9.1455297
8.9811563
9.0652113
9.1179667
9.1391459
9.094883
8.9409847
8.858367
8.9751005
9.0806208
9.209815
9.2039118
9.5078821
9.964097
11.0345135
11.6307344
12.5265894
12.7602539
13.9694204
15.0491924
15.7134619
16.1056652
16.5986824
16.896101
17.2073917
17.6230774
17.8929176
18.1589775
18.2635994
18.3703327
18.3612499
18.1544037
18.1757526
18.6194286
18.4191246
18.795311
17.9155998
16.4947605
15.1217203
14.0145779
12.5493879
11.8200712
10.1402817
9.8792658
9.5077524
9.1535673
8.9572163
8.6306124
8.7377281
8.2463303
7.4312968
7.4163828
6.8195624
6.6392655
6.3153453
6.1024623
6.5794563
7.4509463
8.6859694
10.5438604
12.132843
13.5094719
14.6262465
15.3040609
16.1668644
17.270647
18.2688904
18.8400764
19.2053833
19.6376286
19.8887825
20.1086521
20.4643974
20.7655239
21.0735188
20.6244106
21.0942097
21.2851372
20.7512798
21.3111572
21.1188354
20.3001842
17.3033772
16.1890907
14.6802673
13.8226528
13.5549545
13.4884701
13.3533783
13.257328
13.2026987
12.6321487
11.9516459
11.6789474
11.586338
11.4471445
11.2346067
11.1027565
10.9310598
10.7836399
10.6218023
10.4940882
10.5232382
10.54144
10.4098301
9.2676239
8.664381
8.7988844
9.0572166
9.1641293
9.2296782
9.3889666
9.5272303
9.7032585
9.738802
9.8140202
9.9585276
9.927022
9.8575697
9.7810068
9.6770306
9.7567616
9.819602
9.79074
9.920742
9.9158192
9.9804459
10.0746708
10.1838636
10.1096249
9.8891058
9.7784243
9.6315098
9.5280371
9.3987761
9.2943649
9.3295383
9.244235
9.1781578
9.1048412
9.0360022
8.8887672
8.7905178
8.6747036
8.6429558
8.6700258
8.6968546
8.6608715
8.6142693
8.5274286
8.5081053
8.5101967
8.6312551
9.2802935
9.2647524
9.8134155
10.1309853
10.3693008
11.4371529
11.5580797
11.6757011
11.7448244
11.6610451
12.4049931
12.6552038
13.2992992
13.2336721
13.5022097
13.5300417
13.8590221
13.9542189
13.8433361
14.2288761
14.1059437
14.4241867
14.2191486
14.3898172
14.9192171
15.439642
14.5427713
13.2659693
13.0821896
12.6767015
11.7569866
11.0030527
10.2675838
9.9077129
10.1367989
10.214201
10.3507347
10.5829134
10.7314301
10.8268852
10.8673754
10.8899117
10.9175663
10.9656773
10.8101549
10.9079952
11.2107372
11.5330191
11.7955027
12.0531702
12.2538061
12.4700327
12.6387014
12.7900372
12.9289007
13.1840658
13.6448469
14.3072615
15.0382118
16.1521263
17.7584305
19.0795841
19.9692039
20.0697536
20.5718117
21.1433125
21.3208408
21.3850269
21.1110649
20.6077843
20.639864
19.7773399
19.2530079
18.803503
18.2201061
17.406559
16.7126408
16.1894054
15.9820452
15.2711773
14.7315073
13.9533072
13.5418482
13.0588074
12.8885145
12.2439852
11.8206978
11.5857706
11.4348745
11.2324657
11.1095676
11.0987282
11.0355091
10.8827925
10.7747183
10.655014
10.540575
10.5443239
10.4067144
10.274621
10.1160336
9.9187517
9.9679499
10.2068739
10.5178595
11.1260719
11.429347
11.7006435
11.9220686
11.7597742
11.793766
11.9733133
11.9368229
11.9342232
12.1165352
12.3733597
12.5745325
12.8942461
13.9318743
14.7907104
14.8492308
14.8757534
14.3060169
13.6454792
13.168273
12.7723532
12.2103491
11.5560408
11.3429441
10.9486418
9.8425312
9.0700111
8.6796036
8.4571724
8.4068336
8.3421803
8.0584831
7.656527
7.6771955
7.4346962
7.7789741
7.8093314
7.5654974
7.4775867
7.5839062
7.822433
7.787323
8.2660933
8.8407478
9.2988348
10.8095579
11.1126661
11.8898668
12.6550617
13.3289375
13.855732
14.3911428
14.7751923
15.2393627
15.6779881
16.1252098
16.3195076
16.9544678
17.1519318
17.3475113
17.2901325
16.8215199
16.4808693
16.5782948
16.0232029
15.8633423
15.2070675
14.5690622
13.8905821
13.1135864
12.4527168
11.8924103
11.4814711
11.4068813
10.7764053
9.8755379
9.2098722
8.7574739
8.1616526
7.1752362
6.5412717
5.8612266
6.1116686
5.9852815
5.5844235
5.3382406
5.7653422
5.8977332
6.2824926
7.0832758
7.7460427
8.0989876
8.9158268
9.1445532
9.3946018
9.479764
9.8020449
10.1219358
11.1473885
11.4185543
12.3326941
12.7876635
13.4164743
13.8960066
14.2644396
14.8395815
15.3883696
15.6885777
15.998045
15.7883511
15.7089167
15.7904186
15.6987829
15.4022551
15.0612917
14.3512173
13.5336189
11.9679022
11.5749187
11.252182
10.802372
10.1265125
9.7294102
9.3056841
8.9510241
8.5394258
7.591291
7.2085915
7.1346436
6.2651238
5.5204277
5.6848364
6.0771527
6.5002441
6.6726575
6.7815456
7.1175699
7.7669773
8.3073902
8.7380018
9.0152864
9.4135065
10.4865494
11.5303135
12.0178919
12.9332247
13.9462223
14.6902571
15.0717087
15.6429272
16.1222286
16.7679157
17.1884766
17.5656033
18.0110493
18.5034924
18.8019085
18.8882542
19.3483925
19.4684162
19.702219
19.6148243
19.4697418
19.3361607
18.4855804
16.5667744
14.5001059
12.9471388
11.5079718
11.1208162
11.0180502
10.3339138
9.6632967
9.3436747
8.7198086
8.474247
8.0634489
7.9233565
7.5891519
7.764751
7.4599514
7.2949677
7.4031911
9.9405518
11.9570255
12.9416409
13.6804018
15.2248783
16.6402264
17.2508736
18.5776119
19.2652569
19.5614395
19.8956242
20.4710388
20.8180561
21.3105736
21.4091053
21.7086086
22.1329994
22.5500736
23.0087738
22.3714905
23.2585354
23.0066833
23.1314869
23.0312405
23.0778561
22.9538498
22.5938816
22.208744
21.2679615
20.1192837
19.4601917
18.6164398
17.5276852
15.099925
14.0058584
13.3174219
12.6489286
12.50179
12.0954781
11.5119514
11.1973724
10.6722956
11.7080784
12.5883074
12.9675207
12.3531427
11.9811802
12.396925
13.4535589
14.8976202
15.8969822
16.9703808
17.6124363
19.148613
20.4265919
20.8524055
20.9039783
21.6698742
22.3275871
22.9007759
23.2723885
23.7383232
23.8959713
24.0474892
24.3898773
24.7641983
24.8714314
25.0064259
25.1612911
25.2450562
25.1411171
25.0337791
24.7977352
24.3724136
23.8417358
23.3531113
22.3422794
21.5805492
20.5700855
19.9246941
19.194313
18.8169098
17.9849606
16.7600594
14.9495153
13.8805494
13.2267122
12.7064648
12.1452351
11.4672136
11.7052088
10.7182903
10.9730062
10.6446543
10.4471178
10.9432726
12.6548557
14.2090368
15.9704847
16.5011425
17.9335175
19.1999454
19.8647842
20.5821972
21.5935726
22.2077942
22.357151
22.9025307
23.1829758
22.9969845
23.4943295
23.8373165
24.2822266
24.6745224
24.8672676
25.3974571
25.559473
25.5701447
25.5748672
25.4518185
25.3095303
24.8424854
24.5200653
23.9401169
23.0886002
21.799509
20.8980083
20.0768661
19.5309811
16.8205109
15.1414461
15.2291183
16.1183853
16.5303764
15.2488003
14.542016
15.2278051
14.7240829
14.4554014
13.4629793
12.3893337
12.56355
11.852869
11.372695
12.6666203
13.5177965
14.2707357
15.0102377
15.6566076
16.5159569
16.987072
17.6302948
18.268919
18.9229393
19.3843117
19.9942055
20.6336155
21.0187168
21.3950787
21.7841473
22.1439342
22.5670891
22.8353233
23.0655556
23.3285065
23.6119232
23.8165703
23.8369884
23.5232658
23.2309494
22.6697235
22.1022797
21.4319191
20.7041931
20.0759792
19.2882271
18.3462238
17.6609325
16.9296589
16.3759689
15.7971821
15.1400537
14.6258144
14.1541739
13.7064266
13.2506123
12.7643843
12.3603153
11.927043
11.9277287
11.4796524
11.3749418
11.469799
11.8831005
11.9012747
12.2035275
12.3418293
12.1231346
12.0840702
12.1036949
12.4175825
12.7203598
13.3759232
13.9074078
14.5926218
15.2462292
15.3279219
15.5664186
15.9834652
16.6131134
16.8964252
17.2230682
17.4843712
17.5001984
17.3613758
17.3127499
17.2160759
17.0631561
16.8613224
16.5443344
16.4100208
16.2282429
15.8240385
15.5391579
15.4084549
15.8855553
15.4014378
14.9138174
14.4230423
14.0031157
13.4527321
12.8041992
12.3238077
11.77244
11.3373766
11.0072565
10.7555618
10.5817652
10.5148544
10.4342499
10.1911392
10.1617565
10.2954321
10.3024464
10.7702513
10.8843937
11.3318415
12.2335472
12.962163
13.7751417
14.0383186
14.0432634
14.1007328
14.1735125
14.2356939
14.3718958
14.7994719
15.36516
16.2734718
16.6943893
16.8025551
17.2095337
17.7574234
17.4565506
17.6517868
18.1610451
17.4152412
16.8784904
16.173954
14.9033871
13.1401577
12.1547661
12.056715
11.9243355
11.5248489
11.3510332
11.1640892
11.3283815
11.6035423
11.4692268
11.3408308
10.7581663
9.7149553
8.7155466
8.1608982
7.5180173
7.5693092
7.6868219
9.4005871
11.237421
12.4291172
13.1166258
14.8450766
15.2522135
16.5017109
17.5082874
18.2207069
18.5947475
19.1742592
19.5744572
19.8407784
19.9680996
19.9115601
20.0695457
20.0028133
20.9123116
20.8829575
21.0309544
21.5520477
22.1416206
21.7652664
21.591259
21.1992207
20.2402802
20.0196095
19.6331215
19.0860767
18.9586315
18.3141689
17.8786716
17.3864307
17.173605
16.7563725
16.4617767
16.953125
16.5313168
16.3362503
16.1543312
15.9692469
15.7273979
15.4794359
14.9082289
14.1620445
14.4560127
14.1995401
14.4301043
14.7874756
15.8612118
17.2816448
17.9925327
18.3304806
19.2151909
18.8911266
19.4192047
20.2561016
20.6498852
20.694849
20.7235737
20.6019783
20.8638115
20.8794765
20.2517128
20.3187561
19.7295895
20.2149506
20.5277061
21.044138
21.1593094
21.8429432
21.7257996
21.6223545
21.4674282
21.1137829
21.0620136
20.7047234
20.5002022
20.2658672
19.8410702
19.66465
19.7200546
19.7247066
19.6574516
19.1063614
18.4457664
18.38204
19.0003319
19.0741768
19.3546333
19.176506
18.7789345
19.17416
19.0432987
19.0668964
19.24263
19.3305607
19.334301
19.2194977
19.0387459
19.3423214
20.1382484
20.5479298
20.9971905
21.2869987
21.7618542
22.3340511
23.0052452
22.8651695
23.4989204
24.0096989
22.9016533
21.9886608
19.7780094
17.5191956
16.3444557
15.6073284
15.4862204
14.9275084
13.872612
13.2347908
12.8506584
12.6220675
12.1308804
12.0047007
12.0452757
12.1796141
12.1890326
12.1097307
12.0322466
12.0713835
12.0627489
12.2353754
12.1040945
12.0655212
11.9211226
11.8690691
11.3269587
11.2433252
11.0162859
10.5694475
10.1428823
9.7948675
9.8954458
10.2093725
11.3591747
11.9333897
11.9235029
12.1912374
12.4390001
12.6958103
13.4379129
14.0196075
14.6459675
15.104908
15.9695282
16.5754852
16.8737774
17.1151924
17.4948864
17.5384445
16.8284645
17.6459846
17.7107353
17.9354115
18.1412144
18.2631283
17.6247501
18.4128609
18.4490509
17.6034431
16.8168507
16.3999252
16.2031269
14.6399813
13.3211193
12.3435984
12.7160301
11.3751545
10.2735548
10.0338554
10.3773155
10.0655098
10.0362749
9.9882507
9.7684278
9.5220585
9.6912413
9.1254129
8.8448658
9.3008823
10.6017418
11.859375
13.007884
13.8072271
14.9406576
15.9820986
16.7029915
17.2149639
17.4360237
17.5669575
17.9539471
17.6127167
17.6660633
16.8929901
17.6798573
19.1340179
18.3610039
18.2536736
18.4577522
19.2090912
19.1102676
18.9514465
18.9734306
19.184166
19.046669
18.9544468
19.2960186
18.7747478
18.0365276
17.4085712
16.2174377
15.4458714
14.2442999
13.2105818
11.9690418
11.7337437
10.2732038
9.9404039
10.5222158
10.5214529
10.1754589
10.5672913
9.5507479
9.5600863
10.0968666
9.8425236
9.5912828
10.647995
11.2363434
11.946516
12.2437534
12.9674759
13.4177189
14.0917587
14.8222237
15.1810083
15.909399
16.7546787
17.3740082
17.5538559
18.2315559
18.8609486
19.4685402
19.588171
20.0225964
20.3018188
20.5195999
19.5724888
18.8633862
18.4672604
18.905035
19.3340416
18.9303284
18.6821537
18.5518761
18.5679398
18.2191372
17.6353931
16.9917736
16.6667786
16.2676754
15.8997879
15.1457167
15.0454292
15.0220404
14.8126802
14.3438034
13.8913946
13.5201778
12.7935457
12.4852228
12.8277273
12.2982893
11.9788256
11.8852901
11.9138279
11.2908468
12.8746958
14.3755465
15.3395281
16.0881157
17.2892494
17.6769886
18.6699123
19.5896454
20.2500305
20.6361046
21.8145981
22.1683502
22.6061897
22.8432961
22.7861729
23.2401276
23.6461411
22.8409863
21.3539314
20.2004032
21.7100487
23.4474773
23.9737186
24.5689964
24.525753
24.2117615
24.2859478
23.7862206
22.9935474
21.8107052
20.510561
19.9921913
19.7641296
19.0578232
18.6249676
18.4667835
18.5132103
18.5808144
18.694212
18.779686
18.1242237
17.3687706
17.0899372
17.1749649
16.9773674
16.7974834
17.0104389
17.1992702
18.7442245
19.1903992
19.8710842
20.6548862
21.8647976
22.8913498
24.6631069
25.5669384
26.3582439
27.0384426
27.2474976
28.0274754
28.660532
28.8573551
29.2205181
29.3144474
29.8386154
30.6370945
31.049511
30.7611675
31.3047504
31.6955109
31.678299
31.2321796
30.4067497
29.7298126
28.8030033
28.5611935
27.4356728
27.0755386
25.0460052
23.3116302
22.1589394
21.6767254
21.6974621
20.28092
19.8934364
19.0561295
18.4997768
18.0982742
17.5083618
17.7544212
17.3828163
18.7449036
19.9733543
20.0253468
21.4898987
20.7611771
20.7042141
21.2392845
22.3888645
22.0823917
21.7269821
21.9110699
22.7842617
23.9094849
25.3830376
26.9092369
27.6407948
27.9522648
28.5553665
29.1687775
29.7922459
30.0670452
30.3266697
30.1575203
28.9674149
27.6555271
26.7195473
26.3205509
25.9735794
26.1139107
26.378746
26.2734528
26.2219887
25.5232258
24.8297501
24.0037785
22.2818851
21.7095623
21.7364712
21.6137867
21.907095
21.7215004
21.7277126
21.1768932
20.500927
20.5633888
20.5043812
20.2948265
20.6037827
19.7110462
19.1779613
18.9008617
18.8532162
19.1257553
19.6288815
19.9941502
20.1667061
20.4241314
20.7647934
20.9373074
20.8658295
20.9185925
20.8728619
20.6573315
20.3065777
19.8188725
19.3208981
18.6451645
18.2053032
18.1085587
18.7247353
20.2812614
21.8658772
22.4382839
22.9505348
23.2475281
23.3941994
23.7031345
23.9924316
23.8938618
23.2992363
22.8883553
21.8977737
21.0054436
19.6464767
19.3522491
19.3427029
17.3451042
16.5335579
16.4278584
16.307539
16.1501484
15.8832064
15.5615692
15.2429829
14.8925886
14.9670067
15.7496147
16.1837578
16.2227859
16.0463982
15.8303337
15.7901182
15.9184685
15.7212086
15.6784935
15.2896576
15.6211271
16.0968151
16.534132
16.117424
15.8684883
17.0482578
18.4709225
17.0183258
19.058321
19.5420265
19.504818
17.9871311
18.9437561
18.246603
19.3382759
19.5706196
18.6529427
19.2868099
18.3069782
17.7899971
17.8547802
17.532671
17.4978657
17.1614418
16.6915321
16.4112339
16.1356258
14.8239393
14.4998388
14.3208704
13.918314
14.0550117
14.623167
14.7235031
14.7440386
14.8296719
14.7662344
14.6706791
14.3431892
15.0254412
15.3139963
15.5717411
15.6816301
15.7826595
16.0326176
16.3571644
16.8742275
17.6648617
17.8894672
18.3353672
18.6384029
18.8803654
19.278616
19.9876003
20.1772213
21.0780163
20.5285587
20.9261036
20.4626827
20.3074875
19.7446671
19.469923
19.3399639
19.5558376
19.4054775
19.1501217
19.1469898
18.7768936
18.3690395
18.1163445
17.8044701
16.9231911
16.2633514
16.3982487
16.3857536
16.1457691
15.8833284
15.9709425
16.3054218
14.2084026
13.1435223
12.769784
12.3642588
12.2173538
12.2104588
12.278038
12.5417061
12.7820196
12.7685966
12.5909615
12.6456423
12.6086864
12.7962961
13.5782804
14.1289425
14.2938271
14.2811384
14.5271454
15.4619064
15.9430103
15.9479599
15.9903851
15.1705084
15.1404753
14.0616751
14.5575886
15.052866
15.3820505
15.7893629
16.2584267
17.0236931
16.7748585
16.2905407
15.7300472
16.8771915
17.1199493
16.9525127
16.7965698
15.7169685
14.2439737
14.470727
14.2812719
13.6445065
13.4888906
13.3129015
13.5447731
13.4821119
13.5145979
13.4739304
13.3485346
13.2892437
12.9484835
12.8312588
12.6854334
12.5382891
12.4442635
12.3744287
12.2407236
12.3949432
12.7004499
12.7566395
13.0475607
13.3737669
13.7572565
14.2150793
14.767849
14.6781616
15.177002
14.9637833
14.2244673
13.9993687
14.4834204
14.6606388
14.5538349
14.1631327
14.256423
13.3916693
12.9447536
14.0204849
14.2918425
14.7532291
14.6187553
14.4938459
14.3653936
13.8418655
13.3869104
12.8559818
12.2096405
11.7745361
11.7040968
11.6895189
11.6864433
11.6205711
11.5644302
11.5427856
11.4224138
11.1364546
11.2394943
11.4420509
11.4903946
11.4281607
11.3733997
11.1700573
11.1017265
11.0702038
10.9656734
10.9989901
10.9900465
11.1119738
11.183301
11.3376369
11.5942078
12.6028271
13.0376835
13.2485666
13.5949287
13.7891474
14.2988358
14.523057
14.8045712
15.4436283
16.0982475
16.0414124
15.638505
15.8701267
16.0742493
15.5730438
14.53932
14.9740553
15.3022747
15.7372322
16.1300602
15.6777258
15.5713329
15.2731686
14.3253937
13.7583694
12.8978329
12.1763449
11.8580561
11.6663561
11.1071854
10.4258766
8.5752268
7.8193803
7.1311231
7.0473318
7.2711563
6.3518105
6.0939202
6.1840858
5.4010272
5.5864716
5.3096423
6.459887
7.8842926
9.2363062
9.8176193
10.9098568
11.8674479
12.6505098
12.9711723
13.4999151
13.2537327
14.0043716
13.5494318
13.9133596
14.2391157
14.4914112
15.3691092
15.5839911
15.4866266
15.9247932
15.7284117
15.1176653
15.5639219
15.3241234
15.2291489
14.7646389
14.9404688
14.3279905
13.9438229
13.6937122
13.1810265
13.3769112
12.3644371
11.3501606
11.1827688
11.3587379
11.4421835
12.0998659
12.3177309
12.5293827
12.0603151
11.6891251
11.5235014
11.3129187
11.1424398
10.9257488
10.7481966
10.705307
10.7589264
10.8381443
11.0009174
11.1838951
11.3869076
11.5896397
12.1213331
12.4205132
12.8377428
13.166193
12.1361122
12.9227667
13.209507
14.1843233
14.8789892
15.0465155
16.0107422
14.95471
14.7165403
14.3272047
14.2866325
15.0497293
15.1407452
14.009552
14.6640768
14.6644163
13.6917505
13.9918652
13.8296862
13.6412611
13.5571346
13.0486841
11.8691988
10.6963005
10.0640182
9.728796
8.9556236
8.6440687
8.9052429
9.0330772
9.3016462
9.6312361
10.0302782
10.2110853
10.5026445
10.5914345
10.6755924
10.7845888
10.8604937
11.1355419
11.1476612
11.1079025
11.2706223
11.4541082
11.5386429
11.619813
11.7489176
12.1279736
12.2019367
12.3502035
12.812212
13.2696505
13.5621185
13.8117886
14.0534163
14.5835314
14.0571184
14.1193962
14.8332272
15.2853489
15.2835693
15.4560795
15.7610836
16.2203922
16.1344948
15.8928556
15.8847895
15.6056671
15.4428663
15.3647985
15.066721
14.5835104
14.1807737
13.8671732
13.7300787
13.6777515
13.6049309
13.4933138
13.5380421
13.5357409
13.5004368
13.5671329
13.748188
13.939229
14.075655
14.5213633
14.6344147
14.5467911
14.5484791
14.5925369
14.6887426
14.6553316
14.9445362
15.212203
14.9909725
14.8145647
15.2143459
14.7885103
14.7842884
15.423502
15.4970713
15.0780783
14.8720055
15.980854
16.5477962
17.7271442
18.0091953
17.7531548
17.9529991
17.7255611
18.1403904
17.5908337
17.3681126
17.1990166
16.5814476
15.8109598
15.3678179
14.8027325
13.334609
12.3983355
11.7406921
11.5890398
11.6369019
11.5436649
11.0980043
9.3791895
8.6712685
8.15273
8.0031404
7.822258
7.5146761
7.0437746
6.7419815
6.7075515
6.9735193
7.1388111
8.4535923
9.973772
11.5961294
13.0859451
14.1255388
14.8726635
14.2997198
14.4827585
14.4042435
14.954071
15.6419668
16.4477386
17.4842968
18.5200272
18.7261772
18.8494453
19.1193066
19.5281448
20.2145233
20.4432335
20.1830215
20.3856354
20.0740681
20.1068211
20.8077507
20.590374
20.5877323
20.1941814
19.4081364
17.7926407
15.9489899
14.7630205
14.5213346
14.3280697
13.9584675
13.6879282
13.0452871
12.6111774
12.6113405
12.4600353
11.6321411
11.043129
10.9807129
11.1767969
12.0770512
13.1038141
14.165184
14.1367788
14.6852465
15.7012482
16.2858639
16.3971252
16.6841412
17.0168152
17.818243
18.4231663
19.0181103
19.1160164
19.871191
20.4199123
20.9331894
21.2875252
21.2868671
21.1898766
21.3102093
21.5177517
21.181675
20.9885559
20.7857552
20.3766804
20.2131271
20.1936207
19.8162804
19.3988724
18.8380871
18.8012829
17.8027287
16.653904
15.7155085
14.5844774
13.9226379
13.1846294
12.5024767
12.0623407
11.9270649
12.3927736
12.1861725
11.6312065
10.9552279
10.8918247
10.5555525
9.8929033
10.1784487
9.7719021
9.218339
9.4672823
11.0644655
12.7226906
14.1814585
14.8827362
15.6356115
16.4328785
17.3407612
17.9193325
18.7900925
19.2963943
19.7122536
20.1000385
20.6891632
20.8335419
21.3896275
21.4947243
22.2938766
22.9056358
23.2995415
23.3023815
23.7733173
24.1910686
24.1488914
22.5248775
22.6297016
22.8182049
22.1345005
21.1602535
20.7067261
20.1819286
19.7491112
18.557579
18.1425495
17.5720959
17.1801529
16.9767189
16.9218159
17.2387981
17.6384068
17.3276558
16.8234348
17.2237206
17.7017422
17.7383652
17.7833462
17.6762562
17.4755096
17.6083908
17.4107609
17.4188766
17.5390167
17.6575069
17.7235355
16.2816372
16.3963203
16.8683529
16.8218346
16.8306808
16.9265499
16.4561443
16.9267864
17.5354881
17.1687679
17.3486195
17.454483
17.5742855
17.8772526
17.1963844
17.2503643
17.5874939
17.9735756
18.262825
18.0522957
17.8507252
17.8645859
17.6685219
17.5037937
17.2035999
17.0437336
16.7940769
16.4897671
15.5508261
14.4492302
14.1778536
14.4500141
14.9100933
14.2182503
13.7705469
14.4738045
14.3931227
14.1496611
14.0272694
13.1786737
13.2363567
13.7542944
14.5512323
14.9078541
15.2434778
15.4642191
15.5127726
15.5315676
15.8767881
16.143589
16.4636135
16.9105835
17.4083443
17.8346729
18.2949352
19.4983101
19.6752472
20.1701183
20.9440498
21.4302006
21.4615669
21.787447
21.5642815
21.9360523
21.5107517
21.5310383
21.1935635
21.3425255
20.5439377
20.2212601
19.47122
18.5489483
18.1682892
17.1561317
17.4597721
17.3938923
17.0628624
17.2977314
17.3424721
17.4307785
17.1214275
17.2391453
17.1365585
16.9664764
16.6489334
16.3625031
16.1509533
16.0565491
15.8806353
15.7403278
14.8949614
15.5469151
16.0340824
16.7592926
16.8977833
16.9329338
17.4741879
17.6216602
18.4844036
18.8445797
19.0708714
19.3798828
20.0223064
20.0300808
20.3478909
21.1090755
21.1435165
21.5627346
22.3980255
22.5929813
22.6534996
22.1488209
21.8340759
21.6259193
21.4510365
21.553833
21.5605736
21.3406525
20.9747162
20.1238842
19.0593891
18.3667412
17.8457012
16.8754044
15.9567099
15.1316147
14.8084631
14.6919966
13.9051867
13.2319298
13.1816607
13.1061172
12.9051867
12.6153002
12.2916193
12.0592098
12.0191441
11.7133484
11.7168627
12.7033701
13.992485
15.862793
17.2288284
18.669693
19.625164
20.3414192
21.0772495
21.8889103
22.6128025
23.0158424
23.347477
23.7721729
24.3349266
24.5734234
25.1343861
25.3548946
25.4806709
25.5132141
25.9260845
26.1027412
26.1432438
25.6742096
25.4831524
25.2769699
25.0834026
24.5802574
23.9423141
22.9281883
21.8860683
21.056963
20.5727692
20.4764938
19.3992023
18.8879662
18.9209938
18.0437889
16.6193638
15.6577539
16.3761749
16.2474461
15.1683626
14.6507063
13.7408304
12.9994345
12.4521952
12.4566288
12.9812412
13.6860142
15.3724146
17.2534008
18.9079781
20.0460224
20.9153919
21.6112366
22.3782482
23.0099506
23.7427387
24.2256565
24.4993706
24.9673481
25.1178226
25.5837059
25.6736126
26.0417995
26.2469349
26.6728725
26.7676258
26.7966824
26.7171612
26.7424774
26.5179024
26.1480026
25.6467285
25.1070461
24.586235
23.6563988
22.3571224
21.1535511
20.4098511
19.0823898
17.0060062
15.4404545
15.1205263
14.2647104
14.2430286
13.93011
13.2383852
12.9987965
12.9017897
12.8836832
13.1969995
13.2765665
12.7468576
12.3686819
12.5523157
13.7797375
15.1977797
16.8948345
18.1465168
19.3498936
20.211834
21.2584476
22.3192501
22.9799385
23.5766926
24.264185
24.8223667
25.4432144
25.5340729
25.9683571
26.3874168
26.5135899
26.7802105
27.0245647
27.1278324
27.0760403
26.8924427
26.8374767
26.6384907
26.2508488
25.8330116
25.2889004
24.5947227
23.5657883
22.5510674
21.7849522
21.5178204
20.7839088
18.9224796
17.4307671
15.9270086
15.7588902
15.9471807
15.7479839
16.2700272
16.5237122
16.1247616
16.2600288
16.1400833
15.6771507
15.2187166
14.6897116
13.9792795
14.1320972
15.3743401
16.1823521
16.8257065
17.5388947
18.6900311
19.5434113
20.6338215
21.0391178
21.8961868
22.8328266
23.4559002
24.1393623
24.6643314
25.1269341
25.7804222
26.0481033
26.3176689
26.4638672
26.8218002
26.7124157
26.607687
26.3550797
26.0186367
25.5555248
25.0309334
24.3598156
23.6219444
22.8685322
21.9803848
20.9610081
19.7205486
18.1939716
16.6493568
16.4455166
14.5598574
14.6962919
14.9464235
14.9853182
13.4166927
14.3373318
14.1119862
12.8232241
12.1265392
11.9117088
12.1030741
12.0573606
11.5333176
12.5254784
13.8615808
14.8614635
15.9591875
17.0064316
17.7927189
18.5292282
19.300499
19.9959297
20.4726028
20.9098682
21.567667
22.1571426
22.3372402
22.2484245
21.9155064
22.1090069
21.0774441
20.3194275
20.3458366
21.0622921
20.9378681
21.4079113
21.4374313
21.6764164
21.0787811
20.1436939
19.5010376
18.6192322
17.4767132
16.3700733
15.2255106
14.3092146
14.0598345
13.998724
14.176343
14.4984388
14.3425369
14.2646866
14.0993681
13.8526478
13.705451
13.5686064
13.458724
13.3735199
13.3018188
13.2225132
13.1667528
13.1367559
13.1332912
13.1630268
13.3271675
13.7101135
14.2054501
14.437788
14.7998381
15.1730032
15.3490849
15.4564114
15.6314583
15.9968023
16.2953777
16.3846512
16.6903572
17.0569839
17.3639565
17.1296062
17.2871647
17.5459518
17.6933098
17.6929951
17.6093273
17.6993999
17.8572998
17.8442516
18.0524025
16.999403
15.9970779
15.0409603
13.4764204
11.8322868
11.3463268
10.3503838
9.8179178
8.9310436
8.4914923
8.2717733
8.1676102
8.3075161
8.1988306
8.1452093
7.729579
7.8311634
7.9446816
7.7347274
7.8943844
8.4751549
9.8409214
10.9660473
11.7262583
12.5826502
13.176775
13.8702984
14.7595749
15.6461372
16.8232365
17.2314606
17.8639202
17.5740185
17.9698029
18.6090584
18.8468437
19.5406551
19.3395672
19.3832703
19.6727047
19.6421223
18.7376213
17.878664
17.718626
17.835022
17.7682819
17.5347462
17.6042004
17.1396542
16.3458633
15.7969723
15.5191097
15.6436529
15.6273556
15.4620905
15.3020382
15.2747135
15.271863
15.3540325
15.0585747
15.1276493
14.8883924
14.7194691
14.5716858
14.4880514
14.3718853
14.4120798
14.5590372
14.7569933
14.9460659
15.1083555
15.5105343
15.9406681
16.5144672
17.0800285
17.4275188
17.9225655
17.853487
18.2910519
18.6501389
18.7864838
18.3503628
19.5363331
19.529398
20.4878292
21.091238
21.1982555
21.238308
21.9997101
22.066082
22.0783405
21.9273834
21.6626339
21.0765724
20.4995899
19.789753
19.0565052
18.5213165
17.17029
15.0142241
13.583765
13.6239519
12.9815273
12.2683477
11.3817463
11.1383753
11.0108337
10.1881628
9.9708033
9.6947136
9.3985376
9.5737925
9.6736889
9.6755342
9.371397
8.9779196
9.7786522
11.492816
13.3594084
14.3972702
15.2459478
16.3401508
17.4153461
18.1843128
19.1529312
19.9878445
20.3990059
20.7453003
21.3634605
21.7527943
22.1102219
22.4796009
22.6888695
22.9084072
22.7792301
22.8736591
23.2446442
23.1639671
22.5945129
22.2541904
21.7995796
21.5146313
21.0191612
20.6786118
20.1419506
19.1846275
18.1368084
17.7471409
15.700036
15.1369619
15.0638332
14.6019917
13.7572098
13.8761368
13.3810959
13.1253357
13.0099001
12.7574024
12.6104498
12.5033932
12.1846867
12.5794926
12.9536839
13.5362835
14.5235367
15.4932947
16.1496773
17.2633095
18.5063972
19.9685078
21.3705597
21.553772
22.4540138
23.2710762
23.619112
24.3162956
24.3625813
24.8160992
24.8376083
25.3389645
25.7964382
26.2599888
26.4586811
26.4248466
26.7479095
26.8690071
26.7766132
26.1871643
26.0770416
25.9326229
25.3587093
24.575367
23.1622276
22.1996727
19.8071213
17.8146305
16.8157578
15.9749527
14.9870958
14.362648
14.2352018
13.6333876
12.3563204
12.4386282
11.9874649
11.9561625
12.043088
12.0828714
11.7149763
11.5055103
11.2435455
11.0283155
12.0802946
13.8694687
15.1323719
