2.906738333
3.161947667
2.798427
3.079286
3.703506333
3.362440333
2.843719333
2.028580667
1.846966333
1.868955667
1.898803667
2.165426667
1.841594
2.053889333
2.535204
2.542458
1.76054
2.272159
2.968568
3.468913333
3.265708
2.973026
3.1157
2.985977333
2.398354
1.962933333
3.352174667
3.630245
4.368363333
5.602262333
5.641516
4.562739333
3.990811333
4.049193667
3.685933667
3.697471
2.454268
2.458033333
2.098393667
2.164915667
2.154868333
1.825776667
1.986207667
2.220399
2.739068
2.270787
2.375583
1.410411
1.2754015
1.0730461
0.7578121
0.663719567
1.147367467
1.438403667
0.602728867
0.665230133
1.2611317
0.790618033
0.617272353
0.588195533
1.020038233
0.5676861
1.4017779
3.179058
3.654247667
2.414769
3.016893333
4.379110667
3.915033333
4.172625333
4.442810333
3.647524667
3.579512333
3.562163667
1.937748933
1.102650967
1.915672667
1.935395667
1.198038
0.7890493
1.036842167
0.474837333
0.330350333
0.327412867
0.4589643
0.568410467
1.044876
0.8850127
1.0353021
1.300565767
0.7112863
0.8471313
0.4331442
0.4359347
0.523747533
0.816477
0.614458933
0.9469172
0.760835733
0.590110233
0.6841148
0.923065667
1.019009533
1.023931933
1.1179839
1.133423467
0.789401567
1.034048567
1.708451
2.809751333
3.197851
3.898300333
4.303836
4.325870333
4.420824667
5.172653
6.497582
5.304026667
6.01698
6.071890333
6.127386667
6.465322
5.906205
5.455639333
5.378748667
5.112589667
5.086937
4.684059667
4.086586
3.263639667
3.203484
4.008015667
3.841764667
3.363647667
2.852214
2.430684
1.683629333
1.459252667
1.409238333
1.153354367
1.315992
1.458986667
1.090652767
1.193991033
2.363265333
2.565741667
2.667944667
3.450277333
3.564026667
2.504446333
2.159906333
2.69153
2.666074
2.048528667
2.117904
1.618258
1.485705667
1.425065333
2.251700667
2.484412333
2.836657667
2.582176667
3.325339667
3.110722333
2.345342667
3.015232667
2.746174
2.382019667
3.018208333
2.893482333
3.192047
2.504613667
2.908948333
2.860091667
2.551308667
2.0066
1.840452
1.2178973
1.376077667
2.250287667
2.064652333
2.205391333
1.867136
2.335269333
2.237472667
1.865451667
2.467699667
2.466813667
2.399409667
2.015332667
1.965661333
2.884547
3.532998667
3.403095333
2.622401667
1.900352
2.378972667
2.685816667
2.564735333
5.163700333
6.594837333
5.818411
6.652356
5.004101
4.266095333
6.018519
6.914649333
7.026048
6.739515333
6.274377667
6.968561333
6.462206333
7.171705667
7.214424667
7.498048333
7.311563
7.437501
7.557003
7.875480333
7.134353
6.721160333
7.154539667
6.944591333
6.42308
6.850714
6.079890667
6.188523333
5.172801333
4.938386667
4.729214333
4.394585333
3.835710333
2.939985
2.008898667
1.553427
1.711227667
1.754560667
1.754912667
5.094318667
4.218223667
4.600706333
3.870499667
3.506980667
3.217717333
3.790873
4.003001
3.704369333
3.472848667
3.522561667
3.480747667
3.886571333
4.004811333
4.507997
4.635440333
4.681554
4.776444
4.673737333
4.858360333
4.926313
4.547707
5.011581
4.367255667
4.314648333
3.568347667
4.042181333
3.823977667
3.552895333
3.477351333
4.345586667
2.991886
3.024624333
4.080456667
4.192497
4.347409667
3.392698333
4.039101333
3.630122333
3.329959333
3.071952
2.460650333
2.370868
2.687528667
2.664872667
2.369187333
2.682755667
2.568966333
2.825682
3.398487333
3.344564667
3.416294667
3.609182667
3.668327333
3.728241667
3.279241333
3.432020333
3.274651333
2.536811333
1.896090333
2.577184667
3.069251667
2.207038333
2.201355
2.535662
2.935413333
3.159564667
3.004151333
3.064337667
2.927633
3.407226
3.202695667
3.428924
3.157479667
3.853842
3.538073
3.709702667
3.519081667
3.833006667
3.488042667
3.732159333
3.244020333
3.31517
3.233361667
2.674677333
2.259468667
1.948985333
1.825137
2.044907
1.742974333
1.642560667
1.262546333
1.614078
1.572925333
0.994041733
0.9877492
1.116029
0.891298667
0.868690833
1.098454833
1.423587
1.286299
1.305583667
1.376303
1.038397333
0.5065438
0.4484263
0.5350755
0.897291233
0.741541633
0.629142233
0.5250687
0.614170933
0.987730733
2.028859333
1.0752239
0.494086133
0.6256313
0.375899867
0.545027433
1.310323667
1.454387333
1.044499167
1.035868767
1.1591924
1.091642333
0.8982761
0.773040133
0.6336393
1.003695133
1.069266433
1.122096
1.257384
1.168537333
1.0138344
0.922463767
1.117271833
1.213873567
2.251821667
2.16638
1.441975
1.303019
2.198051
3.206916333
2.398314
1.660164667
1.041836367
1.015493267
1.079027333
1.457421667
1.268654
1.853945333
1.982123
1.175152667
0.8625146
0.762039167
0.853109133
1.030222733
1.357059333
1.831896
1.978230333
2.110253333
2.475845
1.348377767
1.584082667
1.583685533
2.017921
2.582673333
2.947288333
2.613258
2.867302667
2.750831
3.165302667
2.915914
3.094834333
3.213931333
3.771827333
3.665828667
3.646579667
3.04632
3.258181333
2.348541
1.654513333
1.529812667
2.109432
1.980002667
2.186443667
2.454968
2.345541
2.271003667
2.102513333
1.980746667
2.360426667
2.151567
1.911956333
1.788505
1.848555667
1.683029667
2.014794
2.249459667
2.551709667
2.902414667
2.741792333
3.121707
3.508244333
3.759460333
4.140063333
4.708817667
4.597353333
5.184054333
6.128088333
5.641877667
5.589276
5.116649667
5.004238333
4.727207667
4.760329
5.018262333
5.290837667
4.669249
4.691396667
4.376185667
3.881449
3.740532
3.589965333
3.521353333
3.226574667
3.267700333
2.817398667
1.819117667
1.507925
1.329244
1.222944667
1.154739
1.225283667
1.464945333
1.796356333
1.884915
2.010773333
1.293967733
1.005710767
0.7238788
0.902573467
0.672095
0.972079033
0.893130833
0.4818056
1.118779967
0.5903705
0.836012567
1.018297967
0.553980067
0.279523033
0.6455843
0.645252567
1.216609467
2.056066667
2.911269
3.090657
3.053603
3.078609667
2.920809667
2.552240667
3.116473667
3.510077667
3.740220667
3.704139
3.308812333
3.390407667
3.012364
3.425815
4.415474667
4.063584333
4.819615667
3.756544333
3.983110333
3.253951
3.624735667
2.070188667
1.879612667
2.015197667
1.404675
1.290984
0.6150354
1.502757667
0.794225767
1.0897059
1.0506215
1.732361
0.860970533
1.548222
1.725648
1.739923333
0.894578
0.312844033
0.402060733
0.214506133
0.741286833
0.3882801
0.259183667
0.9159725
0.558833567
0.704127
0.9008247
1.153443667
1.281939767
0.8963699
1.0741243
0.904781833
0.756302767
0.860846933
1.103087833
1.787284667
1.866811667
1.751208333
1.763051
2.965935333
2.339417333
1.905032
2.405318
2.459908333
1.181028633
1.583733333
1.754648667
1.921955667
1.333514
0.7541193
0.4020711
0.882033667
1.039799133
1.131363067
1.443414633
1.787474333
1.764437
1.282610333
1.234976633
1.509963333
0.758005533
1.112762467
0.705523067
0.9420439
1.0919845
1.343661667
1.773776
0.8856999
1.433583333
0.8556034
0.890654333
1.371289967
1.619479667
2.119029333
1.740355667
1.732268667
0.522814133
2.049860667
1.587583533
1.664146667
3.646009667
3.362032667
2.053454333
2.06609
2.894785333
4.48544
4.941274333
4.367105667
4.203058333
4.124498
13.095046
3.967119333
5.845413
5.565401667
2.928077
3.056568
3.680245
3.568589
2.430683
3.539315
3.390778
2.954852667
2.54478
2.374876
2.802062333
2.919961333
3.252247
2.526224667
2.368116667
2.552341
2.314612
2.10269
2.202249667
2.395639
3.091931
2.74877
3.190604667
2.825608667
2.298613333
2.649197667
3.06865
3.421247667
3.843958
3.998287
3.794391
3.111873
3.396917
3.554253333
3.664667667
3.075159
3.420830667
3.309872667
3.174369
3.060692
3.525793333
3.830926667
3.880354667
3.595812
2.943787333
2.998088
2.905607667
3.180683
2.841192
3.044464
3.172763667
2.298605667
1.993136667
1.461307667
1.389054
1.442466
1.692878667
1.852347
1.248935667
1.795346
2.187772333
1.817194667
1.556896333
1.762455333
1.476183667
1.870731333
1.808306
1.528672667
0.7867925
0.8124662
0.912897
0.667555333
0.786104833
0.640865367
0.9385352
1.150565367
1.276758
1.739436333
1.664021333
1.815042667
1.703853667
1.162474367
1.2109645
1.489953333
1.1203757
1.053335833
1.464576667
1.1287283
0.868901333
0.545212933
0.872523833
1.563285933
2.074124
2.294147
2.312129333
2.444214333
2.538745
2.196096333
2.583934667
2.560363667
2.666995
2.061106
1.858919
1.872780667
1.613326333
1.614838333
1.415056333
1.388563667
1.378550333
2.036731333
2.108933667
2.777114667
2.899568333
2.990304
2.648211
1.663206
1.932509
2.459491
2.538143333
1.790999333
1.653066667
2.136489
2.938959667
3.877612333
4.158890667
4.626199
5.217883667
5.298228
5.481301667
5.163074667
5.289741667
6.040539667
6.096229
5.21257
5.052609333
5.540376667
5.592768
5.120946667
5.707785333
5.043467667
4.890344333
4.184946
4.541074
3.57932
2.999920333
2.714021
1.798531
0.367004083
1.016182233
1.071358167
0.2171103
0.5726796
0.611821367
0.878482933
0.5347417
0.515828733
0.5787156
1.137284467
0.5314539
0.905369667
0.586375967
0.826543233
0.407036767
1.1266894
0.6442028
0.528532267
0.496072533
0.805218133
0.782524833
0.542538
0.816414667
0.4773149
0.714354533
0.6459305
0.730035267
0.830933867
1.547043
1.843513
1.963659667
1.863854
2.176085
2.159492667
2.256074667
2.153948
2.532458333
2.676375667
2.460578333
2.958615667
2.337249333
2.474993
2.413938
2.359192333
2.386013
1.959023
1.968840333
1.285732
1.417467
1.325
1.478279667
1.458573667
1.427442
1.313450333
1.568266333
1.476945667
1.475434333
1.262423
1.455589667
1.359526
1.388765
1.164652
1.357809333
1.402449667
1.517001667
1.381708667
1.691988
1.486225667
1.532648333
1.649351
1.926552333
1.697609
2.392672667
2.162135333
2.721671333
2.740351667
2.589596333
2.604549333
2.861702
3.084093667
3.103222
3.516289667
2.836791667
2.758903667
2.810667333
2.894411667
2.601561667
3.118265
2.614945333
2.627836667
2.228323333
2.031699667
1.32211
1.519710667
1.596829333
1.0824778
0.9890462
0.783578767
0.938185
1.0912805
1.11773
1.136572667
1.016333067
1.232547667
2.301153
1.303248333
0.5511744
0.65507778
0.8766111
0.3829868
0.5090689
0.7123839
0.557103967
0.871508567
0.863458533
0.474877033
0.511707033
0.967485867
0.724585133
0.843076567
0.442682133
0.4315154
0.561672733
0.710643
1.336038667
1.620872333
1.845532333
2.040556
1.629872067
1.732800667
1.434473233
1.412597133
1.998895333
2.143572333
2.223299333
1.544856333
1.821114
2.279623667
1.901636333
2.113204333
1.777900667
1.747208333
2.575558667
1.987999333
1.839138
1.914823
2.136095333
1.673921
1.628473333
1.509374333
1.703132
1.832790667
1.323940333
1.2055272
1.057449667
1.211535767
1.011861933
0.892506433
1.251672333
0.976353967
0.9582526
0.727103767
0.384707867
0.2515291
0.673292833
0.189885
0.3004615
0.583233167
0.817345133
0.8231904
0.841067467
2.041051333
2.039817667
2.028719667
1.646785333
1.995510667
2.412032
2.056700333
2.021320667
1.658753333
1.724353333
2.317907333
2.272038333
2.229813667
1.972077
2.442860667
2.396093667
2.426082333
1.892291333
2.000125667
1.627118
1.466790333
1.269326667
1.130770667
1.0306114
0.6040319
0.5746009
0.559268
0.7446852
1.163480333
1.330201967
0.664854533
1.251615
1.092804467
1.084796067
1.202463333
1.893223667
1.927590667
2.009758333
1.992358333
1.629577333
1.398405
1.672783667
1.740319
1.763807
2.264991667
2.750683
3.210422667
2.936073
2.481631
2.449338333
2.2663
2.085394667
2.478327
3.210168
2.930295
3.056940333
3.342549
3.645462333
3.709866
3.953796333
3.900992333
3.989149667
4.270801333
4.284587667
3.977467667
4.246953667
4.063267333
3.825672
3.448678
4.380540667
3.409980667
2.798406667
3.371452667
3.107704
1.91513
1.852319
1.672488
1.735274
1.833578333
0.9317261
1.4932279
0.866405833
0.495317867
0.713937467
0.8078606
1.221616433
0.451616967
0.478762033
0.959364433
0.757318267
0.6183197
1.325909967
1.587430333
1.975099333
2.484161667
1.978537667
2.064335667
1.748137
1.636558
1.808448333
1.1132885
1.135176867
0.654729667
0.907897233
1.208204133
1.103691433
1.5019699
1.0094405
1.303202333
1.552333667
1.3182469
1.233546667
1.350037667
1.295970333
1.660104333
1.584432333
1.423768
0.925912233
0.840805733
0.473622267
0.511426133
0.4494028
0.5581882
0.771732167
0.6065693
0.332392833
0.540489667
0.505957933
0.7245029
0.32543132
0.623483467
0.5072059
0.261379267
0.8537233
0.5586791
0.754349133
0.715611067
0.401829467
0.356118333
0.8198807
0.25747834
0.4600942
0.486908833
1.678223333
1.820032333
1.8802
1.833522
1.433159667
2.240821
1.98312
2.298304667
1.924096
2.316641
2.145552333
1.977289333
1.232595167
1.010826867
0.573606533
1.903182
1.538255333
1.483249333
2.185443
2.050126333
1.948807333
1.680213333
1.412130667
1.232257
1.342470667
1.504841667
1.33572
1.101944933
1.648446667
1.316464
0.994037767
0.356303733
0.5779208
0.330241767
0.647540633
0.589895267
0.724570967
0.770166167
0.622615733
0.7299577
0.666790167
0.218464927
0.472637967
0.470246567
0.548149
1.362542
1.57814
1.898341333
1.883248
1.695023333
1.908389
2.178048333
1.999337333
2.832608
2.498154333
2.061519
2.704703667
2.888878
2.287393667
1.071407467
1.477844
1.236607633
0.764114367
1.439010333
1.920287667
2.034186333
2.467753667
2.241084667
2.110604
1.420235
1.409386667
0.9515304
0.249679813
0.605821667
0.3750042
0.471344233
0.3671945
0.864048367
0.7422543
0.454940133
1.279657667
1.575414667
0.873936
1.251112333
0.852097167
0.435572133
0.6244227
1.242677767
1.416366667
1.405955333
1.0791747
1.211128033
1.561497
1.617236
1.467343
1.975284667
1.673741333
2.056972667
2.723977667
3.192478
3.527599
3.75406
3.788945
4.437418667
4.136283667
3.714429
3.727255
3.905188333
2.940800333
2.361543667
2.275750333
3.111358
3.873951667
3.939206333
4.33183
4.139487333
3.342568
3.531875333
1.844333333
1.515856333
1.265842333
1.291126667
1.359081333
1.21412
0.769704367
0.5360097
1.257908367
0.795210167
0.5633635
1.039317133
1.215216667
1.536408333
0.817528233
0.681212133
1.0104191
1.002671533
0.641626267
0.754126967
0.5333766
0.4559954
2.908571333
2.143567
1.686552667
2.486119333
2.903949667
2.822156667
2.931326667
2.939197333
3.199605333
3.170887
3.366912333
3.214656667
3.495357667
3.208789333
2.930097333
3.0104
2.853652
3.504011333
3.636291667
4.004931667
4.469819333
4.798070667
4.041511333
4.303097667
3.739868333
3.359484
3.363238
2.474025333
1.637298333
1.335448667
1.595888667
1.657561
1.193317733
1.000099
1.069842767
1.246923333
1.431917
1.364661
1.765197667
1.944346667
2.036651
2.033332
1.732192667
1.590708
1.643234
2.014325
1.969664
2.528323667
3.735416667
4.333709
4.414430333
4.617350333
4.802768333
5.506571
5.639927667
5.080868333
4.599930333
4.941365667
4.704047667
4.886065667
5.161668667
5.461663333
4.640070667
3.977442667
4.608409667
4.046472333
4.38318
4.469372
3.794628
3.667657333
3.588171
2.913426333
2.866012333
3.362049667
3.133316333
2.733321
2.243003
1.997898
2.822709667
2.328128667
1.947879
1.474025
1.217488333
1.320517667
1.408167
1.189177
0.843816133
1.137292667
1.577374
1.813534667
1.548714
1.193836
1.223533667
0.8843872
1.153702167
1.221018
1.360744667
1.896478667
1.987831667
3.105246
3.664135
3.493430667
3.327276
4.020770333
4.763669333
5.265692667
6.424734
5.349258667
2.42215
2.532825333
2.441233667
3.041398667
4.160253667
3.992106667
4.47875
3.639777333
3.918316667
4.274766667
3.838754667
4.616637667
3.044548667
3.031678
3.461473667
4.922944667
3.693247667
2.694592333
1.730454667
3.767795333
3.945655333
2.83959
3.669124333
4.268734333
3.822893667
3.630249667
3.396154
3.335684333
3.234122333
3.256034667
3.633678
3.876891667
3.496610667
3.602458333
3.068302333
2.913910667
3.639641667
3.738842
3.954696333
4.283504667
4.465338333
4.646024667
2.36387
1.664965
3.034295667
4.389669333
5.320252333
3.530893333
3.795702333
3.607918
4.436097333
4.360248
4.433671667
3.666545667
3.891875667
3.697311667
4.935635667
4.138742333
3.437397
3.230105333
2.443153333
1.991067333
1.534746333
1.320667
1.391321333
1.232384333
0.741199833
1.591332
2.07141
3.039462667
3.081208667
2.260270333
2.206464333
2.884424667
3.300107333
3.803024333
3.981799
4.073347667
4.006732667
3.922272333
4.028415
4.002728
4.051876333
4.091835
3.700968
4.421714667
4.898221
4.744291667
4.830624667
5.009747333
5.195512667
4.498440667
4.215156333
3.834216667
3.603535
4.048903667
4.559308667
4.789064333
4.523435667
4.615323333
4.891982333
5.194944333
4.756316667
4.250329667
5.621428
5.825409333
4.607959333
3.934395667
4.360579667
3.778038333
3.458155333
2.835956
1.639184333
1.628065
3.319411667
2.943853333
2.740591667
2.843277667
2.581005667
2.073757
2.213901
2.433934
2.560554333
3.304926
3.502030333
3.636338333
3.536941333
3.170002333
3.088714333
2.783748
2.805477
2.842945667
2.564571333
2.833536
3.347812667
3.482390333
3.464376333
3.418451667
3.301375667
3.552138667
3.762526333
3.884662667
4.407906667
4.272703667
3.826404667
3.557372
3.900477333
3.699285
2.872300667
2.450328667
2.506568
2.129091667
1.284766333
0.365452903
0.704805133
0.989291467
1.678040667
1.734384333
1.0676766
1.208532167
1.3369461
1.362566667
1.437377667
1.297485667
1.298508333
1.706919
2.147155
2.118732667
1.394665333
1.953582667
2.206805333
2.48252
2.745644
2.218572
2.220398333
2.431668
2.908052
2.116291333
2.129334333
1.427899667
1.153985333
1.864014667
2.983275333
3.491844333
2.587032333
1.762623667
2.458576667
1.698537667
1.629107667
2.766382
3.780516
2.938292
3.009516667
2.557958
3.600286
3.129650667
2.680054667
2.228554
2.235456667
3.140217333
3.391414333
2.986003
3.058300333
2.786537
1.882904333
1.799456333
1.526429333
1.416227333
0.9293834
1.1194264
1.005414433
1.337372333
0.782383733
0.671117967
0.214316233
0.633249233
0.4920967
0.653302733
0.468752433
0.422511967
0.484315
0.770383067
0.5812466
0.696827867
0.706464033
1.132855967
1.30828
1.191573867
0.9909853
1.471249667
1.0247781
0.759704033
2.222495667
2.315927
2.539967
2.382569667
2.119052333
2.371979
2.299007
2.415633667
2.562018
2.595930333
2.411313667
2.249460667
1.884900333
1.819354
1.996857333
2.017582
2.312885
2.527445333
2.21749
2.395776667
2.715003667
2.979914667
2.954610667
2.545861333
2.620186
2.547667
3.326135
2.660382667
2.074406667
2.232445
2.030384
2.788226333
2.727884667
2.709417
2.618868333
2.415591667
2.641363
2.012063667
1.947259667
1.926860667
1.969042667
1.946292
2.258724
2.265096333
2.59368
2.32711
2.737918667
2.394831333
2.486799667
2.50428
2.658415333
2.509608
2.419426667
2.555875333
2.739167667
2.228095333
2.067070667
2.119699
2.146972333
1.628204
1.898716333
2.133663667
2.268801667
2.450252
2.346663
2.396835667
2.371785333
1.908727
2.004868667
2.033528667
1.416886333
1.459237
1.388385333
1.727281
1.982467667
2.461515333
1.825220333
2.435611333
2.380483667
1.997768
1.906247
2.349899333
1.767418
2.078384667
2.710885
2.380061667
2.356795333
2.831983333
2.488007
2.184788
2.098831333
2.329370333
2.159804667
2.393165
1.997677333
2.340415
2.422111667
2.496541333
2.096197333
2.549308333
2.314452
2.363297667
1.985856667
1.816115667
1.682168
1.6119625
0.944878233
0.9061485
1.722683333
1.752387333
1.737720667
1.604746
1.743954667
1.523065667
1.879893333
1.558233333
1.420188667
1.438600333
0.9660603
1.025052367
0.8972886
1.235928767
1.609040667
1.413700333
0.897983733
0.578442733
0.291564433
0.6831554
0.364043067
0.356606367
0.416652467
0.475595267
0.414392133
0.437575367
0.476498967
0.884097333
0.353870333
0.360703567
0.297604767
0.579310167
1.1282355
1.298332667
0.938931933
1.112678167
1.658586
1.502046667
1.985224
2.967336667
2.584270667
2.448236
2.195589333
2.871108333
2.657379667
3.100685333
2.784341667
2.511530333
2.143643
2.228883333
1.990251667
2.510767667
2.782301667
2.992783333
3.358054667
3.067770333
3.056425
3.239830667
3.081266667
2.616876
2.424954333
2.077973333
2.029295667
1.849983
1.528827667
1.339394667
1.412265
1.534529667
1.638947
2.034446667
2.100721
1.986360333
2.251793667
2.556901333
2.061389333
2.567405333
2.54225
2.320051667
2.286305
2.311161
1.881453667
2.158312
2.405308667
2.461098333
1.957030667
2.096125
2.091063333
2.030719
2.051682667
1.938074
1.989201667
1.983393333
2.034369
1.844409667
1.902201667
1.754257
1.634857667
0.977937267
0.657939633
1.243455333
1.367498
1.0028495
0.7064424
1.000047367
1.034039367
0.893694467
0.7765634
0.350412667
0.470426733
1.196213
1.186619
1.047363
1.1326147
1.109568333
0.4951238
0.492489933
1.200944667
1.006485133
0.874934667
1.1952646
0.654131367
0.465449133
0.537710433
0.9366585
0.618544467
0.853815933
0.9186044
1.800219333
1.442632
1.257891
0.652731367
0.822764733
0.5776727
0.6444443055
0.711215911
0.7779875165
0.844759122
0.9115307275
0.978302333
0.654130567
0.962259967
1.150716333
2.030189667
2.401835667
2.054716333
2.546277667
3.404918667
3.039308333
3.391073667
3.088848667
2.973589667
3.077674
3.470332667
3.214868333
3.478414
2.487614667
2.97213
3.243026
3.411533
3.271000333
3.227146667
3.493031
3.4004861665
3.307941333
2.689558
16.78938
16.1383478333333
15.4873156666667
14.8362835
14.1852513333333
13.5342191666667
12.883187
12.2321548333333
11.5811226666667
10.9300905
10.2790583333333
9.62802616666667
8.976994
7.6770365
4.032443
3.510257667
3.568182
3.755508667
3.783191667
4.239545667
3.519757667
3.566605333
3.964722667
4.452085667
4.325687667
3.755156333
4.32848
3.709421667
3.395405
3.874016667
3.440319333
3.414696
2.715747333
2.522589
3.073537333
2.721155333
2.312567
2.923735333
3.346571667
1.927988333
1.211882
0.9470987
1.3593969
2.122758667
2.168147
1.6055
1.790366
2.154510667
1.806286667
1.674135
1.749440333
1.562034333
1.933759667
1.587577667
1.0749458
0.9239092
1.17903685
1.4341645
1.018276467
0.8082781
7.91505705
15.021836
1.690942333
1.054853
1.849739333
2.405607333
2.665557667
2.683304667
2.802794333
2.508900333
2.281796333
1.740292333
1.461325667
1.433274333
1.575921
2.967276333
2.497792
2.647830667
1.994637333
2.965587333
3.677197667
3.737365
3.235070333
2.623736333
2.581614
1.981785667
1.891443
0.9415358
0.639312467
0.6421435
0.3775246
0.944642267
1.137354
1.26847
1.642886
1.0941417
1.134008667
0.924668867
0.961781933
1.249412667
1.801510667
1.876314
1.451922333
1.387845333
1.501174333
2.126076667
1.840266667
1.829143333
2.376200333
2.612431333
2.638903667
2.478753
2.873311667
2.942986333
2.512572
1.879383
1.040371567
1.0195229
1.231706933
1.271589
1.846768667
1.672222667
1.574495333
1.878815
1.804408
3.745866333
3.672949
2.610488667
2.903271
3.348878333
3.31754
3.648747333
3.551604333
2.968638
1.634633333
0.854580067
0.745937033
0.467104967
0.29593382
0.672216067
0.5920704
0.535452467
0.350020367
0.620864033
0.270885433
0.720412967
0.390981033
0.414972417
0.4718491
0.486441433
0.9468059
0.527033
0.528351933
0.630295733
1.0688881
1.409371667
0.916499
1.029966233
1.57892
2.536318333
2.920662
2.531250333
2.391265667
2.520672333
3.168545
3.054756333
3.500311
3.876384
4.196932667
4.207003
4.057514667
4.026278333
4.247797
3.420315
3.812177
3.190453
3.453133333
3.474900333
2.687407333
4.084278667
4.230327667
3.986020667
4.154773
3.717180333
4.01076
3.739864667
3.960927
3.719679
2.803576
2.432434667
2.918462667
3.148617667
3.164621
3.092987
3.224518
3.581626
3.348513
3.351511667
4.854642333
3.289448333
3.653921
4.142736667
3.689137333
4.723887
4.111416667
3.67319
4.112243333
4.188318667
4.938919
4.858954333
4.828329333
4.638018333
4.091807
3.834171333
3.534806333
3.765484
4.180115333
4.655246333
4.274620333
4.182888333
4.184926
3.933326
3.807703667
3.649093333
3.825106
3.234503
3.434705333
3.632545333
3.541490333
3.333558333
3.542104333
3.447218333
3.528068667
3.102553667
3.350575333
3.311808
3.446277333
3.459801333
3.828918
3.327604333
3.64933
3.490872667
3.561224667
3.647151333
3.712509333
3.383801333
3.430886
3.543652333
3.798533667
3.591687
3.233043667
3.121722333
3.322651333
3.473340667
3.192607333
2.86322
2.91512
2.908345667
2.558173333
3.075658
3.305270333
3.354781333
2.793182667
2.756754667
2.703662
2.631344667
2.333421667
2.536959333
1.835758333
1.770709
1.643899667
1.740215
0.9028959
1.07696
0.728339033
0.4828987
0.2948527
0.514512533
0.601722267
0.8205397
0.535994533
0.600024333
0.740232633
0.3977811
0.405925433
0.6021295
0.914743267
0.922524733
0.966661167
0.660751733
0.8664979
1.005490033
0.853253133
0.6261582
0.63029
0.5685918
1.025081067
0.6759936
0.9343319
1.189186867
2.143152667
2.353213667
2.406890667
2.405760667
2.508169333
2.712185
3.345997667
3.252258667
3.581165667
3.459483333
3.238388
3.193619333
2.943769667
3.243714667
3.003571333
2.698498667
2.624535333
2.68634
2.665943667
2.606466667
2.792313667
2.050930667
3.234213667
2.502393
2.263126
2.023041
2.124492667
1.938306
2.155563333
2.248911
2.552409
2.857106
2.914814333
2.869575667
3.316990333
2.992561667
2.848788
2.475459667
2.670363333
2.607156
2.758169333
2.945284
2.964241333
2.839558667
2.871708333
3.823028333
4.265447
4.063829667
3.473186333
3.551838
3.600109333
3.844704
3.772509333
3.863794333
3.994495667
4.337173667
4.426961333
4.162860667
3.330568333
2.8077
3.176191667
2.987267
3.090054
3.275199
3.34385
3.148564
3.01297
2.983901333
2.917997667
2.466730333
2.051173333
2.365417333
2.233983
2.143729333
1.894490667
1.800996667
1.659294333
1.718098667
1.840767333
1.743556333
1.7962
2.228023333
2.190811333
2.062122
2.194134
2.169688
2.055793333
1.850116
1.695338
1.688046
1.435319667
1.144294667
1.106153667
1.783732
1.897389
1.643390667
1.568065667
0.961979333
0.589966467
1.479126667
1.376217333
1.610196667
1.209952667
1.251820667
1.279952333
0.9946048
1.004780167
0.776084067
0.755741633
0.469713367
0.773948667
0.480152133
0.383706333
0.641091767
0.474307433
0.704420167
0.526993933
0.312357067
0.6952579
0.96989
1.048529767
0.758359567
1.055669367
1.030544367
0.6624129
0.8346946
1.060127933
1.069493333
1.221763333
1.399334333
1.545152333
1.859371
2.308597
2.299316667
2.283616
2.770371667
3.041329
3.459424333
3.409689
3.201228667
3.140259667
2.816627
3.109225667
2.783555
3.170788667
2.877416
3.197719333
3.189466333
3.501512333
3.502843667
3.397819
3.016703333
3.199564667
3.237058
4.380131333
4.342923667
4.398556
3.818381333
4.358899
4.516586333
5.004165333
5.327364333
5.003616
4.872518
4.837154333
4.813619
6.118490667
5.195732
5.058323
4.261486
4.342882333
4.682917
3.775090667
4.204501
4.432829667
4.107344667
3.784837333
3.652246667
3.742092667
3.454921667
3.471578
3.424999333
3.454014333
3.47984
3.910527333
3.940823
3.446997
3.25837
3.526617
3.491205333
3.554993333
3.587686667
3.688717333
4.008169667
4.424381333
3.739178333
3.491711667
3.267404333
3.793759667
4.011697333
4.162655
4.363156
4.367196667
4.159038
3.782919667
4.103728333
4.057582
3.957684667
3.776724
3.613319667
3.859605333
3.010599
2.230456667
2.486739
3.511686333
4.582549667
4.233011333
4.156970333
3.672209
3.662189
3.399244667
3.622765
3.260828667
2.192469
1.987746667
1.67117
1.713552
1.345538333
1.897009
1.904189333
1.833116
2.117713333
2.233626
2.574433
2.352502
2.076948667
1.953817667
2.117859
2.137957333
2.259092333
2.113513333
2.772747
2.632691667
2.895415333
2.896917333
3.159376333
3.255647333
2.963332333
3.312333
3.398042333
3.070768
3.282281
3.244026333
3.501202667
3.384165667
3.123133
3.509830333
3.824864333
4.208446333
3.489084333
3.343331333
3.326337667
2.99112
2.925935
2.884201667
2.154995333
2.004003
2.012546667
2.112159667
1.603858
1.476063333
1.999725333
1.586442
1.285163333
0.907213533
0.989514933
0.740167167
0.390868767
0.748708867
0.688388567
0.809827533
0.927852833
0.665606733
0.682360967
0.9250584
0.595051
0.7010629
1.161513367
1.450976
2.415899667
2.492805667
2.625380667
2.337433667
2.128415333
2.599082667
2.868872333
2.809554333
2.849064333
2.875882
3.051884333
2.547366
2.544109667
2.754633667
2.428257667
2.60384
2.942857
2.541903
2.869600333
2.648602
2.779928333
2.651739667
2.70511
2.529400333
1.941826
1.579181
1.320271333
1.245530333
1.343332
1.323399333
1.313203333
1.452551
1.172681667
1.308921333
1.436770333
1.120158
0.8689599
1.022941833
0.802245267
0.376110733
0.524966467
0.791633133
0.865120667
0.968045767
1.121666733
0.936727933
0.788519333
0.959517733
0.8783444
1.0228762
0.963170933
1.2224927
1.122862233
1.653374333
1.105401167
1.362788333
1.479217667
2.124794667
1.648049333
1.707138667
1.716239
1.850064667
1.822012333
2.327531667
2.190813
2.432497333
2.100546667
2.183968
2.135273667
1.896170667
1.372002
1.234195133
0.590081667
0.362798367
0.4052187
0.435383767
0.683484867
0.876887067
0.535351767
0.5568753
0.508516467
0.613442567
0.4766877
0.474232767
0.5187815
0.5172184
0.6540385
0.205635567
0.3099465
0.4618221
0.492921833
0.467643533
0.1527559
0.432652533
0.2173253
0.28051
0.367652367
0.2654028
1.174325133
0.519246367
0.614313933
1.013376867
1.363537667
1.236185933
1.254042
1.41838
1.847583667
1.766431333
1.237115433
1.184841733
1.446944
1.567400667
1.1379309
1.3270428
1.46843
1.569681667
1.293007667
1.296649667
1.622190333
1.155634667
1.157457433
0.7630238
0.878422867
0.9626931
0.5994859
0.6343004
0.4150096
0.5858135
0.4772192
0.367017933
0.6881894
0.574706333
0.701121767
0.698281233
0.4264525
1.057673667
1.010673767
1.176465333
1.268868333
1.176883667
1.127378333
1.582991667
1.845848
1.595083
1.924677
1.170657333
0.808431233
1.1052461
1.383306667
1.362078
1.657468333
1.715781
1.861032667
1.899087333
2.246851667
2.129286
1.962264
1.794090667
2.039764667
1.905018667
1.453459333
1.444586667
1.432996333
1.492756333
1.600945
1.550627333
1.240797
1.252963
1.133658867
0.770117833
0.8746431
0.879231433
1.160216
1.267163667
1.102787667
1.264086667
0.294070233
0.2416179
0.320900467
0.483547133
0.563983067
0.341992033
0.565873033
0.247038717
0.595024967
0.486843367
0.413856033
0.505056167
0.239498893
0.280860233
0.34854409
0.829014967
0.757864067
0.402227033
0.931604333
1.250682667
1.288713333
1.0976709
1.735104333
1.195405333
1.228881
1.107745633
0.9376043
1.455441667
1.027890833
1.027171167
1.176837767
0.817113433
1.049291
1.411336
1.600791667
1.505527667
1.735153667
2.227566333
1.729681333
1.345902333
1.185590333
1.111324133
1.153165
1.075243333
0.827421667
0.8286861
0.259882267
0.471556067
1.0160702
1.2098991
0.5426473
0.947025233
0.969035267
0.533021267
0.563036867
0.673228933
0.8620854
0.838503867
0.9371296
0.957462933
1.304195667
1.491065667
1.503170667
1.560645
1.419780333
1.390063667
1.729690667
1.696185667
1.719603667
1.659410667
1.689230333
2.060859
1.965750667
2.330229333
2.212554
2.193746
2.444751333
2.142854333
2.274029
2.441901333
2.524054
2.554678
2.355960333
2.533217667
2.682020333
2.499706333
2.819340333
2.653843
2.369227667
2.508496667
2.276259
2.351302667
2.762306
2.490695
2.06018
2.187884
1.883924
2.346612
2.275013667
2.006751
2.02485
2.251051333
2.348013333
2.081703667
1.263855333
1.516399333
1.216821667
1.1819458
1.315734333
1.791624
2.166968667
2.413380667
2.409104333
2.823084667
2.716154667
2.697848667
2.503515333
2.256603333
2.103000667
2.042366
1.765030333
1.442131667
1.438960333
1.867966333
1.555856333
1.558388
1.237485
1.204297
1.098080067
0.804411833
1.212717
0.943835933
1.206560333
1.498951
1.375454667
1.340326333
1.170651333
1.054335733
0.6787688
0.417297833
1.077103133
1.992296333
2.087952333
2.511110667
2.537416667
2.556826333
2.191773
2.726392333
1.827216
2.407699667
2.489516
2.334157667
1.833191333
1.467041333
1.856755667
1.831847
1.982332
1.899745333
1.896963667
1.831008333
1.771432
1.802728333
1.895095667
2.236951
1.987069
2.249637
2.140199333
1.869217
2.515322
2.231203333
2.594016333
2.271438333
2.141032667
1.765272667
1.652574667
1.633083667
1.598997667
1.217794333
1.390305
1.491397333
0.9555026
0.681604867
1.394554333
1.0583764
1.383631333
1.279119333
1.128899
1.196050333
0.772617667
1.078377
1.108362333
0.29061281
0.10345674
0.575601867
0.448178633
0.978260567
1.226892667
1.118421933
0.741651433
0.788074467
0.428097967
0.227405333
0.4908414
0.503063167
0.230154777
0.432915433
0.246065293
0.4336392
0.862057067
0.867263233
0.6736188
0.613352733
0.9002186
0.644842533
0.873100333
0.711051467
0.856021833
1.1990531
0.947475
1.04218663
1.107856333
0.9496811
1.0990459
0.861146967
0.539598067
0.887386433
0.622201483
1.152864667
1.1220701
1.621409667
1.740423
1.504792667
1.143151
1.392415
0.6917262
0.7997144
0.790628233
0.797172667
1.018098933
1.023121467
1.232037867
0.7223364
1.051859633
1.033193967
0.8250925
0.7718538
1.070709
0.9933045
0.854681767
0.916418
0.945701233
0.756757133
0.937520267
1.320067667
1.480679
1.710104667
1.524577
1.864365333
2.320720333
2.147632333
2.52442
2.938494
3.471416
3.466254
3.187146333
2.670192333
3.027229333
2.985779333
2.92115
2.819113333
2.549474667
2.332301
2.987799667
3.032205667
3.065621667
3.561165333
3.325445667
2.049006333
2.197256667
2.063711333
1.942380667
2.21962
1.829694667
1.987941667
1.759675
2.114805
2.420014
2.868544667
2.082649
1.441339333
1.347756667
1.796031
1.899411333
2.338906333
2.516815667
2.170335
2.676852667
2.297462667
2.600997
2.880332667
2.509388
2.529841667
2.347077667
2.121330333
1.952241
2.264600333
2.745158333
3.487125333
3.277182
4.147022333
3.826409
4.559263667
3.870580333
3.650748
3.580191667
3.228681667
3.488905667
4.148044
4.320733667
3.867233333
3.906661
2.694963333
3.594856667
3.601949333
3.656240667
3.336117333
3.576549333
2.570086333
2.106824333
2.169668667
2.479267333
2.847625
2.937056333
3.333016333
3.561802
3.546978
3.735114667
3.168586
3.714965333
3.561591
3.418242333
3.054562667
3.062277333
2.931417
2.266076
2.047719667
1.774230667
2.020795333
1.937776333
2.532853333
2.898631
2.624192
2.611646
2.336577333
2.524562667
2.656659
2.711799
2.540689333
2.145939667
2.059293667
2.197586667
1.951285333
1.633166333
1.92539
2.222220667
1.867830333
1.467902667
0.997080167
0.799756267
0.5917238
0.4016314
0.9289526
1.103110667
0.8537246
1.231394333
1.246712
1.338227667
1.474999667
1.123587233
1.034598133
0.593138433
0.7239329
0.765969933
0.520144267
1.155079667
0.958974167
0.9034146
1.084972267
1.158439667
1.189063667
1.161845333
1.115605333
1.174759667
0.729835233
0.4293576
1.060706833
0.757824133
1.239374333
1.242120667
1.717177667
2.151494
3.039785
3.358222
3.673001667
3.993421
4.583424333
4.081242667
4.352693333
3.500038333
3.450549
4.199030333
4.474595667
4.788055667
4.663617
4.151198
4.386024667
4.239677
4.379772333
3.937472667
4.12785
3.741215667
3.959941
4.208153667
3.768161667
3.088826
2.336107
2.293695333
1.559247
1.283246333
1.074114667
1.0627939
0.825933067
0.596729233
1.110948733
0.563064233
0.800389133
1.187416
1.161123667
1.234068333
1.135223
1.202951
0.7391476
1.103861667
1.388481
1.320852667
1.132268333
1.591433
1.570325
2.176936667
2.140228
2.475151667
2.613949667
2.536241333
2.634517333
2.141622
2.352493667
2.815016667
2.606762333
2.506047
2.074256
2.296096333
1.882296667
1.999208
1.956248667
0.935338167
1.409583
1.110675333
1.390559667
1.264765333
0.992541833
0.753876433
0.623101867
0.699481933
0.567579233
0.717209833
0.427436167
0.4953266
0.529707
0.5877904
0.606914567
0.772883467
0.764492533
0.724922433
0.492457867
0.5775855
0.2754345
0.456079933
0.4578389
0.34568753
0.561528533
0.7926056
0.550490633
0.488299367
1.0505193
1.400208333
1.654789333
1.837674
2.501616
2.255593
2.185465
1.777798667
2.189005
2.201980667
2.440919667
2.24658
1.915955667
1.35094
1.888627
0.934572
1.353034333
1.491396333
1.756842667
2.776684333
2.387027333
1.791927667
1.752141333
1.716023
0.8629793
1.146047933
1.328815333
1.3236005
1.070869667
0.782157067
0.600488
0.639705333
0.8139665
0.936847633
0.903266433
0.188991133
0.761667733
2.273772333
1.790429
0.471528133
1.051314267
0.938744833
0.951118967
0.528329167
0.511608733
0.766319633
0.611610667
0.591787967
0.580373533
1.469024333
1.224383167
0.634034567
0.544610567
0.388937033
0.768551967
0.535754267
1.005601067
1.175574333
0.982833933
0.545029233
1.282962667
1.504803
1.493339
1.617389667
1.450868667
1.6535182
1.537838333
1.343953
1.186530333
0.973479733
0.764365267
0.943986133
0.8718843
1.094397333
0.676728667
0.767767467
0.898894467
0.911340167
0.869548167
0.609758833
0.6558047
0.6094198
0.796793633
0.2852863
0.500423667
0.713292433
0.862588167
0.545643433
0.479252
0.661282467
1.115114333
1.0074676
0.8707215
0.912606933
0.8765619
1.2625869
0.874802533
1.933172
1.898507667
1.173067
0.7198645
0.953078867
1.312864667
1.596476
1.440978667
1.990647333
2.038636667
1.937676333
1.431738667
1.613413333
1.89542
1.741087333
1.942889
2.903212
3.532161333
3.935097667
3.280556
3.144353667
2.285785
2.024500667
1.937333667
1.892815667
1.959953667
1.195432
0.653382067
1.040984667
1.0781977
1.358227333
1.435638667
2.324213
2.090157667
2.082849667
0.8606151
1.0224228
1.428242
0.877259167
3.500207533
3.405123667
1.657866333
0.8272466
0.785925267
0.802113667
1.146137567
1.295186667
1.666639
0.5157953
1.216440667
1.0279328
0.341891167
0.803650233
1.310349633
1.419061533
3.696987333
2.741170667
3.115639333
2.732150333
3.586918333
2.907429
2.295460333
1.982796333
1.955412667
1.195829867
1.188676667
1.245348667
1.556617333
1.448647333
0.956911433
0.8771951
1.0707677
1.690488
0.991511733
0.5700963
0.545907533
0.800428633
0.616936967
2.824190333
4.374498
2.286149667
0.8396777
0.506796433
0.701295667
1.570232667
1.240646
2.652815333
2.094515667
1.730928
2.871248
3.423226333
3.937077667
2.403134333
2.620970333
2.718094333
2.839855333
2.585648667
2.57958
3.164468
3.592124333
3.644274
3.681903
3.414163
2.884108
3.226158333
3.478567667
3.198759333
3.922947
4.113844667
4.101280667
3.175205667
3.649761
3.5386
4.655534
4.208629
3.727006667
3.567969
3.844613667
3.594415667
3.16888
2.770246667
2.679017
2.708798
2.348708667
1.97096
1.876092667
1.053440667
1.139313667
1.370976333
1.181602667
1.448735333
1.657496
1.821534
1.987089333
1.967301
2.028689667
1.867165667
1.389444667
1.505515
1.699217333
1.963875333
1.953961333
2.17079
1.956689667
1.568687333
2.041351667
2.199830333
3.050178333
3.560700333
3.256546333
3.236732667
3.440171667
4.294119333
4.119697333
3.829379667
3.737533333
3.414156667
3.760211333
4.384303
4.665178333
4.280189667
4.175135333
4.173121
3.854053
4.039587
4.456509667
4.061503
4.349952
3.841160333
3.309780333
3.819385667
3.435640333
3.66598
3.470227667
3.285918667
3.316069667
2.907695667
2.976780333
3.220897
3.633047667
3.252278
2.873414333
2.153882
1.697839
1.984031333
2.419400333
2.120513667
2.125626333
2.051793
2.465267667
2.343964
2.072909667
2.541903
3.701672333
3.791711667
3.566309
3.561238
4.549200333
4.535698667
4.396603333
4.776762333
4.876670667
4.986959
3.799593333
4.528463
4.451934
4.287236333
4.121031333
3.928571667
4.447624667
4.198682
4.651585667
3.599118333
3.673012
3.796689333
3.638097
3.633454333
3.519951333
2.53196
2.689157667
2.342127667
2.233456333
2.393241
2.130487667
3.081984
2.963148
3.078395667
3.31357
2.829748667
3.082316333
2.712354
2.419349333
2.280772333
1.980314667
2.013686667
2.059851333
1.895857667
1.926443
2.086740333
1.933754333
2.118422
2.861885
2.850408667
2.977842667
3.200237
3.377651333
3.264584
3.567752
3.424001333
3.251208333
3.384243333
2.734022667
2.919845333
2.659849
2.450427333
3.166410333
2.626712667
2.49853
2.756403
2.964080667
2.980554667
2.440021667
2.536084333
2.569019
2.769265333
2.632088333
2.104955
1.642427333
1.456855667
1.398456667
1.1945808
1.712951333
1.662959667
1.546988
1.525906
1.377219333
1.547861
1.603937667
1.680506
1.750227667
1.451721667
1.380242667
1.253475333
1.324873667
1.565609667
1.2481099
1.784587333
1.845682667
2.096872
1.892973667
1.943138333
2.417279667
2.477839333
2.538443
2.612257333
2.939649667
2.735721667
2.432090667
2.261804333
2.202546667
2.674572667
2.370459
2.224762333
1.933949667
1.984991667
2.705717667
1.697595
1.181947667
0.9801676
1.235176
1.476998
2.069737
1.245756633
1.1139828
0.8987318
0.5507761
0.825670067
0.798502967
0.966447633
0.7407049
0.769683433
0.833597767
0.547505867
0.451392267
0.516260733
0.308381333
0.440355433
0.153705707
0.228028133
0.534388367
0.259833133
0.458537767
0.26760587
0.1744641
0.262848573
0.694599767
0.9711926
1.279477667
1.186425333
1.886474667
2.168885
2.313931
2.138689
2.347973
2.374534333
2.478964333
2.400728333
2.370945333
2.623365333
2.136292667
1.769781333
2.009857333
2.285343333
1.981580333
2.073460333
2.951880667
3.211148333
2.831103667
1.966001667
0.9932629
0.656292767
0.616130067
0.8514902
0.883024033
0.7986273
1.198396667
1.094803
1.127026633
0.426523133
1.0351834
1.222223
2.005825333
1.600325667
1.176322333
1.788905333
1.018622333
0.404396467
0.721971667
0.397740633
0.505802333
0.601767133
0.467313833
0.940217667
1.716468333
1.616908667
1.782600667
1.701584
2.073073667
2.342139
2.608059333
1.821992333
2.002554667
2.408405
2.021880333
1.952645333
2.343252333
2.616080333
3.551172667
3.901030333
2.841356667
2.01937
2.573228
3.051890667
2.218110333
1.632407667
2.255254667
2.007798667
1.959104333
2.106719
1.823642667
1.371371333
1.221281
0.901184433
0.748511967
0.9095658
1.0407544
0.852282367
0.924364967
0.678216667
0.9993704
1.140541367
1.175304667
1.208301333
0.9700308
1.121170867
1.375660667
1.981194333
1.900352
2.078641667
2.396823
2.145488333
2.659021
2.674410667
2.573605333
2.613730333
2.093914333
1.743606
2.097755333
2.707359
2.251897667
2.013084667
2.134927333
2.311400333
2.219709667
2.712815667
2.580705
3.007548
2.833535
2.847554333
3.500461
3.311119
2.980940333
2.865492
2.672042333
2.851185667
2.398546333
2.333267
1.992568
1.415571333
2.373531
2.328327
2.068544667
1.857955
1.386616667
1.326905667
1.680454333
1.579919333
1.602557667
2.144589333
2.360326
2.590956667
2.859932333
3.076078333
3.474416
3.124219333
3.355744333
3.132817
2.968191333
3.092018333
2.717346
3.670655
3.762172
2.979111667
3.006180667
3.244158667
3.089121333
2.947790333
3.262080667
3.206174
3.225892333
2.922576333
2.890050333
2.153671
2.817744
2.835122667
3.750064333
3.522301
3.554206333
3.397729333
3.089464
3.691193
3.359012667
3.049059
2.795520333
2.27427
2.023481
1.986367333
1.822525667
0.987295467
0.791791567
0.817778033
0.934394333
1.0255574
1.103809533
0.701899633
0.6700571
0.729616333
0.447198477
0.268053067
0.328040933
0.367093233
0.362624533
0.456996667
0.350860067
0.428455533
0.552019133
0.659221467
1.297163333
1.186784667
1.501921667
1.579075
2.246161667
2.062692667
1.880186
2.203172
1.887147
2.212060667
3.211114667
3.183515667
2.511311333
2.750576667
2.354237667
2.323551667
2.575600667
2.606357667
2.729284333
2.641998333
2.539942
2.327837
1.956006
2.366549
2.342914333
2.125879333
1.653890667
1.211881733
1.058384333
0.843230733
0.6963335
0.828918433
1.0459084
1.265371333
1.228281667
1.073195333
1.0044003
1.087975333
0.935870767
1.069041667
0.858418767
0.806365733
1.246751
1.114731667
1.352593333
1.589151667
1.856783
1.518330333
1.488080333
2.621264
3.008527667
2.812403
2.72338
2.172912333
2.355066
2.313611333
2.363868
2.106824667
2.16341
2.641958
2.713793
2.706068
2.618810333
2.792987667
2.472056333
2.732105
2.541492333
2.714610667
2.915019333
2.672654333
2.522943
2.309460667
2.432402
2.190561
2.630601
1.891166
1.15392
1.125252933
0.697389733
0.635575067
0.184944883
0.437471867
0.316537333
0.411723533
0.389109
0.692337733
0.4379636
0.265207647
0.4987048
0.4153624
0.256663167
0.540564467
0.941094533
0.346640567
0.349793833
0.19724733
0.517201133
0.558742233
1.130060633
1.227088667
1.002932333
1.630168167
2.499547333
2.073213333
1.891731
2.213016667
2.155571
2.138912333
2.577962333
2.306607667
2.489991
2.453221333
2.399663
2.504014667
2.149194667
2.292919
2.029555
1.727998667
1.424637333
0.7303254
0.410732633
0.589866267
0.929072667
0.888760133
0.924052367
1.069088333
0.655462867
0.667276833
0.9190912
0.596569533
0.577337433
0.9174322
0.507839933
0.373684067
0.318275867
0.287975833
0.625370167
1.047321933
0.576355767
0.951925233
0.737878033
0.711964267
1.674733667
1.243279833
0.973647767
1.163939
0.6323215
1.0276697
2.203937
0.951066233
0.9402214
1.751952667
1.613245667
1.604431667
2.180505333
2.097202
2.221121667
2.527656
2.38643
2.380303333
2.497326333
2.582678333
2.621313667
2.100356
1.469589667
1.581636
1.787986
2.194562333
1.722772333
1.757949
1.509357667
1.268316333
1.244084667
1.232530233
0.956051233
0.843909333
1.016060033
0.701725333
0.636583767
0.706159267
0.6898285
0.6159725
0.406363017
0.642614367
1.100880333
1.431409667
1.305122
0.910994
1.0279404
1.301445733
1.524556667
1.396293667
1.635354333
1.747154667
1.909449333
1.814349667
1.231260333
1.701285333
1.819409667
1.985072333
1.808242333
2.107489667
1.916232333
1.782109
2.054197
1.973989333
2.379883667
2.282975
2.352556333
2.795440333
2.594811333
2.490286
2.507603
2.752609
2.818631333
2.402222
2.734323
2.615697
3.024868667
2.404506
2.210056
1.199964667
1.449449333
1.559816333
1.338954667
1.590683
1.509173667
1.548755
1.292946
1.634744
1.646751
1.244081
0.858637
0.638960767
1.140918833
0.663997433
0.789936767
0.615352767
0.500990133
0.517031367
1.011037533
1.636098667
1.345976
1.355404667
1.680064333
1.679563333
1.289660333
1.424054
1.593215667
1.544855333
1.487527333
1.488207
2.072896667
1.363869667
1.595045667
0.950988033
1.365247667
1.692668667
1.943637
2.247477
1.877306667
2.263343333
2.359441
2.141149667
1.697057
1.532476667
1.302695333
0.866384933
0.832840633
0.5934216
0.657337
0.348355467
0.552813733
0.368448083
0.4316612
0.632953633
0.5458585
0.342429
0.3271169
0.329790067
0.420333467
0.499976133
0.277876833
0.461723933
0.121555527
0.433409233
0.105860277
0.225796533
0.332428833
0.581051367
0.648761433
0.806318533
0.785737033
0.928978567
1.076315133
0.996777867
1.180899233
1.486795
1.551852333
1.536265
1.659846667
1.807548667
1.538794333
1.445654
1.349544667
1.392250333
1.561666
1.233605
1.451425333
1.505287333
1.578487333
1.581271
1.327948
1.205212333
1.201748
1.168530667
1.110903667
1.047579
1.006686433
1.109778367
0.517697033
0.685227367
0.844541767
0.473721667
0.424389967
0.4218381
0.654995233
0.097510087
0.393759233
0.514037233
0.352238467
0.678648867
0.382827033
0.3464004
0.270751183
0.321767733
0.317782333
0.528509367
0.6721329
0.865273167
0.8728097
1.016764033
1.232759333
1.309530333
1.25601
1.509718667
1.551067667
1.471767
1.643126
1.421603667
1.843928333
1.853435667
2.005886333
1.758037333
1.679121667
1.723326667
1.633865
1.42887
1.528708667
1.514323667
1.803257333
1.58623
1.195961667
0.873665233
0.820447567
1.039300933
0.8551149
0.721776467
0.673692467
0.317303733
0.5020215
0.5210733
0.360900567
0.427730567
0.509827
0.357468833
0.4904179
0.141336533
0.4752236
0.589230433
0.643812233
0.6207121
0.547360133
0.160621333
0.526743267
0.609356767
0.701195133
0.770638133
1.118718667
1.500955667
1.054341733
1.219468
1.566076667
1.623474
1.508883667
1.676954
1.950608667
1.967986667
1.924986333
2.088871333
1.965678333
1.768225333
2.081369
2.008846
2.023002667
1.935367333
1.889240667
2.099057333
1.953635667
1.491868
1.043778367
1.052813833
1.095104467
1.042875667
0.8105931
0.624472633
0.655088333
0.719949
0.713545467
0.462668533
0.597924433
0.6050302
0.4869788
0.929869267
0.9477497
1.401697333
1.437479667
1.0276336
0.691663067
0.254642533
0.360970167
0.400146633
0.6217444
0.651207033
1.0111487
0.822286067
0.6338451
0.917966367
0.7416955
1.2428726
1.555150333
1.714939
1.831062
1.768946
1.803235
1.616155333
1.639271
1.854356
1.973421
1.715817
1.557805
1.879717
2.065506333
2.254395667
2.329516333
2.52064
2.517135667
2.330600333
2.302301667
2.101566333
2.02109
1.700301333
1.328701333
1.025173333
0.779881133
0.805463533
0.337427333
0.6382849
0.613061667
0.7433077
0.7312979
0.888986633
0.7990017
0.721496
0.7206939
0.750910833
0.786798167
0.6679687
0.7343244
0.9426409
0.964742033
0.837309333
0.999247667
1.348055333
2.041325
1.659541333
1.640197333
1.694326
2.100034333
2.425629333
2.226456
2.275921
2.435914
2.359873667
2.688057667
2.443279
2.944455667
2.770045
2.657696667
2.630163
2.172676667
2.459838333
2.505309667
2.30233
2.168079667
1.680723333
2.063791
2.217609
2.231651667
2.759401
2.552850333
1.912614333
1.591759333
1.720607
1.929574333
2.028850667
1.656896667
1.904648
1.687401333
1.586796333
1.344398667
1.350853333
1.312212
1.466974
1.70282
1.485781
1.660046667
1.595830667
1.765618333
1.572213
1.671123
1.781595333
2.011905667
1.986454667
1.583697333
1.597534333
1.916735667
1.805577333
1.910407667
1.768205
1.190353667
1.367687
1.155168
1.350269333
1.370712033
1.704159
1.163934833
1.222453933
0.9209347
0.9314477
0.922796167
0.8581319
0.5481174
0.7025951
0.7844705
0.441726233
0.169881327
0.358646067
0.428624
0.442805733
0.396309067
0.5622629
0.639537
0.626441933
0.454585167
0.4810939
0.454755233
0.225962587
0.818187467
0.615263133
0.508067867
0.3620886
0.535592467
0.360071267
0.623697
0.604702233
0.6303896
0.9223959
0.768492367
0.759085067
0.578792767
0.8792345
1.199636
0.767200633
1.012599533
1.348283333
1.492051667
1.641646667
2.147310667
1.649566667
2.106302667
2.266640667
2.223823667
1.944283
1.871212667
2.257142667
2.460443333
2.604431667
1.794268
1.211727667
1.528937667
1.035428367
0.6416076
0.5917605
0.555251433
0.3984542
0.229323673
0.352108433
0.232379967
0.2309906
0.308899067
0.2447576
0.194407133
0.189447233
0.376378967
0.4075393
0.4101174
0.243680023
0.2088116
0.3821169
0.4561594
0.5051138
0.529715233
0.573711433
0.6715334
0.584288367
0.360383233
0.418747467
0.4041519
0.673340733
0.7222909
1.175646067
0.8971614
0.681523933
0.850305267
1.808591667
1.352006
1.102355633
1.709308333
1.109213533
1.669748
1.302529667
1.0460946
0.851423367
1.160760633
1.269681567
1.693896333
1.699372
1.702410333
1.128161
0.9244518
0.393079467
0.402412867
0.510069967
0.6381448
0.371433233
0.377868933
0.7363484
0.592329167
0.5424198
0.2568618
0.5973586
0.595620733
0.629557533
0.434836067
0.488642867
0.3759882
0.224468
0.406025133
0.5237397
0.311981233
0.3531933
0.252718067
0.621495233
1.1367663
1.573955333
1.585194333
1.59921
2.036720333
1.767498
1.966125667
1.73163
1.385002
1.5198462
1.578722667
1.544537467
1.817346667
2.351076667
2.232633667
2.363887
2.086215
2.071055
2.144559
1.877749
1.744248667
1.341361333
1.339374
1.047129733
0.8746623
0.691192533
0.489223767
0.775496867
0.871922333
0.784068467
0.7200757
0.803958567
0.865013767
0.800107833
0.612019133
0.729251767
0.701126133
0.4031914
0.650525533
0.498437133
0.583592033
0.761669067
0.569981867
0.373309567
0.4758119
0.601358267
0.853257633
0.813030567
0.7311776
0.681498167
0.587047867
0.5957334
0.741230133
0.7588994
0.4956586
0.568832967
0.795578
0.742242833
0.779615733
0.9356305
1.205263333
1.0831149
1.802382
1.570690333
1.635075333
1.732284667
1.615869333
1.607155667
1.715112333
1.946205
1.557058
1.367173667
0.725599967
0.719896533
0.684546167
0.5585332
0.321385433
0.4956021
0.678572767
0.469267333
0.549631767
0.8738151
0.937281467
0.331185173
0.3614271
0.420431967
0.335104233
0.318814533
0.494535533
0.464781967
0.667569067
0.724709267
0.401580333
0.3363898
0.3252407
0.3252407
