   400   0.0710   0.0618   0.0584
   401   0.0710   0.0618   0.0584
   402   0.0710   0.0618   0.0584
   403   0.0710   0.0618   0.0584
   404   0.0710   0.0618   0.0585
   405   0.0711   0.0619   0.0585
   406   0.0713   0.0620   0.0586
   407   0.0714   0.0621   0.0587
   408   0.0716   0.0622   0.0588
   409   0.0718   0.0623   0.0589
   410   0.0720   0.0625   0.0590
   411   0.0722   0.0627   0.0591
   412   0.0725   0.0628   0.0593
   413   0.0728   0.0630   0.0594
   414   0.0731   0.0632   0.0596
   415   0.0734   0.0634   0.0598
   416   0.0737   0.0637   0.0600
   417   0.0740   0.0639   0.0601
   418   0.0743   0.0641   0.0603
   419   0.0747   0.0643   0.0605
   420   0.0750   0.0646   0.0607
   421   0.0753   0.0648   0.0609
   422   0.0757   0.0650   0.0611
   423   0.0760   0.0653   0.0613
   424   0.0764   0.0655   0.0615
   425   0.0768   0.0658   0.0617
   426   0.0772   0.0661   0.0620
   427   0.0776   0.0663   0.0622
   428   0.0780   0.0667   0.0625
   429   0.0785   0.0670   0.0627
   430   0.0790   0.0673   0.0630
   431   0.0795   0.0677   0.0633
   432   0.0801   0.0681   0.0637
   433   0.0807   0.0685   0.0640
   434   0.0813   0.0689   0.0643
   435   0.0819   0.0693   0.0647
   436   0.0825   0.0697   0.0651
   437   0.0831   0.0702   0.0654
   438   0.0838   0.0706   0.0658
   439   0.0844   0.0710   0.0661
   440   0.0850   0.0715   0.0665
   441   0.0856   0.0719   0.0668
   442   0.0862   0.0723   0.0672
   443   0.0867   0.0727   0.0675
   444   0.0873   0.0730   0.0678
   445   0.0878   0.0734   0.0681
   446   0.0883   0.0737   0.0684
   447   0.0887   0.0741   0.0687
   448   0.0892   0.0744   0.0689
   449   0.0896   0.0747   0.0692
   450   0.0900   0.0749   0.0694
   451   0.0904   0.0752   0.0696
   452   0.0907   0.0754   0.0698
   453   0.0910   0.0756   0.0700
   454   0.0913   0.0758   0.0702
   455   0.0916   0.0760   0.0703
   456   0.0919   0.0762   0.0705
   457   0.0922   0.0764   0.0706
   458   0.0924   0.0766   0.0708
   459   0.0927   0.0768   0.0710
   460   0.0930   0.0770   0.0711
   461   0.0933   0.0772   0.0713
   462   0.0936   0.0774   0.0715
   463   0.0939   0.0776   0.0716
   464   0.0942   0.0778   0.0718
   465   0.0945   0.0781   0.0720
   466   0.0948   0.0783   0.0722
   467   0.0951   0.0785   0.0724
   468   0.0954   0.0787   0.0725
   469   0.0957   0.0789   0.0727
   470   0.0960   0.0791   0.0729
   471   0.0963   0.0793   0.0730
   472   0.0965   0.0794   0.0732
   473   0.0968   0.0796   0.0733
   474   0.0970   0.0798   0.0734
   475   0.0973   0.0800   0.0736
   476   0.0976   0.0802   0.0738
   477   0.0979   0.0804   0.0739
   478   0.0982   0.0806   0.0741
   479   0.0986   0.0809   0.0744
   480   0.0990   0.0812   0.0746
   481   0.0995   0.0815   0.0749
   482   0.1000   0.0819   0.0752
   483   0.1005   0.0822   0.0755
   484   0.1011   0.0827   0.0759
   485   0.1018   0.0831   0.0762
   486   0.1024   0.0835   0.0766
   487   0.1030   0.0840   0.0770
   488   0.1037   0.0845   0.0774
   489   0.1044   0.0849   0.0778
   490   0.1050   0.0854   0.0781
   491   0.1056   0.0858   0.0785
   492   0.1063   0.0863   0.0789
   493   0.1069   0.0867   0.0793
   494   0.1075   0.0871   0.0796
   495   0.1081   0.0875   0.0800
   496   0.1087   0.0879   0.0803
   497   0.1093   0.0884   0.0807
   498   0.1098   0.0888   0.0810
   499   0.1104   0.0892   0.0814
   500   0.1110   0.0896   0.0817
   501   0.1116   0.0900   0.0820
   502   0.1122   0.0904   0.0824
   503   0.1127   0.0908   0.0827
   504   0.1133   0.0912   0.0831
   505   0.1139   0.0916   0.0834
   506   0.1145   0.0920   0.0838
   507   0.1151   0.0925   0.0841
   508   0.1157   0.0929   0.0845
   509   0.1164   0.0934   0.0849
   510   0.1170   0.0938   0.0853
   511   0.1177   0.0943   0.0857
   512   0.1183   0.0948   0.0861
   513   0.1190   0.0952   0.0865
   514   0.1197   0.0957   0.0869
   515   0.1204   0.0962   0.0873
   516   0.1212   0.0967   0.0878
   517   0.1219   0.0973   0.0882
   518   0.1226   0.0978   0.0886
   519   0.1233   0.0983   0.0891
   520   0.1240   0.0988   0.0895
   521   0.1247   0.0993   0.0899
   522   0.1254   0.0998   0.0903
   523   0.1261   0.1002   0.0907
   524   0.1267   0.1007   0.0911
   525   0.1273   0.1011   0.0915
   526   0.1279   0.1016   0.0919
   527   0.1285   0.1020   0.0922
   528   0.1291   0.1024   0.0925
   529   0.1295   0.1027   0.0928
   530   0.1300   0.1030   0.0931
   531   0.1304   0.1033   0.0934
   532   0.1308   0.1036   0.0936
   533   0.1311   0.1038   0.0938
   534   0.1314   0.1040   0.0940
   535   0.1317   0.1042   0.0941
   536   0.1320   0.1044   0.0943
   537   0.1322   0.1046   0.0945
   538   0.1325   0.1048   0.0946
   539   0.1327   0.1050   0.0948
   540   0.1330   0.1052   0.0949
   541   0.1333   0.1054   0.0951
   542   0.1336   0.1056   0.0953
   543   0.1339   0.1058   0.0955
   544   0.1343   0.1061   0.0957
   545   0.1346   0.1063   0.0959
   546   0.1350   0.1066   0.0962
   547   0.1355   0.1069   0.0964
   548   0.1359   0.1073   0.0967
   549   0.1365   0.1076   0.0970
   550   0.1370   0.1080   0.0974
   551   0.1376   0.1084   0.0977
   552   0.1382   0.1089   0.0981
   553   0.1389   0.1094   0.0985
   554   0.1396   0.1099   0.0989
   555   0.1403   0.1104   0.0994
   556   0.1410   0.1109   0.0998
   557   0.1417   0.1114   0.1003
   558   0.1425   0.1119   0.1007
   559   0.1432   0.1125   0.1012
   560   0.1440   0.1130   0.1016
   561   0.1447   0.1136   0.1021
   562   0.1455   0.1141   0.1025
   563   0.1462   0.1146   0.1030
   564   0.1469   0.1151   0.1034
   565   0.1476   0.1156   0.1039
   566   0.1483   0.1161   0.1043
   567   0.1490   0.1166   0.1047
   568   0.1497   0.1171   0.1051
   569   0.1504   0.1176   0.1055
   570   0.1510   0.1181   0.1059
   571   0.1516   0.1185   0.1063
   572   0.1522   0.1190   0.1067
   573   0.1529   0.1194   0.1071
   574   0.1535   0.1198   0.1074
   575   0.1540   0.1202   0.1078
   576   0.1546   0.1207   0.1082
   577   0.1552   0.1211   0.1085
   578   0.1558   0.1215   0.1089
   579   0.1564   0.1219   0.1093
   580   0.1570   0.1224   0.1096
   581   0.1576   0.1228   0.1100
   582   0.1582   0.1233   0.1104
   583   0.1588   0.1237   0.1108
   584   0.1595   0.1242   0.1112
   585   0.1601   0.1246   0.1116
   586   0.1607   0.1250   0.1119
   587   0.1613   0.1255   0.1123
   588   0.1619   0.1259   0.1127
   589   0.1624   0.1263   0.1130
   590   0.1630   0.1267   0.1134
   591   0.1635   0.1271   0.1137
   592   0.1641   0.1275   0.1140
   593   0.1646   0.1279   0.1144
   594   0.1651   0.1282   0.1147
   595   0.1656   0.1286   0.1150
   596   0.1660   0.1289   0.1153
   597   0.1665   0.1293   0.1156
   598   0.1670   0.1296   0.1159
   599   0.1675   0.1300   0.1162
   600   0.1680   0.1304   0.1165
   601   0.1685   0.1307   0.1168
   602   0.1690   0.1311   0.1171
   603   0.1695   0.1315   0.1175
   604   0.1700   0.1318   0.1178
   605   0.1706   0.1322   0.1181
   606   0.1711   0.1326   0.1184
   607   0.1716   0.1330   0.1187
   608   0.1721   0.1333   0.1191
   609   0.1725   0.1337   0.1194
   610   0.1730   0.1340   0.1196
   611   0.1734   0.1343   0.1199
   612   0.1739   0.1346   0.1202
   613   0.1743   0.1349   0.1205
   614   0.1747   0.1352   0.1207
   615   0.1751   0.1355   0.1210
   616   0.1755   0.1358   0.1212
   617   0.1758   0.1361   0.1214
   618   0.1762   0.1364   0.1217
   619   0.1766   0.1366   0.1219
   620   0.1770   0.1369   0.1222
   621   0.1774   0.1372   0.1224
   622   0.1778   0.1375   0.1227
   623   0.1782   0.1378   0.1229
   624   0.1786   0.1381   0.1232
   625   0.1790   0.1384   0.1234
   626   0.1794   0.1387   0.1237
   627   0.1798   0.1390   0.1239
   628   0.1802   0.1393   0.1242
   629   0.1806   0.1396   0.1245
   630   0.1810   0.1398   0.1247
   631   0.1814   0.1401   0.1249
   632   0.1818   0.1404   0.1252
   633   0.1821   0.1407   0.1254
   634   0.1825   0.1410   0.1257
   635   0.1829   0.1412   0.1259
   636   0.1833   0.1415   0.1262
   637   0.1837   0.1418   0.1264
   638   0.1841   0.1421   0.1267
   639   0.1845   0.1425   0.1270
   640   0.1850   0.1428   0.1273
   641   0.1855   0.1431   0.1276
   642   0.1860   0.1435   0.1279
   643   0.1865   0.1439   0.1282
   644   0.1870   0.1442   0.1285
   645   0.1875   0.1446   0.1288
   646   0.1880   0.1450   0.1292
   647   0.1885   0.1454   0.1295
   648   0.1890   0.1457   0.1298
   649   0.1895   0.1461   0.1301
   650   0.1900   0.1465   0.1304
   651   0.1905   0.1468   0.1307
   652   0.1909   0.1471   0.1310
   653   0.1913   0.1474   0.1313
   654   0.1917   0.1477   0.1316
   655   0.1921   0.1480   0.1318
   656   0.1925   0.1483   0.1321
   657   0.1929   0.1486   0.1323
   658   0.1933   0.1489   0.1325
   659   0.1936   0.1491   0.1328
   660   0.1940   0.1494   0.1330
   661   0.1944   0.1497   0.1333
   662   0.1947   0.1500   0.1335
   663   0.1951   0.1502   0.1337
   664   0.1955   0.1505   0.1340
   665   0.1959   0.1508   0.1342
   666   0.1963   0.1511   0.1345
   667   0.1967   0.1514   0.1348
   668   0.1971   0.1517   0.1350
   669   0.1976   0.1520   0.1353
   670   0.1980   0.1524   0.1356
   671   0.1985   0.1527   0.1359
   672   0.1989   0.1531   0.1362
   673   0.1994   0.1534   0.1365
   674   0.1999   0.1538   0.1368
   675   0.2004   0.1542   0.1371
   676   0.2009   0.1545   0.1375
   677   0.2014   0.1549   0.1378
   678   0.2020   0.1553   0.1381
   679   0.2025   0.1557   0.1385
   680   0.2030   0.1561   0.1388
   681   0.2035   0.1565   0.1392
   682   0.2040   0.1569   0.1395
   683   0.2046   0.1572   0.1398
   684   0.2051   0.1576   0.1402
   685   0.2056   0.1580   0.1405
   686   0.2061   0.1584   0.1408
   687   0.2066   0.1587   0.1411
   688   0.2071   0.1591   0.1415
   689   0.2075   0.1595   0.1418
   690   0.2080   0.1598   0.1421
   691   0.2084   0.1601   0.1423
   692   0.2089   0.1604   0.1426
   693   0.2093   0.1608   0.1429
   694   0.2097   0.1611   0.1432
   695   0.2101   0.1614   0.1434
   696   0.2105   0.1617   0.1437
   697   0.2109   0.1619   0.1439
   698   0.2113   0.1622   0.1442
   699   0.2116   0.1625   0.1444
   700   0.2120   0.1628   0.1447
   701   0.2124   0.1630   0.1449
   702   0.2127   0.1633   0.1451
   703   0.2131   0.1636   0.1454
   704   0.2135   0.1639   0.1456
   705   0.2139   0.1642   0.1459
   706   0.2143   0.1645   0.1461
   707   0.2147   0.1648   0.1464
   708   0.2151   0.1651   0.1467
   709   0.2155   0.1654   0.1470
   710   0.2160   0.1658   0.1473
   711   0.2165   0.1661   0.1476
   712   0.2170   0.1665   0.1479
   713   0.2175   0.1669   0.1483
   714   0.2180   0.1673   0.1486
   715   0.2185   0.1677   0.1489
   716   0.2191   0.1680   0.1493
   717   0.2196   0.1684   0.1496
   718   0.2201   0.1688   0.1499
   719   0.2205   0.1692   0.1503
   720   0.2210   0.1695   0.1506
   721   0.2214   0.1698   0.1508
   722   0.2218   0.1701   0.1511
   723   0.2222   0.1704   0.1514
   724   0.2226   0.1707   0.1516
   725   0.2230   0.1710   0.1519
   726   0.2234   0.1713   0.1521
   727   0.2238   0.1716   0.1524
   728   0.2242   0.1719   0.1526
   729   0.2246   0.1722   0.1529
   730   0.2250   0.1725   0.1532
   731   0.2255   0.1728   0.1535
   732   0.2259   0.1732   0.1538
   733   0.2264   0.1736   0.1541
   734   0.2270   0.1740   0.1545
   735   0.2275   0.1744   0.1548
   736   0.2280   0.1748   0.1552
   737   0.2285   0.1751   0.1555
   738   0.2290   0.1755   0.1558
   739   0.2295   0.1759   0.1562
   740   0.2300   0.1763   0.1565
   741   0.2305   0.1766   0.1568
   742   0.2309   0.1769   0.1571
   743   0.2313   0.1772   0.1573
   744   0.2317   0.1775   0.1576
   745   0.2321   0.1778   0.1579
   746   0.2325   0.1781   0.1581
   747   0.2329   0.1784   0.1584
   748   0.2332   0.1787   0.1586
   749   0.2336   0.1790   0.1589
   750   0.2340   0.1793   0.1591
   751   0.2344   0.1796   0.1594
   752   0.2348   0.1799   0.1597
   753   0.2352   0.1802   0.1599
   754   0.2356   0.1805   0.1602
   755   0.2360   0.1808   0.1605
   756   0.2364   0.1811   0.1607
   757   0.2368   0.1814   0.1610
   758   0.2372   0.1817   0.1613
   759   0.2376   0.1820   0.1615
   760   0.2380   0.1823   0.1618
   761   0.2384   0.1826   0.1621
   762   0.2388   0.1829   0.1624
   763   0.2392   0.1832   0.1626
   764   0.2396   0.1835   0.1629
   765   0.2400   0.1838   0.1632
   766   0.2404   0.1842   0.1635
   767   0.2408   0.1845   0.1637
   768   0.2412   0.1848   0.1640
   769   0.2416   0.1851   0.1643
   770   0.2420   0.1854   0.1646
   771   0.2424   0.1857   0.1649
   772   0.2428   0.1860   0.1651
   773   0.2433   0.1864   0.1654
   774   0.2437   0.1867   0.1657
   775   0.2441   0.1870   0.1660
   776   0.2445   0.1873   0.1663
   777   0.2449   0.1876   0.1665
   778   0.2453   0.1879   0.1668
   779   0.2456   0.1882   0.1670
   780   0.2460   0.1885   0.1673
   781   0.2463   0.1887   0.1675
   782   0.2467   0.1890   0.1677
   783   0.2470   0.1892   0.1679
   784   0.2473   0.1894   0.1681
   785   0.2476   0.1896   0.1683
   786   0.2478   0.1899   0.1685
   787   0.2481   0.1901   0.1687
   788   0.2484   0.1903   0.1689
   789   0.2487   0.1905   0.1691
   790   0.2490   0.1907   0.1693
   791   0.2493   0.1910   0.1695
   792   0.2496   0.1912   0.1697
   793   0.2499   0.1915   0.1699
   794   0.2503   0.1917   0.1702
   795   0.2506   0.1919   0.1704
   796   0.2509   0.1922   0.1706
   797   0.2512   0.1924   0.1708
   798   0.2515   0.1926   0.1710
   799   0.2517   0.1928   0.1712
   800   0.2520   0.1930   0.1713
   801   0.2522   0.1932   0.1715
   802   0.2524   0.1934   0.1716
   803   0.2526   0.1935   0.1718
   804   0.2528   0.1937   0.1719
   805   0.2530   0.1938   0.1720
   806   0.2532   0.1939   0.1721
   807   0.2534   0.1941   0.1723
   808   0.2536   0.1942   0.1724
   809   0.2538   0.1944   0.1725
   810   0.2540   0.1946   0.1727
   811   0.2542   0.1948   0.1729
   812   0.2545   0.1950   0.1730
   813   0.2548   0.1952   0.1732
   814   0.2551   0.1954   0.1734
   815   0.2554   0.1956   0.1737
   816   0.2557   0.1959   0.1739
   817   0.2560   0.1961   0.1741
   818   0.2563   0.1964   0.1744
   819   0.2567   0.1967   0.1746
   820   0.2570   0.1969   0.1748
   821   0.2573   0.1972   0.1751
   822   0.2577   0.1975   0.1753
   823   0.2580   0.1978   0.1756
   824   0.2584   0.1980   0.1758
   825   0.2587   0.1983   0.1760
   826   0.2590   0.1985   0.1762
   827   0.2593   0.1987   0.1764
   828   0.2596   0.1989   0.1766
   829   0.2598   0.1991   0.1768
   830   0.2600   0.1993   0.1769
   831   0.2602   0.1994   0.1770
   832   0.2603   0.1995   0.1771
   833   0.2604   0.1996   0.1772
   834   0.2605   0.1996   0.1772
   835   0.2606   0.1997   0.1773
   836   0.2607   0.1998   0.1773
   837   0.2607   0.1998   0.1774
   838   0.2608   0.1999   0.1774
   839   0.2609   0.1999   0.1775
   840   0.2610   0.2000   0.1775
   841   0.2611   0.2001   0.1776
   842   0.2613   0.2002   0.1777
   843   0.2614   0.2003   0.1778
   844   0.2616   0.2005   0.1780
   845   0.2618   0.2006   0.1781
   846   0.2620   0.2008   0.1782
   847   0.2622   0.2010   0.1784
   848   0.2625   0.2011   0.1786
   849   0.2627   0.2013   0.1787
   850   0.2630   0.2015   0.1789
   851   0.2633   0.2018   0.1791
   852   0.2636   0.2020   0.1793
   853   0.2639   0.2022   0.1795
   854   0.2642   0.2025   0.1797
   855   0.2645   0.2027   0.1800
   856   0.2648   0.2029   0.1802
   857   0.2651   0.2032   0.1804
   858   0.2654   0.2034   0.1806
   859   0.2657   0.2036   0.1808
   860   0.2660   0.2039   0.1810
   861   0.2663   0.2041   0.1812
   862   0.2665   0.2043   0.1813
   863   0.2668   0.2045   0.1815
   864   0.2670   0.2046   0.1817
   865   0.2672   0.2048   0.1818
   866   0.2674   0.2049   0.1819
   867   0.2676   0.2051   0.1821
   868   0.2677   0.2052   0.1822
   869   0.2679   0.2053   0.1823
   870   0.2680   0.2054   0.1823
   871   0.2681   0.2055   0.1824
   872   0.2682   0.2055   0.1825
   873   0.2683   0.2056   0.1825
   874   0.2683   0.2057   0.1826
   875   0.2684   0.2057   0.1826
   876   0.2685   0.2058   0.1827
   877   0.2686   0.2059   0.1828
   878   0.2687   0.2059   0.1828
   879   0.2688   0.2061   0.1829
   880   0.2690   0.2062   0.1831
   881   0.2692   0.2064   0.1832
   882   0.2694   0.2065   0.1834
   883   0.2697   0.2068   0.1836
   884   0.2700   0.2070   0.1838
   885   0.2703   0.2072   0.1840
   886   0.2706   0.2075   0.1842
   887   0.2710   0.2077   0.1845
   888   0.2713   0.2080   0.1847
   889   0.2717   0.2083   0.1850
   890   0.2720   0.2086   0.1852
   891   0.2723   0.2088   0.1854
   892   0.2727   0.2091   0.1857
   893   0.2730   0.2094   0.1859
   894   0.2733   0.2096   0.1861
   895   0.2736   0.2099   0.1864
   896   0.2739   0.2101   0.1866
   897   0.2742   0.2103   0.1868
   898   0.2745   0.2105   0.1870
   899   0.2748   0.2107   0.1871
   900   0.2750   0.2109   0.1873
   901   0.2752   0.2111   0.1875
   902   0.2754   0.2112   0.1876
   903   0.2756   0.2114   0.1877
   904   0.2758   0.2115   0.1879
   905   0.2760   0.2117   0.1880
   906   0.2762   0.2118   0.1881
   907   0.2764   0.2120   0.1882
   908   0.2766   0.2121   0.1884
   909   0.2768   0.2123   0.1885
   910   0.2770   0.2125   0.1887
   911   0.2772   0.2126   0.1888
   912   0.2775   0.2128   0.1890
   913   0.2778   0.2131   0.1892
   914   0.2781   0.2133   0.1894
   915   0.2784   0.2135   0.1896
   916   0.2787   0.2138   0.1898
   917   0.2790   0.2140   0.1901
   918   0.2793   0.2143   0.1903
   919   0.2797   0.2145   0.1905
   920   0.2800   0.2148   0.1907
   921   0.2803   0.2150   0.1910
   922   0.2807   0.2153   0.1912
   923   0.2810   0.2155   0.1914
   924   0.2813   0.2158   0.1916
   925   0.2816   0.2160   0.1918
   926   0.2819   0.2162   0.1920
   927   0.2822   0.2165   0.1922
   928   0.2825   0.2167   0.1924
   929   0.2827   0.2169   0.1926
   930   0.2830   0.2171   0.1928
   931   0.2832   0.2173   0.1929
   932   0.2835   0.2174   0.1931
   933   0.2837   0.2176   0.1932
   934   0.2839   0.2178   0.1934
   935   0.2841   0.2179   0.1935
   936   0.2843   0.2181   0.1936
   937   0.2845   0.2182   0.1937
   938   0.2846   0.2183   0.1939
   939   0.2848   0.2185   0.1940
   940   0.2850   0.2186   0.1941
   941   0.2852   0.2187   0.1942
   942   0.2854   0.2189   0.1943
   943   0.2855   0.2190   0.1944
   944   0.2857   0.2192   0.1946
   945   0.2859   0.2193   0.1947
   946   0.2861   0.2195   0.1948
   947   0.2863   0.2196   0.1950
   948   0.2865   0.2198   0.1951
   949   0.2868   0.2200   0.1953
   950   0.2870   0.2201   0.1954
   951   0.2873   0.2203   0.1956
   952   0.2875   0.2205   0.1957
   953   0.2878   0.2207   0.1959
   954   0.2881   0.2210   0.1961
   955   0.2884   0.2212   0.1963
   956   0.2887   0.2214   0.1965
   957   0.2890   0.2217   0.1967
   958   0.2893   0.2219   0.1969
   959   0.2897   0.2222   0.1971
   960   0.2900   0.2224   0.1973
   961   0.2903   0.2227   0.1976
   962   0.2907   0.2230   0.1978
   963   0.2910   0.2232   0.1980
   964   0.2914   0.2235   0.1983
   965   0.2917   0.2237   0.1985
   966   0.2920   0.2240   0.1987
   967   0.2923   0.2242   0.1989
   968   0.2926   0.2244   0.1991
   969   0.2928   0.2246   0.1992
   970   0.2930   0.2247   0.1994
   971   0.2932   0.2249   0.1995
   972   0.2933   0.2249   0.1996
   973   0.2934   0.2250   0.1996
   974   0.2934   0.2251   0.1997
   975   0.2935   0.2251   0.1997
   976   0.2936   0.2252   0.1998
   977   0.2936   0.2252   0.1998
   978   0.2937   0.2253   0.1999
   979   0.2939   0.2254   0.2000
   980   0.2940   0.2255   0.2001
   981   0.2942   0.2257   0.2002
   982   0.2944   0.2258   0.2004
   983   0.2947   0.2261   0.2006
   984   0.2950   0.2263   0.2008
   985   0.2953   0.2265   0.2010
   986   0.2956   0.2268   0.2012
   987   0.2959   0.2271   0.2015
   988   0.2963   0.2273   0.2017
   989   0.2966   0.2276   0.2020
   990   0.2970   0.2279   0.2022
   991   0.2973   0.2282   0.2025
   992   0.2977   0.2284   0.2027
   993   0.2980   0.2287   0.2030
   994   0.2983   0.2290   0.2032
   995   0.2987   0.2292   0.2034
   996   0.2990   0.2295   0.2037
   997   0.2992   0.2297   0.2039
   998   0.2995   0.2299   0.2041
   999   0.2998   0.2301   0.2043
  1000   0.3000   0.2303   0.2044
  1001   0.3002   0.2305   0.2046
  1002   0.3004   0.2306   0.2048
  1003   0.3006   0.2308   0.2049
  1004   0.3008   0.2309   0.2050
  1005   0.3010   0.2311   0.2052
  1006   0.3012   0.2312   0.2053
  1007   0.3013   0.2314   0.2055
  1008   0.3015   0.2316   0.2056
  1009   0.3018   0.2317   0.2058
  1010   0.3020   0.2319   0.2060
  1011   0.3023   0.2321   0.2062
  1012   0.3025   0.2324   0.2064
  1013   0.3028   0.2326   0.2066
  1014   0.3031   0.2328   0.2068
  1015   0.3035   0.2331   0.2070
  1016   0.3038   0.2334   0.2073
  1017   0.3041   0.2336   0.2075
  1018   0.3044   0.2339   0.2078
  1019   0.3047   0.2341   0.2080
  1020   0.3050   0.2343   0.2082
  1021   0.3053   0.2346   0.2084
  1022   0.3055   0.2348   0.2086
  1023   0.3058   0.2350   0.2088
  1024   0.3060   0.2351   0.2089
  1025   0.3062   0.2353   0.2091
  1026   0.3064   0.2355   0.2092
  1027   0.3066   0.2356   0.2094
  1028   0.3067   0.2358   0.2095
  1029   0.3069   0.2359   0.2096
  1030   0.3070   0.2360   0.2097
  1031   0.3071   0.2361   0.2098
  1032   0.3072   0.2362   0.2099
  1033   0.3073   0.2363   0.2100
  1034   0.3074   0.2363   0.2101
  1035   0.3075   0.2364   0.2101
  1036   0.3076   0.2365   0.2102
  1037   0.3077   0.2366   0.2103
  1038   0.3078   0.2366   0.2103
  1039   0.3079   0.2367   0.2104
  1040   0.3080   0.2368   0.2105
  1041   0.3081   0.2369   0.2106
  1042   0.3083   0.2370   0.2107
  1043   0.3084   0.2371   0.2108
  1044   0.3086   0.2373   0.2109
  1045   0.3088   0.2374   0.2111
  1046   0.3090   0.2376   0.2112
  1047   0.3092   0.2378   0.2114
  1048   0.3094   0.2380   0.2116
  1049   0.3097   0.2382   0.2118
  1050   0.3100   0.2384   0.2120
  1051   0.3103   0.2387   0.2122
  1052   0.3107   0.2390   0.2125
  1053   0.3110   0.2392   0.2128
  1054   0.3114   0.2396   0.2130
  1055   0.3118   0.2399   0.2133
  1056   0.3122   0.2402   0.2136
  1057   0.3127   0.2406   0.2139
  1058   0.3131   0.2409   0.2143
  1059   0.3136   0.2413   0.2146
  1060   0.3140   0.2416   0.2149
  1061   0.3144   0.2420   0.2152
  1062   0.3149   0.2423   0.2156
  1063   0.3153   0.2427   0.2159
  1064   0.3158   0.2430   0.2162
  1065   0.3162   0.2434   0.2165
  1066   0.3166   0.2437   0.2168
  1067   0.3170   0.2440   0.2171
  1068   0.3174   0.2443   0.2174
  1069   0.3177   0.2446   0.2176
  1070   0.3180   0.2448   0.2178
  1071   0.3183   0.2451   0.2180
  1072   0.3185   0.2453   0.2182
  1073   0.3188   0.2455   0.2184
  1074   0.3190   0.2456   0.2186
  1075   0.3191   0.2458   0.2187
  1076   0.3193   0.2459   0.2188
  1077   0.3195   0.2461   0.2190
  1078   0.3197   0.2462   0.2191
  1079   0.3198   0.2463   0.2192
  1080   0.3200   0.2465   0.2194
  1081   0.3202   0.2466   0.2195
  1082   0.3204   0.2468   0.2196
  1083   0.3206   0.2470   0.2198
  1084   0.3208   0.2471   0.2199
  1085   0.3210   0.2473   0.2201
  1086   0.3212   0.2475   0.2202
  1087   0.3214   0.2476   0.2204
  1088   0.3216   0.2478   0.2206
  1089   0.3218   0.2480   0.2207
  1090   0.3220   0.2481   0.2209
  1091   0.3222   0.2483   0.2210
  1092   0.3224   0.2484   0.2211
  1093   0.3226   0.2486   0.2213
  1094   0.3228   0.2488   0.2214
  1095   0.3230   0.2489   0.2216
  1096   0.3232   0.2491   0.2217
  1097   0.3234   0.2492   0.2218
  1098   0.3236   0.2494   0.2220
  1099   0.3238   0.2495   0.2221
  1100   0.3240   0.2497   0.2223
  1101   0.3242   0.2499   0.2224
  1102   0.3244   0.2500   0.2225
  1103   0.3246   0.2502   0.2227
  1104   0.3248   0.2503   0.2228
  1105   0.3250   0.2505   0.2230
  1106   0.3252   0.2507   0.2231
  1107   0.3254   0.2508   0.2233
  1108   0.3256   0.2510   0.2234
  1109   0.3258   0.2511   0.2235
  1110   0.3260   0.2513   0.2237
  1111   0.3262   0.2514   0.2238
  1112   0.3264   0.2516   0.2239
  1113   0.3265   0.2517   0.2240
  1114   0.3267   0.2518   0.2242
  1115   0.3269   0.2520   0.2243
  1116   0.3271   0.2521   0.2244
  1117   0.3273   0.2523   0.2246
  1118   0.3275   0.2525   0.2247
  1119   0.3278   0.2527   0.2249
  1120   0.3280   0.2529   0.2251
  1121   0.3283   0.2531   0.2253
  1122   0.3286   0.2533   0.2255
  1123   0.3289   0.2535   0.2257
  1124   0.3292   0.2538   0.2259
  1125   0.3295   0.2540   0.2261
  1126   0.3298   0.2543   0.2264
  1127   0.3301   0.2546   0.2266
  1128   0.3304   0.2548   0.2268
  1129   0.3307   0.2550   0.2270
  1130   0.3310   0.2553   0.2272
  1131   0.3313   0.2555   0.2274
  1132   0.3315   0.2557   0.2275
  1133   0.3318   0.2558   0.2277
  1134   0.3320   0.2560   0.2278
  1135   0.3322   0.2561   0.2279
  1136   0.3324   0.2563   0.2280
  1137   0.3326   0.2564   0.2281
  1138   0.3327   0.2565   0.2281
  1139   0.3329   0.2566   0.2282
  1140   0.3330   0.2567   0.2282
  1141   0.3331   0.2567   0.2283
  1142   0.3332   0.2568   0.2283
  1143   0.3333   0.2568   0.2283
  1144   0.3334   0.2569   0.2283
  1145   0.3335   0.2569   0.2283
  1146   0.3336   0.2570   0.2283
  1147   0.3337   0.2570   0.2282
  1148   0.3338   0.2570   0.2282
  1149   0.3339   0.2571   0.2282
  1150   0.3340   0.2571   0.2283
  1151   0.3341   0.2572   0.2283
  1152   0.3342   0.2573   0.2283
  1153   0.3344   0.2574   0.2284
  1154   0.3345   0.2575   0.2284
  1155   0.3347   0.2576   0.2285
  1156   0.3349   0.2577   0.2287
  1157   0.3351   0.2579   0.2288
  1158   0.3354   0.2581   0.2290
  1159   0.3357   0.2583   0.2291
  1160   0.3360   0.2586   0.2294
  1161   0.3364   0.2588   0.2296
  1162   0.3368   0.2591   0.2299
  1163   0.3372   0.2595   0.2302
  1164   0.3376   0.2598   0.2305
  1165   0.3380   0.2602   0.2308
  1166   0.3385   0.2605   0.2311
  1167   0.3389   0.2608   0.2314
  1168   0.3393   0.2612   0.2317
  1169   0.3397   0.2615   0.2320
  1170   0.3400   0.2617   0.2322
  1171   0.3403   0.2620   0.2324
  1172   0.3406   0.2622   0.2326
  1173   0.3408   0.2624   0.2328
  1174   0.3410   0.2625   0.2329
  1175   0.3412   0.2627   0.2331
  1176   0.3413   0.2628   0.2332
  1177   0.3415   0.2630   0.2333
  1178   0.3417   0.2631   0.2334
  1179   0.3418   0.2632   0.2336
  1180   0.3420   0.2634   0.2337
  1181   0.3422   0.2635   0.2338
  1182   0.3424   0.2637   0.2340
  1183   0.3426   0.2639   0.2341
  1184   0.3428   0.2641   0.2343
  1185   0.3430   0.2642   0.2345
  1186   0.3432   0.2644   0.2346
  1187   0.3435   0.2646   0.2348
  1188   0.3436   0.2648   0.2349
  1189   0.3438   0.2649   0.2351
  1190   0.3440   0.2650   0.2352
  1191   0.3441   0.2652   0.2353
  1192   0.3443   0.2653   0.2354
  1193   0.3444   0.2654   0.2355
  1194   0.3445   0.2655   0.2356
  1195   0.3446   0.2655   0.2357
  1196   0.3447   0.2656   0.2357
  1197   0.3447   0.2657   0.2358
  1198   0.3448   0.2657   0.2359
  1199   0.3449   0.2658   0.2359
  1200   0.3450   0.2659   0.2360
  1201   0.3451   0.2660   0.2360
  1202   0.3452   0.2660   0.2361
  1203   0.3453   0.2661   0.2362
  1204   0.3454   0.2662   0.2363
  1205   0.3455   0.2663   0.2364
  1206   0.3456   0.2664   0.2364
  1207   0.3457   0.2665   0.2365
  1208   0.3458   0.2665   0.2366
  1209   0.3459   0.2666   0.2367
  1210   0.3460   0.2667   0.2367
  1211   0.3461   0.2668   0.2368
  1212   0.3461   0.2668   0.2368
  1213   0.3462   0.2669   0.2369
  1214   0.3463   0.2669   0.2370
  1215   0.3464   0.2670   0.2370
  1216   0.3464   0.2671   0.2371
  1217   0.3466   0.2672   0.2372
  1218   0.3467   0.2673   0.2373
  1219   0.3468   0.2674   0.2374
  1220   0.3470   0.2675   0.2376
  1221   0.3472   0.2677   0.2377
  1222   0.3474   0.2679   0.2379
  1223   0.3477   0.2681   0.2381
  1224   0.3480   0.2684   0.2383
  1225   0.3483   0.2686   0.2385
  1226   0.3486   0.2689   0.2388
  1227   0.3489   0.2692   0.2390
  1228   0.3493   0.2694   0.2393
  1229   0.3496   0.2697   0.2396
  1230   0.3500   0.2700   0.2398
  1231   0.3504   0.2703   0.2401
  1232   0.3507   0.2706   0.2404
  1233   0.3511   0.2709   0.2406
  1234   0.3514   0.2712   0.2409
  1235   0.3517   0.2714   0.2411
  1236   0.3520   0.2717   0.2414
  1237   0.3523   0.2719   0.2416
  1238   0.3526   0.2721   0.2418
  1239   0.3528   0.2723   0.2420
  1240   0.3530   0.2725   0.2421
  1241   0.3532   0.2726   0.2422
  1242   0.3533   0.2727   0.2424
  1243   0.3534   0.2728   0.2424
  1244   0.3535   0.2729   0.2425
  1245   0.3536   0.2730   0.2426
  1246   0.3536   0.2730   0.2427
  1247   0.3537   0.2731   0.2427
  1248   0.3538   0.2732   0.2428
  1249   0.3539   0.2733   0.2429
  1250   0.3540   0.2734   0.2430
  1251   0.3541   0.2735   0.2431
  1252   0.3543   0.2736   0.2432
  1253   0.3545   0.2738   0.2434
  1254   0.3547   0.2739   0.2435
  1255   0.3549   0.2741   0.2437
  1256   0.3551   0.2743   0.2439
  1257   0.3553   0.2745   0.2440
  1258   0.3555   0.2747   0.2442
  1259   0.3558   0.2749   0.2444
  1260   0.3560   0.2751   0.2446
  1261   0.3562   0.2753   0.2448
  1262   0.3565   0.2755   0.2450
  1263   0.3567   0.2757   0.2452
  1264   0.3569   0.2759   0.2453
  1265   0.3571   0.2760   0.2455
  1266   0.3573   0.2762   0.2457
  1267   0.3575   0.2764   0.2458
  1268   0.3577   0.2765   0.2460
  1269   0.3578   0.2767   0.2461
  1270   0.3580   0.2768   0.2462
  1271   0.3581   0.2769   0.2463
  1272   0.3583   0.2770   0.2464
  1273   0.3584   0.2771   0.2465
  1274   0.3585   0.2772   0.2466
  1275   0.3586   0.2773   0.2466
  1276   0.3587   0.2773   0.2467
  1277   0.3587   0.2774   0.2467
  1278   0.3588   0.2775   0.2468
  1279   0.3589   0.2775   0.2468
  1280   0.3590   0.2776   0.2469
  1281   0.3591   0.2776   0.2469
  1282   0.3592   0.2777   0.2470
  1283   0.3593   0.2778   0.2471
  1284   0.3594   0.2779   0.2471
  1285   0.3595   0.2779   0.2472
  1286   0.3596   0.2780   0.2472
  1287   0.3597   0.2781   0.2473
  1288   0.3598   0.2782   0.2474
  1289   0.3599   0.2782   0.2474
  1290   0.3600   0.2783   0.2475
  1291   0.3601   0.2784   0.2475
  1292   0.3602   0.2785   0.2476
  1293   0.3603   0.2785   0.2476
  1294   0.3604   0.2786   0.2477
  1295   0.3605   0.2787   0.2478
  1296   0.3606   0.2787   0.2478
  1297   0.3607   0.2788   0.2478
  1298   0.3608   0.2789   0.2479
  1299   0.3609   0.2789   0.2479
  1300   0.3610   0.2790   0.2480
  1301   0.3611   0.2791   0.2480
  1302   0.3612   0.2791   0.2480
  1303   0.3613   0.2792   0.2481
  1304   0.3614   0.2793   0.2481
  1305   0.3615   0.2793   0.2481
  1306   0.3616   0.2794   0.2482
  1307   0.3617   0.2794   0.2482
  1308   0.3618   0.2795   0.2482
  1309   0.3619   0.2795   0.2482
  1310   0.3620   0.2796   0.2483
  1311   0.3621   0.2796   0.2483
  1312   0.3622   0.2797   0.2483
  1313   0.3623   0.2798   0.2483
  1314   0.3624   0.2798   0.2484
  1315   0.3625   0.2799   0.2484
  1316   0.3626   0.2799   0.2484
  1317   0.3627   0.2800   0.2484
  1318   0.3628   0.2800   0.2484
  1319   0.3629   0.2801   0.2484
  1320   0.3630   0.2801   0.2484
  1321   0.3631   0.2802   0.2485
  1322   0.3632   0.2803   0.2485
  1323   0.3633   0.2803   0.2485
  1324   0.3634   0.2804   0.2485
  1325   0.3635   0.2804   0.2485
  1326   0.3636   0.2805   0.2485
  1327   0.3637   0.2805   0.2485
  1328   0.3638   0.2805   0.2485
  1329   0.3639   0.2806   0.2485
  1330   0.3640   0.2806   0.2485
  1331   0.3641   0.2806   0.2484
  1332   0.3642   0.2807   0.2484
  1333   0.3642   0.2807   0.2484
  1334   0.3643   0.2807   0.2484
  1335   0.3644   0.2807   0.2483
  1336   0.3645   0.2808   0.2483
  1337   0.3646   0.2808   0.2483
  1338   0.3647   0.2809   0.2483
  1339   0.3648   0.2809   0.2483
  1340   0.3650   0.2810   0.2483
  1341   0.3652   0.2811   0.2483
  1342   0.3654   0.2812   0.2484
  1343   0.3656   0.2813   0.2484
  1344   0.3658   0.2814   0.2484
  1345   0.3660   0.2815   0.2485
  1346   0.3662   0.2816   0.2485
  1347   0.3664   0.2818   0.2486
  1348   0.3666   0.2819   0.2486
  1349   0.3668   0.2820   0.2487
  1350   0.3670   0.2821   0.2487
  1351   0.3672   0.2821   0.2487
  1352   0.3673   0.2822   0.2487
  1353   0.3674   0.2823   0.2487
  1354   0.3675   0.2823   0.2487
  1355   0.3676   0.2823   0.2487
  1356   0.3677   0.2824   0.2486
  1357   0.3678   0.2824   0.2486
  1358   0.3679   0.2824   0.2485
  1359   0.3679   0.2824   0.2485
  1360   0.3680   0.2824   0.2484
  1361   0.3681   0.2824   0.2484
  1362   0.3681   0.2823   0.2483
  1363   0.3681   0.2823   0.2482
  1364   0.3682   0.2823   0.2481
  1365   0.3682   0.2822   0.2480
  1366   0.3682   0.2822   0.2479
  1367   0.3682   0.2821   0.2477
  1368   0.3681   0.2820   0.2475
  1369   0.3681   0.2818   0.2473
  1370   0.3680   0.2817   0.2470
  1371   0.3679   0.2815   0.2467
  1372   0.3678   0.2812   0.2464
  1373   0.3676   0.2810   0.2460
  1374   0.3674   0.2807   0.2456
  1375   0.3672   0.2804   0.2451
  1376   0.3670   0.2800   0.2446
  1377   0.3668   0.2796   0.2440
  1378   0.3666   0.2792   0.2434
  1379   0.3663   0.2787   0.2427
  1380   0.3660   0.2782   0.2420
  1381   0.3657   0.2777   0.2411
  1382   0.3654   0.2771   0.2403
  1383   0.3651   0.2765   0.2393
  1384   0.3648   0.2758   0.2383
  1385   0.3644   0.2751   0.2373
  1386   0.3641   0.2744   0.2362
  1387   0.3638   0.2737   0.2351
  1388   0.3635   0.2730   0.2339
  1389   0.3633   0.2723   0.2327
  1390   0.3630   0.2715   0.2315
  1391   0.3628   0.2707   0.2303
  1392   0.3625   0.2700   0.2290
  1393   0.3623   0.2692   0.2278
  1394   0.3621   0.2685   0.2265
  1395   0.3620   0.2677   0.2252
  1396   0.3618   0.2669   0.2239
  1397   0.3616   0.2662   0.2226
  1398   0.3614   0.2654   0.2213
  1399   0.3612   0.2646   0.2201
  1400   0.3610   0.2639   0.2188
  1401   0.3608   0.2631   0.2175
  1402   0.3605   0.2623   0.2163
  1403   0.3603   0.2616   0.2151
  1404   0.3601   0.2608   0.2140
  1405   0.3598   0.2601   0.2128
  1406   0.3596   0.2594   0.2118
  1407   0.3594   0.2588   0.2107
  1408   0.3592   0.2582   0.2098
  1409   0.3591   0.2576   0.2089
  1410   0.3590   0.2571   0.2080
  1411   0.3589   0.2567   0.2072
  1412   0.3589   0.2563   0.2065
  1413   0.3589   0.2559   0.2059
  1414   0.3590   0.2556   0.2053
  1415   0.3591   0.2554   0.2048
  1416   0.3592   0.2551   0.2043
  1417   0.3594   0.2550   0.2039
  1418   0.3596   0.2548   0.2036
  1419   0.3598   0.2547   0.2032
  1420   0.3600   0.2547   0.2029
  1421   0.3602   0.2546   0.2027
  1422   0.3605   0.2546   0.2024
  1423   0.3608   0.2546   0.2022
  1424   0.3611   0.2546   0.2021
  1425   0.3614   0.2547   0.2019
  1426   0.3617   0.2547   0.2018
  1427   0.3620   0.2548   0.2017
  1428   0.3623   0.2549   0.2016
  1429   0.3627   0.2550   0.2016
  1430   0.3630   0.2551   0.2015
  1431   0.3633   0.2552   0.2015
  1432   0.3637   0.2553   0.2015
  1433   0.3640   0.2555   0.2015
  1434   0.3643   0.2556   0.2015
  1435   0.3646   0.2557   0.2015
  1436   0.3649   0.2559   0.2016
  1437   0.3652   0.2560   0.2016
  1438   0.3655   0.2561   0.2017
  1439   0.3658   0.2563   0.2017
  1440   0.3660   0.2564   0.2018
  1441   0.3662   0.2565   0.2018
  1442   0.3664   0.2566   0.2019
  1443   0.3666   0.2567   0.2019
  1444   0.3668   0.2569   0.2020
  1445   0.3670   0.2570   0.2021
  1446   0.3672   0.2571   0.2022
  1447   0.3674   0.2572   0.2023
  1448   0.3676   0.2574   0.2024
  1449   0.3678   0.2575   0.2025
  1450   0.3680   0.2577   0.2027
  1451   0.3682   0.2579   0.2028
  1452   0.3685   0.2581   0.2030
  1453   0.3688   0.2583   0.2032
  1454   0.3691   0.2586   0.2034
  1455   0.3694   0.2588   0.2037
  1456   0.3697   0.2591   0.2039
  1457   0.3700   0.2594   0.2042
  1458   0.3703   0.2597   0.2045
  1459   0.3707   0.2600   0.2049
  1460   0.3710   0.2604   0.2052
  1461   0.3713   0.2607   0.2056
  1462   0.3717   0.2611   0.2060
  1463   0.3720   0.2615   0.2065
  1464   0.3723   0.2618   0.2069
  1465   0.3726   0.2622   0.2074
  1466   0.3729   0.2626   0.2079
  1467   0.3732   0.2630   0.2084
  1468   0.3735   0.2635   0.2089
  1469   0.3737   0.2639   0.2094
  1470   0.3740   0.2643   0.2100
  1471   0.3742   0.2647   0.2105
  1472   0.3745   0.2651   0.2110
  1473   0.3747   0.2655   0.2116
  1474   0.3749   0.2659   0.2121
  1475   0.3751   0.2663   0.2127
  1476   0.3753   0.2667   0.2133
  1477   0.3755   0.2671   0.2138
  1478   0.3756   0.2674   0.2144
  1479   0.3758   0.2678   0.2149
  1480   0.3760   0.2682   0.2155
  1481   0.3762   0.2686   0.2160
  1482   0.3764   0.2690   0.2166
  1483   0.3766   0.2694   0.2172
  1484   0.3768   0.2698   0.2177
  1485   0.3770   0.2702   0.2183
  1486   0.3772   0.2706   0.2188
  1487   0.3774   0.2710   0.2194
  1488   0.3776   0.2714   0.2200
  1489   0.3778   0.2718   0.2206
  1490   0.3780   0.2722   0.2212
  1491   0.3782   0.2727   0.2218
  1492   0.3784   0.2731   0.2224
  1493   0.3787   0.2735   0.2230
  1494   0.3789   0.2740   0.2236
  1495   0.3791   0.2744   0.2242
  1496   0.3793   0.2748   0.2248
  1497   0.3795   0.2752   0.2254
  1498   0.3797   0.2756   0.2260
  1499   0.3798   0.2760   0.2266
  1500   0.3800   0.2764   0.2271
  1501   0.3801   0.2767   0.2277
  1502   0.3803   0.2770   0.2282
  1503   0.3804   0.2774   0.2287
  1504   0.3805   0.2777   0.2292
  1505   0.3806   0.2780   0.2296
  1506   0.3807   0.2783   0.2301
  1507   0.3807   0.2785   0.2306
  1508   0.3808   0.2788   0.2310
  1509   0.3809   0.2791   0.2315
  1510   0.3810   0.2794   0.2319
  1511   0.3811   0.2797   0.2324
  1512   0.3812   0.2800   0.2329
  1513   0.3813   0.2803   0.2333
  1514   0.3814   0.2806   0.2338
  1515   0.3815   0.2809   0.2343
  1516   0.3816   0.2812   0.2347
  1517   0.3817   0.2815   0.2352
  1518   0.3818   0.2817   0.2356
  1519   0.3819   0.2820   0.2360
  1520   0.3820   0.2823   0.2364
  1521   0.3821   0.2825   0.2368
  1522   0.3821   0.2827   0.2372
  1523   0.3822   0.2830   0.2376
  1524   0.3822   0.2832   0.2380
  1525   0.3823   0.2834   0.2384
  1526   0.3824   0.2837   0.2388
  1527   0.3825   0.2840   0.2392
  1528   0.3826   0.2842   0.2396
  1529   0.3828   0.2846   0.2400
  1530   0.3830   0.2849   0.2405
  1531   0.3832   0.2853   0.2410
  1532   0.3835   0.2856   0.2415
  1533   0.3838   0.2861   0.2420
  1534   0.3841   0.2865   0.2426
  1535   0.3845   0.2869   0.2431
  1536   0.3848   0.2873   0.2436
  1537   0.3851   0.2878   0.2442
  1538   0.3854   0.2882   0.2447
  1539   0.3857   0.2885   0.2452
  1540   0.3860   0.2889   0.2456
  1541   0.3862   0.2892   0.2461
  1542   0.3864   0.2895   0.2465
  1543   0.3866   0.2898   0.2469
  1544   0.3867   0.2900   0.2472
  1545   0.3868   0.2903   0.2475
  1546   0.3869   0.2905   0.2478
  1547   0.3869   0.2906   0.2481
  1548   0.3870   0.2908   0.2484
  1549   0.3870   0.2909   0.2487
  1550   0.3870   0.2911   0.2489
  1551   0.3870   0.2912   0.2491
  1552   0.3870   0.2913   0.2493
  1553   0.3870   0.2914   0.2495
  1554   0.3870   0.2915   0.2497
  1555   0.3870   0.2916   0.2499
  1556   0.3870   0.2917   0.2501
  1557   0.3870   0.2918   0.2503
  1558   0.3870   0.2919   0.2505
  1559   0.3870   0.2920   0.2507
  1560   0.3870   0.2921   0.2509
  1561   0.3870   0.2922   0.2511
  1562   0.3871   0.2923   0.2513
  1563   0.3871   0.2925   0.2515
  1564   0.3872   0.2926   0.2517
  1565   0.3873   0.2928   0.2520
  1566   0.3874   0.2930   0.2522
  1567   0.3875   0.2932   0.2525
  1568   0.3877   0.2934   0.2528
  1569   0.3878   0.2936   0.2531
  1570   0.3880   0.2938   0.2534
  1571   0.3882   0.2941   0.2537
  1572   0.3884   0.2944   0.2540
  1573   0.3886   0.2946   0.2543
  1574   0.3889   0.2949   0.2546
  1575   0.3891   0.2952   0.2550
  1576   0.3893   0.2954   0.2553
  1577   0.3895   0.2957   0.2556
  1578   0.3897   0.2959   0.2559
  1579   0.3899   0.2961   0.2561
  1580   0.3900   0.2963   0.2564
  1581   0.3901   0.2965   0.2566
  1582   0.3902   0.2966   0.2568
  1583   0.3902   0.2967   0.2569
  1584   0.3902   0.2968   0.2571
  1585   0.3902   0.2968   0.2572
  1586   0.3902   0.2969   0.2573
  1587   0.3901   0.2969   0.2574
  1588   0.3901   0.2970   0.2575
  1589   0.3900   0.2970   0.2576
  1590   0.3900   0.2970   0.2577
  1591   0.3900   0.2970   0.2578
  1592   0.3899   0.2971   0.2579
  1593   0.3899   0.2971   0.2580
  1594   0.3899   0.2972   0.2581
  1595   0.3899   0.2972   0.2582
  1596   0.3899   0.2973   0.2583
  1597   0.3899   0.2973   0.2584
  1598   0.3899   0.2974   0.2585
  1599   0.3899   0.2975   0.2587
  1600   0.3900   0.2976   0.2588
  1601   0.3901   0.2977   0.2589
  1602   0.3901   0.2978   0.2591
  1603   0.3902   0.2979   0.2592
  1604   0.3903   0.2980   0.2594
  1605   0.3904   0.2981   0.2595
  1606   0.3905   0.2983   0.2597
  1607   0.3907   0.2984   0.2598
  1608   0.3908   0.2985   0.2600
  1609   0.3909   0.2987   0.2602
  1610   0.3910   0.2988   0.2603
  1611   0.3911   0.2989   0.2605
  1612   0.3912   0.2990   0.2606
  1613   0.3913   0.2992   0.2607
  1614   0.3914   0.2993   0.2609
  1615   0.3915   0.2994   0.2610
  1616   0.3916   0.2995   0.2612
  1617   0.3917   0.2996   0.2613
  1618   0.3918   0.2997   0.2614
  1619   0.3919   0.2999   0.2616
  1620   0.3920   0.3000   0.2617
  1621   0.3921   0.3001   0.2618
  1622   0.3922   0.3002   0.2620
  1623   0.3923   0.3003   0.2621
  1624   0.3924   0.3004   0.2623
  1625   0.3925   0.3005   0.2624
  1626   0.3926   0.3007   0.2625
  1627   0.3927   0.3008   0.2627
  1628   0.3928   0.3009   0.2628
  1629   0.3929   0.3010   0.2630
  1630   0.3930   0.3012   0.2631
  1631   0.3931   0.3013   0.2633
  1632   0.3932   0.3014   0.2634
  1633   0.3934   0.3015   0.2635
  1634   0.3935   0.3017   0.2637
  1635   0.3936   0.3018   0.2638
  1636   0.3937   0.3019   0.2639
  1637   0.3938   0.3020   0.2640
  1638   0.3939   0.3021   0.2641
  1639   0.3940   0.3022   0.2642
  1640   0.3940   0.3022   0.2643
  1641   0.3940   0.3023   0.2644
  1642   0.3940   0.3023   0.2644
  1643   0.3940   0.3023   0.2645
  1644   0.3940   0.3024   0.2645
  1645   0.3940   0.3024   0.2646
  1646   0.3940   0.3024   0.2646
  1647   0.3940   0.3024   0.2647
  1648   0.3940   0.3024   0.2647
  1649   0.3940   0.3025   0.2648
  1650   0.3940   0.3025   0.2648
  1651   0.3941   0.3026   0.2649
  1652   0.3941   0.3027   0.2650
  1653   0.3942   0.3028   0.2651
  1654   0.3943   0.3029   0.2652
  1655   0.3944   0.3030   0.2653
  1656   0.3945   0.3031   0.2654
  1657   0.3947   0.3032   0.2656
  1658   0.3948   0.3033   0.2657
  1659   0.3949   0.3034   0.2658
  1660   0.3950   0.3035   0.2659
  1661   0.3951   0.3036   0.2660
  1662   0.3952   0.3037   0.2661
  1663   0.3953   0.3038   0.2661
  1664   0.3953   0.3039   0.2662
  1665   0.3954   0.3039   0.2663
  1666   0.3955   0.3040   0.2664
  1667   0.3956   0.3041   0.2665
  1668   0.3957   0.3042   0.2666
  1669   0.3959   0.3043   0.2667
  1670   0.3960   0.3045   0.2669
  1671   0.3962   0.3046   0.2670
  1672   0.3963   0.3048   0.2671
  1673   0.3965   0.3050   0.2673
  1674   0.3968   0.3051   0.2675
  1675   0.3970   0.3053   0.2677
  1676   0.3972   0.3055   0.2678
  1677   0.3974   0.3057   0.2680
  1678   0.3976   0.3059   0.2682
  1679   0.3978   0.3060   0.2683
  1680   0.3980   0.3062   0.2685
  1681   0.3982   0.3064   0.2686
  1682   0.3983   0.3065   0.2687
  1683   0.3985   0.3066   0.2689
  1684   0.3986   0.3067   0.2690
  1685   0.3987   0.3068   0.2690
  1686   0.3988   0.3069   0.2691
  1687   0.3989   0.3070   0.2692
  1688   0.3989   0.3070   0.2692
  1689   0.3990   0.3071   0.2693
  1690   0.3990   0.3071   0.2693
  1691   0.3990   0.3071   0.2694
  1692   0.3990   0.3071   0.2694
  1693   0.3990   0.3072   0.2694
  1694   0.3990   0.3072   0.2694
  1695   0.3990   0.3072   0.2694
  1696   0.3990   0.3072   0.2694
  1697   0.3990   0.3071   0.2693
  1698   0.3990   0.3071   0.2693
  1699   0.3990   0.3071   0.2693
  1700   0.3990   0.3071   0.2693
  1701   0.3990   0.3071   0.2693
  1702   0.3990   0.3071   0.2693
  1703   0.3990   0.3071   0.2692
  1704   0.3990   0.3071   0.2692
  1705   0.3990   0.3071   0.2692
  1706   0.3990   0.3071   0.2692
  1707   0.3990   0.3070   0.2691
  1708   0.3990   0.3070   0.2691
  1709   0.3990   0.3070   0.2691
  1710   0.3990   0.3070   0.2690
  1711   0.3990   0.3070   0.2690
  1712   0.3990   0.3069   0.2689
  1713   0.3989   0.3069   0.2689
  1714   0.3989   0.3068   0.2688
  1715   0.3989   0.3068   0.2688
  1716   0.3989   0.3068   0.2687
  1717   0.3989   0.3068   0.2687
  1718   0.3989   0.3068   0.2687
  1719   0.3989   0.3068   0.2686
  1720   0.3990   0.3068   0.2686
  1721   0.3991   0.3068   0.2686
  1722   0.3992   0.3069   0.2687
  1723   0.3993   0.3070   0.2687
  1724   0.3994   0.3070   0.2687
  1725   0.3995   0.3071   0.2688
  1726   0.3996   0.3072   0.2688
  1727   0.3998   0.3072   0.2688
  1728   0.3999   0.3073   0.2688
  1729   0.3999   0.3073   0.2688
  1730   0.4000   0.3073   0.2688
  1731   0.4000   0.3073   0.2688
  1732   0.4000   0.3073   0.2687
  1733   0.4000   0.3073   0.2686
  1734   0.4000   0.3072   0.2685
  1735   0.4000   0.3071   0.2684
  1736   0.4000   0.3071   0.2683
  1737   0.4000   0.3070   0.2682
  1738   0.4000   0.3070   0.2681
  1739   0.4000   0.3069   0.2680
  1740   0.4000   0.3069   0.2680
  1741   0.4001   0.3069   0.2679
  1742   0.4001   0.3069   0.2679
  1743   0.4002   0.3070   0.2679
  1744   0.4003   0.3070   0.2678
  1745   0.4005   0.3070   0.2678
  1746   0.4006   0.3071   0.2678
  1747   0.4007   0.3071   0.2678
  1748   0.4008   0.3072   0.2678
  1749   0.4009   0.3072   0.2677
  1750   0.4010   0.3072   0.2677
  1751   0.4011   0.3072   0.2676
  1752   0.4011   0.3071   0.2675
  1753   0.4011   0.3071   0.2674
  1754   0.4011   0.3070   0.2672
  1755   0.4011   0.3069   0.2671
  1756   0.4011   0.3069   0.2669
  1757   0.4011   0.3068   0.2668
  1758   0.4011   0.3067   0.2666
  1759   0.4010   0.3066   0.2665
  1760   0.4010   0.3065   0.2663
  1761   0.4010   0.3064   0.2661
  1762   0.4009   0.3063   0.2660
  1763   0.4009   0.3062   0.2659
  1764   0.4009   0.3061   0.2657
  1765   0.4009   0.3061   0.2656
  1766   0.4009   0.3060   0.2655
  1767   0.4009   0.3060   0.2654
  1768   0.4009   0.3059   0.2653
  1769   0.4010   0.3059   0.2652
  1770   0.4010   0.3059   0.2652
  1771   0.4011   0.3059   0.2651
  1772   0.4011   0.3060   0.2651
  1773   0.4012   0.3060   0.2651
  1774   0.4013   0.3060   0.2651
  1775   0.4014   0.3061   0.2651
  1776   0.4015   0.3062   0.2652
  1777   0.4017   0.3062   0.2652
  1778   0.4018   0.3063   0.2652
  1779   0.4019   0.3064   0.2653
  1780   0.4020   0.3064   0.2653
  1781   0.4021   0.3065   0.2653
  1782   0.4022   0.3066   0.2653
  1783   0.4023   0.3066   0.2654
  1784   0.4024   0.3067   0.2654
  1785   0.4025   0.3067   0.2654
  1786   0.4026   0.3068   0.2654
  1787   0.4027   0.3069   0.2655
  1788   0.4028   0.3069   0.2655
  1789   0.4029   0.3070   0.2656
  1790   0.4030   0.3071   0.2656
  1791   0.4031   0.3072   0.2657
  1792   0.4032   0.3073   0.2658
  1793   0.4033   0.3073   0.2659
  1794   0.4034   0.3074   0.2659
  1795   0.4036   0.3075   0.2660
  1796   0.4037   0.3076   0.2661
  1797   0.4038   0.3077   0.2662
  1798   0.4038   0.3078   0.2663
  1799   0.4039   0.3079   0.2664
  1800   0.4040   0.3080   0.2665
  1801   0.4041   0.3080   0.2665
  1802   0.4041   0.3081   0.2666
  1803   0.4041   0.3081   0.2666
  1804   0.4042   0.3082   0.2667
  1805   0.4042   0.3082   0.2667
  1806   0.4042   0.3082   0.2667
  1807   0.4041   0.3082   0.2667
  1808   0.4041   0.3081   0.2667
  1809   0.4041   0.3081   0.2666
  1810   0.4040   0.3080   0.2666
  1811   0.4039   0.3080   0.2665
  1812   0.4038   0.3079   0.2664
  1813   0.4037   0.3078   0.2663
  1814   0.4036   0.3077   0.2662
  1815   0.4035   0.3076   0.2661
  1816   0.4034   0.3075   0.2660
  1817   0.4033   0.3074   0.2659
  1818   0.4032   0.3073   0.2658
  1819   0.4031   0.3072   0.2657
  1820   0.4030   0.3071   0.2656
  1821   0.4029   0.3070   0.2655
  1822   0.4028   0.3070   0.2654
  1823   0.4028   0.3069   0.2654
  1824   0.4028   0.3069   0.2653
  1825   0.4027   0.3068   0.2653
  1826   0.4027   0.3068   0.2653
  1827   0.4028   0.3068   0.2653
  1828   0.4028   0.3069   0.2653
  1829   0.4029   0.3069   0.2653
  1830   0.4030   0.3069   0.2653
  1831   0.4031   0.3070   0.2653
  1832   0.4033   0.3071   0.2654
  1833   0.4035   0.3072   0.2654
  1834   0.4037   0.3073   0.2654
  1835   0.4039   0.3074   0.2655
  1836   0.4041   0.3075   0.2655
  1837   0.4043   0.3077   0.2655
  1838   0.4046   0.3078   0.2655
  1839   0.4048   0.3079   0.2655
  1840   0.4050   0.3079   0.2655
  1841   0.4052   0.3080   0.2654
  1842   0.4054   0.3080   0.2653
  1843   0.4055   0.3081   0.2652
  1844   0.4057   0.3080   0.2651
  1845   0.4058   0.3080   0.2649
  1846   0.4059   0.3079   0.2647
  1847   0.4060   0.3078   0.2645
  1848   0.4060   0.3077   0.2642
  1849   0.4060   0.3075   0.2639
  1850   0.4060   0.3073   0.2635
  1851   0.4059   0.3071   0.2630
  1852   0.4058   0.3068   0.2626
  1853   0.4057   0.3064   0.2620
  1854   0.4055   0.3061   0.2614
  1855   0.4053   0.3056   0.2607
  1856   0.4051   0.3051   0.2600
  1857   0.4049   0.3046   0.2592
  1858   0.4046   0.3040   0.2583
  1859   0.4043   0.3034   0.2573
  1860   0.4040   0.3027   0.2562
  1861   0.4037   0.3019   0.2551
  1862   0.4033   0.3011   0.2538
  1863   0.4029   0.3002   0.2525
  1864   0.4026   0.2993   0.2511
  1865   0.4022   0.2983   0.2496
  1866   0.4018   0.2972   0.2479
  1867   0.4013   0.2961   0.2462
  1868   0.4009   0.2949   0.2444
  1869   0.4005   0.2937   0.2425
  1870   0.4000   0.2924   0.2405
  1871   0.3995   0.2910   0.2383
  1872   0.3991   0.2896   0.2361
  1873   0.3986   0.2881   0.2337
  1874   0.3980   0.2865   0.2312
  1875   0.3975   0.2848   0.2286
  1876   0.3969   0.2829   0.2258
  1877   0.3962   0.2810   0.2228
  1878   0.3956   0.2789   0.2197
  1879   0.3948   0.2767   0.2163
  1880   0.3940   0.2743   0.2128
  1881   0.3931   0.2717   0.2091
  1882   0.3922   0.2690   0.2052
  1883   0.3912   0.2662   0.2012
  1884   0.3902   0.2633   0.1971
  1885   0.3892   0.2604   0.1929
  1886   0.3881   0.2574   0.1887
  1887   0.3871   0.2544   0.1846
  1888   0.3860   0.2514   0.1804
  1889   0.3850   0.2484   0.1764
  1890   0.3840   0.2455   0.1725
  1891   0.3830   0.2427   0.1687
  1892   0.3821   0.2400   0.1651
  1893   0.3813   0.2374   0.1617
  1894   0.3804   0.2348   0.1584
  1895   0.3796   0.2324   0.1553
  1896   0.3789   0.2301   0.1524
  1897   0.3781   0.2279   0.1496
  1898   0.3774   0.2258   0.1470
  1899   0.3767   0.2238   0.1446
  1900   0.3760   0.2219   0.1424
  1901   0.3753   0.2202   0.1403
  1902   0.3747   0.2185   0.1384
  1903   0.3741   0.2170   0.1366
  1904   0.3735   0.2156   0.1350
  1905   0.3730   0.2144   0.1335
  1906   0.3725   0.2132   0.1322
  1907   0.3720   0.2121   0.1310
  1908   0.3716   0.2111   0.1299
  1909   0.3713   0.2103   0.1289
  1910   0.3710   0.2095   0.1280
  1911   0.3708   0.2088   0.1273
  1912   0.3706   0.2082   0.1266
  1913   0.3706   0.2077   0.1259
  1914   0.3705   0.2073   0.1254
  1915   0.3705   0.2069   0.1249
  1916   0.3706   0.2066   0.1245
  1917   0.3707   0.2063   0.1242
  1918   0.3708   0.2061   0.1239
  1919   0.3709   0.2060   0.1236
  1920   0.3710   0.2058   0.1234
  1921   0.3711   0.2057   0.1232
  1922   0.3713   0.2056   0.1231
  1923   0.3714   0.2056   0.1230
  1924   0.3715   0.2056   0.1229
  1925   0.3717   0.2056   0.1228
  1926   0.3718   0.2056   0.1228
  1927   0.3719   0.2056   0.1228
  1928   0.3719   0.2056   0.1228
  1929   0.3720   0.2057   0.1228
  1930   0.3720   0.2057   0.1229
  1931   0.3720   0.2058   0.1230
  1932   0.3720   0.2059   0.1231
  1933   0.3719   0.2060   0.1233
  1934   0.3719   0.2061   0.1234
  1935   0.3718   0.2063   0.1236
  1936   0.3718   0.2065   0.1239
  1937   0.3718   0.2067   0.1241
  1938   0.3718   0.2069   0.1244
  1939   0.3719   0.2072   0.1248
  1940   0.3720   0.2075   0.1251
  1941   0.3722   0.2079   0.1255
  1942   0.3724   0.2083   0.1260
  1943   0.3726   0.2088   0.1264
  1944   0.3729   0.2093   0.1270
  1945   0.3732   0.2098   0.1275
  1946   0.3736   0.2103   0.1280
  1947   0.3739   0.2109   0.1286
  1948   0.3743   0.2115   0.1292
  1949   0.3746   0.2121   0.1298
  1950   0.3750   0.2127   0.1305
  1951   0.3753   0.2133   0.1311
  1952   0.3757   0.2139   0.1317
  1953   0.3760   0.2145   0.1324
  1954   0.3763   0.2151   0.1331
  1955   0.3766   0.2157   0.1338
  1956   0.3769   0.2163   0.1345
  1957   0.3771   0.2170   0.1352
  1958   0.3774   0.2176   0.1359
  1959   0.3777   0.2182   0.1366
  1960   0.3780   0.2189   0.1373
  1961   0.3783   0.2195   0.1381
  1962   0.3786   0.2202   0.1388
  1963   0.3789   0.2208   0.1395
  1964   0.3792   0.2215   0.1403
  1965   0.3795   0.2221   0.1410
  1966   0.3798   0.2228   0.1418
  1967   0.3801   0.2235   0.1426
  1968   0.3804   0.2241   0.1434
  1969   0.3807   0.2248   0.1442
  1970   0.3810   0.2255   0.1450
  1971   0.3813   0.2262   0.1458
  1972   0.3816   0.2270   0.1466
  1973   0.3819   0.2277   0.1475
  1974   0.3822   0.2284   0.1483
  1975   0.3826   0.2291   0.1492
  1976   0.3829   0.2298   0.1501
  1977   0.3832   0.2306   0.1509
  1978   0.3834   0.2313   0.1518
  1979   0.3837   0.2320   0.1526
  1980   0.3840   0.2327   0.1535
  1981   0.3843   0.2333   0.1543
  1982   0.3845   0.2340   0.1552
  1983   0.3847   0.2347   0.1560
  1984   0.3850   0.2353   0.1568
  1985   0.3852   0.2359   0.1576
  1986   0.3854   0.2366   0.1584
  1987   0.3856   0.2372   0.1592
  1988   0.3857   0.2378   0.1600
  1989   0.3859   0.2384   0.1607
  1990   0.3860   0.2389   0.1615
  1991   0.3861   0.2395   0.1623
  1992   0.3862   0.2401   0.1630
  1993   0.3863   0.2406   0.1638
  1994   0.3864   0.2412   0.1645
  1995   0.3865   0.2417   0.1653
  1996   0.3865   0.2422   0.1661
  1997   0.3866   0.2428   0.1668
  1998   0.3867   0.2433   0.1676
  1999   0.3869   0.2439   0.1683
  2000   0.3870   0.2445   0.1691
  2001   0.3872   0.2450   0.1699
  2002   0.3874   0.2456   0.1707
  2003   0.3876   0.2462   0.1715
  2004   0.3878   0.2468   0.1723
  2005   0.3880   0.2474   0.1730
  2006   0.3882   0.2480   0.1738
  2007   0.3884   0.2486   0.1746
  2008   0.3886   0.2492   0.1754
  2009   0.3888   0.2498   0.1761
  2010   0.3890   0.2503   0.1769
  2011   0.3892   0.2508   0.1776
  2012   0.3893   0.2514   0.1783
  2013   0.3894   0.2519   0.1790
  2014   0.3895   0.2524   0.1797
  2015   0.3896   0.2528   0.1804
  2016   0.3897   0.2533   0.1811
  2017   0.3898   0.2538   0.1818
  2018   0.3898   0.2542   0.1825
  2019   0.3899   0.2547   0.1831
  2020   0.3900   0.2552   0.1838
  2021   0.3901   0.2556   0.1845
  2022   0.3902   0.2561   0.1852
  2023   0.3903   0.2565   0.1858
  2024   0.3904   0.2570   0.1865
  2025   0.3905   0.2575   0.1872
  2026   0.3906   0.2579   0.1878
  2027   0.3907   0.2584   0.1885
  2028   0.3908   0.2589   0.1892
  2029   0.3909   0.2593   0.1898
  2030   0.3910   0.2598   0.1905
  2031   0.3911   0.2602   0.1912
  2032   0.3912   0.2607   0.1918
  2033   0.3913   0.2611   0.1924
  2034   0.3914   0.2616   0.1931
  2035   0.3915   0.2620   0.1937
  2036   0.3916   0.2624   0.1943
  2037   0.3917   0.2628   0.1950
  2038   0.3918   0.2632   0.1956
  2039   0.3919   0.2637   0.1962
  2040   0.3920   0.2641   0.1968
  2041   0.3921   0.2645   0.1974
  2042   0.3921   0.2648   0.1980
  2043   0.3922   0.2652   0.1985
  2044   0.3923   0.2656   0.1991
  2045   0.3924   0.2660   0.1997
  2046   0.3925   0.2664   0.2003
  2047   0.3926   0.2668   0.2009
  2048   0.3927   0.2672   0.2015
  2049   0.3928   0.2676   0.2021
  2050   0.3930   0.2681   0.2027
  2051   0.3932   0.2685   0.2033
  2052   0.3934   0.2690   0.2040
  2053   0.3937   0.2695   0.2046
  2054   0.3939   0.2700   0.2053
  2055   0.3941   0.2704   0.2059
  2056   0.3944   0.2709   0.2065
  2057   0.3946   0.2714   0.2071
  2058   0.3947   0.2718   0.2077
  2059   0.3949   0.2722   0.2083
  2060   0.3950   0.2726   0.2089
  2061   0.3951   0.2729   0.2094
  2062   0.3951   0.2732   0.2099
  2063   0.3951   0.2735   0.2104
  2064   0.3950   0.2738   0.2109
  2065   0.3950   0.2741   0.2114
  2066   0.3950   0.2743   0.2118
  2067   0.3949   0.2746   0.2123
  2068   0.3949   0.2749   0.2128
  2069   0.3949   0.2752   0.2133
  2070   0.3950   0.2755   0.2138
  2071   0.3951   0.2758   0.2143
  2072   0.3953   0.2762   0.2149
  2073   0.3954   0.2766   0.2154
  2074   0.3957   0.2770   0.2160
  2075   0.3959   0.2775   0.2166
  2076   0.3961   0.2779   0.2171
  2077   0.3964   0.2783   0.2177
  2078   0.3966   0.2788   0.2183
  2079   0.3968   0.2792   0.2188
  2080   0.3970   0.2796   0.2194
  2081   0.3972   0.2799   0.2199
  2082   0.3973   0.2803   0.2204
  2083   0.3974   0.2806   0.2209
  2084   0.3975   0.2809   0.2214
  2085   0.3976   0.2812   0.2218
  2086   0.3977   0.2815   0.2223
  2087   0.3978   0.2818   0.2227
  2088   0.3978   0.2821   0.2232
  2089   0.3979   0.2824   0.2236
  2090   0.3980   0.2827   0.2241
  2091   0.3981   0.2830   0.2245
  2092   0.3982   0.2833   0.2250
  2093   0.3983   0.2836   0.2254
  2094   0.3984   0.2839   0.2259
  2095   0.3985   0.2842   0.2263
  2096   0.3987   0.2845   0.2268
  2097   0.3988   0.2848   0.2272
  2098   0.3989   0.2851   0.2276
  2099   0.3989   0.2853   0.2280
  2100   0.3990   0.2856   0.2284
  2101   0.3990   0.2858   0.2288
  2102   0.3991   0.2861   0.2292
  2103   0.3991   0.2863   0.2295
  2104   0.3991   0.2865   0.2299
  2105   0.3991   0.2867   0.2302
  2106   0.3991   0.2868   0.2305
  2107   0.3991   0.2870   0.2308
  2108   0.3990   0.2872   0.2311
  2109   0.3990   0.2873   0.2314
  2110   0.3990   0.2875   0.2317
  2111   0.3990   0.2877   0.2320
  2112   0.3990   0.2878   0.2323
  2113   0.3990   0.2880   0.2326
  2114   0.3990   0.2882   0.2329
  2115   0.3990   0.2883   0.2332
  2116   0.3990   0.2885   0.2335
  2117   0.3990   0.2887   0.2338
  2118   0.3990   0.2888   0.2341
  2119   0.3990   0.2890   0.2344
  2120   0.3990   0.2892   0.2347
  2121   0.3990   0.2893   0.2350
  2122   0.3990   0.2895   0.2353
  2123   0.3990   0.2897   0.2355
  2124   0.3991   0.2898   0.2358
  2125   0.3991   0.2900   0.2361
  2126   0.3991   0.2902   0.2364
  2127   0.3991   0.2903   0.2366
  2128   0.3991   0.2904   0.2369
  2129   0.3990   0.2906   0.2371
  2130   0.3990   0.2907   0.2373
  2131   0.3990   0.2908   0.2375
  2132   0.3989   0.2909   0.2377
  2133   0.3988   0.2909   0.2379
  2134   0.3987   0.2910   0.2381
  2135   0.3987   0.2911   0.2382
  2136   0.3985   0.2911   0.2384
  2137   0.3984   0.2911   0.2385
  2138   0.3983   0.2911   0.2386
  2139   0.3982   0.2911   0.2387
  2140   0.3980   0.2911   0.2388
  2141   0.3978   0.2911   0.2389
  2142   0.3977   0.2911   0.2390
  2143   0.3975   0.2910   0.2390
  2144   0.3973   0.2910   0.2391
  2145   0.3971   0.2909   0.2392
  2146   0.3969   0.2909   0.2392
  2147   0.3967   0.2908   0.2392
  2148   0.3964   0.2907   0.2393
  2149   0.3962   0.2907   0.2393
  2150   0.3960   0.2906   0.2393
  2151   0.3958   0.2905   0.2394
  2152   0.3956   0.2905   0.2394
  2153   0.3953   0.2904   0.2394
  2154   0.3951   0.2903   0.2394
  2155   0.3948   0.2902   0.2394
  2156   0.3945   0.2900   0.2394
  2157   0.3942   0.2899   0.2393
  2158   0.3938   0.2897   0.2392
  2159   0.3934   0.2894   0.2391
  2160   0.3930   0.2892   0.2390
  2161   0.3925   0.2889   0.2388
  2162   0.3920   0.2885   0.2385
  2163   0.3914   0.2881   0.2383
  2164   0.3908   0.2877   0.2380
  2165   0.3902   0.2873   0.2377
  2166   0.3896   0.2869   0.2374
  2167   0.3889   0.2864   0.2370
  2168   0.3883   0.2860   0.2367
  2169   0.3876   0.2855   0.2364
  2170   0.3870   0.2851   0.2361
  2171   0.3864   0.2847   0.2357
  2172   0.3858   0.2843   0.2355
  2173   0.3852   0.2839   0.2352
  2174   0.3846   0.2835   0.2349
  2175   0.3841   0.2831   0.2346
  2176   0.3835   0.2827   0.2343
  2177   0.3829   0.2823   0.2340
  2178   0.3823   0.2819   0.2337
  2179   0.3817   0.2814   0.2334
  2180   0.3810   0.2810   0.2330
  2181   0.3803   0.2805   0.2327
  2182   0.3796   0.2800   0.2323
  2183   0.3789   0.2795   0.2319
  2184   0.3782   0.2790   0.2315
  2185   0.3774   0.2785   0.2311
  2186   0.3767   0.2779   0.2307
  2187   0.3760   0.2774   0.2303
  2188   0.3753   0.2769   0.2300
  2189   0.3746   0.2764   0.2296
  2190   0.3740   0.2760   0.2292
  2191   0.3734   0.2756   0.2289
  2192   0.3729   0.2751   0.2285
  2193   0.3723   0.2748   0.2282
  2194   0.3719   0.2744   0.2280
  2195   0.3715   0.2741   0.2277
  2196   0.3711   0.2738   0.2275
  2197   0.3707   0.2736   0.2273
  2198   0.3705   0.2734   0.2271
  2199   0.3702   0.2732   0.2269
  2200   0.3700   0.2730   0.2268
  2201   0.3698   0.2729   0.2267
  2202   0.3697   0.2728   0.2267
  2203   0.3696   0.2728   0.2266
  2204   0.3696   0.2728   0.2266
  2205   0.3696   0.2728   0.2266
  2206   0.3696   0.2728   0.2267
  2207   0.3697   0.2729   0.2267
  2208   0.3698   0.2730   0.2268
  2209   0.3699   0.2731   0.2269
  2210   0.3700   0.2732   0.2270
  2211   0.3701   0.2733   0.2271
  2212   0.3703   0.2734   0.2272
  2213   0.3705   0.2736   0.2274
  2214   0.3707   0.2737   0.2275
  2215   0.3709   0.2739   0.2276
  2216   0.3711   0.2741   0.2277
  2217   0.3713   0.2742   0.2279
  2218   0.3715   0.2744   0.2280
  2219   0.3718   0.2746   0.2282
  2220   0.3720   0.2747   0.2283
  2221   0.3722   0.2749   0.2284
  2222   0.3724   0.2751   0.2286
  2223   0.3727   0.2752   0.2287
  2224   0.3729   0.2754   0.2288
  2225   0.3731   0.2755   0.2289
  2226   0.3733   0.2757   0.2290
  2227   0.3735   0.2758   0.2291
  2228   0.3737   0.2760   0.2292
  2229   0.3738   0.2761   0.2293
  2230   0.3740   0.2762   0.2294
  2231   0.3742   0.2763   0.2295
  2232   0.3743   0.2764   0.2295
  2233   0.3744   0.2765   0.2296
  2234   0.3746   0.2766   0.2296
  2235   0.3747   0.2766   0.2297
  2236   0.3748   0.2767   0.2297
  2237   0.3749   0.2767   0.2297
  2238   0.3749   0.2768   0.2297
  2239   0.3750   0.2768   0.2296
  2240   0.3750   0.2768   0.2296
  2241   0.3750   0.2767   0.2295
  2242   0.3750   0.2767   0.2295
  2243   0.3750   0.2766   0.2294
  2244   0.3750   0.2766   0.2293
  2245   0.3750   0.2765   0.2292
  2246   0.3749   0.2765   0.2291
  2247   0.3749   0.2764   0.2290
  2248   0.3749   0.2764   0.2289
  2249   0.3750   0.2763   0.2288
  2250   0.3750   0.2763   0.2288
  2251   0.3751   0.2763   0.2287
  2252   0.3752   0.2764   0.2287
  2253   0.3753   0.2764   0.2287
  2254   0.3754   0.2764   0.2287
  2255   0.3755   0.2765   0.2286
  2256   0.3756   0.2765   0.2286
  2257   0.3757   0.2766   0.2286
  2258   0.3758   0.2766   0.2286
  2259   0.3759   0.2766   0.2285
  2260   0.3760   0.2766   0.2285
  2261   0.3761   0.2766   0.2284
  2262   0.3761   0.2765   0.2283
  2263   0.3761   0.2765   0.2282
  2264   0.3761   0.2764   0.2280
  2265   0.3761   0.2763   0.2279
  2266   0.3761   0.2763   0.2277
  2267   0.3760   0.2762   0.2276
  2268   0.3760   0.2761   0.2274
  2269   0.3760   0.2760   0.2273
  2270   0.3760   0.2759   0.2271
  2271   0.3760   0.2758   0.2270
  2272   0.3760   0.2758   0.2269
  2273   0.3760   0.2757   0.2267
  2274   0.3760   0.2756   0.2266
  2275   0.3761   0.2756   0.2264
  2276   0.3761   0.2755   0.2263
  2277   0.3761   0.2754   0.2262
  2278   0.3761   0.2753   0.2260
  2279   0.3760   0.2752   0.2258
  2280   0.3760   0.2751   0.2256
  2281   0.3759   0.2750   0.2254
  2282   0.3759   0.2749   0.2252
  2283   0.3758   0.2747   0.2250
  2284   0.3757   0.2745   0.2247
  2285   0.3756   0.2744   0.2245
  2286   0.3755   0.2742   0.2242
  2287   0.3754   0.2740   0.2240
  2288   0.3752   0.2738   0.2237
  2289   0.3751   0.2736   0.2234
  2290   0.3750   0.2734   0.2232
  2291   0.3749   0.2732   0.2229
  2292   0.3748   0.2730   0.2226
  2293   0.3747   0.2728   0.2224
  2294   0.3746   0.2726   0.2221
  2295   0.3745   0.2725   0.2218
  2296   0.3744   0.2723   0.2216
  2297   0.3743   0.2721   0.2213
  2298   0.3742   0.2719   0.2210
  2299   0.3741   0.2717   0.2208
  2300   0.3740   0.2715   0.2205
  2301   0.3739   0.2714   0.2202
  2302   0.3738   0.2712   0.2200
  2303   0.3737   0.2710   0.2197
  2304   0.3737   0.2708   0.2194
  2305   0.3736   0.2706   0.2191
  2306   0.3735   0.2704   0.2189
  2307   0.3734   0.2702   0.2186
  2308   0.3733   0.2700   0.2183
  2309   0.3731   0.2698   0.2180
  2310   0.3730   0.2696   0.2176
  2311   0.3729   0.2693   0.2173
  2312   0.3727   0.2691   0.2170
  2313   0.3725   0.2688   0.2166
  2314   0.3723   0.2686   0.2163
  2315   0.3721   0.2683   0.2159
  2316   0.3719   0.2680   0.2155
  2317   0.3717   0.2677   0.2152
  2318   0.3715   0.2674   0.2148
  2319   0.3713   0.2670   0.2144
  2320   0.3710   0.2667   0.2139
  2321   0.3707   0.2664   0.2135
  2322   0.3705   0.2660   0.2131
  2323   0.3702   0.2657   0.2126
  2324   0.3699   0.2653   0.2122
  2325   0.3696   0.2649   0.2117
  2326   0.3693   0.2645   0.2112
  2327   0.3690   0.2641   0.2108
  2328   0.3687   0.2637   0.2103
  2329   0.3683   0.2633   0.2098
  2330   0.3680   0.2629   0.2093
  2331   0.3677   0.2625   0.2088
  2332   0.3673   0.2620   0.2083
  2333   0.3670   0.2616   0.2077
  2334   0.3667   0.2612   0.2072
  2335   0.3663   0.2608   0.2067
  2336   0.3660   0.2604   0.2062
  2337   0.3657   0.2600   0.2058
  2338   0.3655   0.2596   0.2053
  2339   0.3652   0.2592   0.2048
  2340   0.3650   0.2589   0.2044
  2341   0.3648   0.2586   0.2040
  2342   0.3646   0.2583   0.2036
  2343   0.3645   0.2581   0.2033
  2344   0.3644   0.2578   0.2029
  2345   0.3643   0.2576   0.2026
  2346   0.3642   0.2574   0.2023
  2347   0.3641   0.2572   0.2019
  2348   0.3641   0.2570   0.2016
  2349   0.3640   0.2568   0.2013
  2350   0.3640   0.2566   0.2010
  2351   0.3640   0.2564   0.2007
  2352   0.3640   0.2562   0.2003
  2353   0.3639   0.2559   0.2000
  2354   0.3639   0.2557   0.1996
  2355   0.3639   0.2555   0.1993
  2356   0.3639   0.2553   0.1989
  2357   0.3640   0.2551   0.1986
  2358   0.3640   0.2549   0.1982
  2359   0.3640   0.2547   0.1979
  2360   0.3640   0.2545   0.1976
  2361   0.3640   0.2544   0.1972
  2362   0.3640   0.2542   0.1969
  2363   0.3641   0.2540   0.1966
  2364   0.3641   0.2538   0.1962
  2365   0.3641   0.2536   0.1959
  2366   0.3641   0.2534   0.1956
  2367   0.3641   0.2532   0.1952
  2368   0.3641   0.2530   0.1948
  2369   0.3640   0.2527   0.1945
  2370   0.3640   0.2525   0.1941
  2371   0.3639   0.2522   0.1937
  2372   0.3639   0.2519   0.1932
  2373   0.3638   0.2516   0.1928
  2374   0.3637   0.2513   0.1924
  2375   0.3636   0.2510   0.1919
  2376   0.3634   0.2507   0.1914
  2377   0.3633   0.2504   0.1910
  2378   0.3632   0.2500   0.1905
  2379   0.3631   0.2497   0.1901
  2380   0.3630   0.2494   0.1896
  2381   0.3629   0.2491   0.1892
  2382   0.3628   0.2488   0.1888
  2383   0.3627   0.2486   0.1883
  2384   0.3627   0.2483   0.1879
  2385   0.3626   0.2480   0.1875
  2386   0.3625   0.2477   0.1871
  2387   0.3624   0.2474   0.1867
  2388   0.3623   0.2471   0.1863
  2389   0.3621   0.2468   0.1858
  2390   0.3620   0.2465   0.1854
  2391   0.3618   0.2462   0.1850
  2392   0.3617   0.2458   0.1845
  2393   0.3614   0.2454   0.1840
  2394   0.3612   0.2450   0.1835
  2395   0.3609   0.2446   0.1830
  2396   0.3606   0.2441   0.1824
  2397   0.3603   0.2437   0.1818
  2398   0.3599   0.2431   0.1812
  2399   0.3595   0.2426   0.1806
  2400   0.3590   0.2420   0.1799
