  -3.5131325e+00
  -2.3107450e+01
  -8.1214652e+00
  -4.4514935e+00
  -7.4714498e+01
  -2.3743519e+00
   2.5173122e+01
   5.1080547e+00
   2.8493928e+00
  -4.0810761e+01
  -8.2950983e+01
  -1.6813575e+01
  -2.4552936e+01
  -1.7463314e+01
  -7.8424133e+00
   4.7838289e+00
   1.4026440e+01
   2.1868524e+01
   1.1609870e+01
   1.3147094e+01
   5.7374308e+00
   7.6580093e+01
   2.2041015e+01
   1.5231433e+01
   1.3487412e+02
   1.2722113e+02
   4.0746557e+01
   4.2989491e+01
   2.4532394e+02
   1.5042844e+02
   6.9361997e+01
  -1.1266814e+01
   6.6747970e+00
   1.1844682e+01
   2.9190040e+01
   4.5076054e+01
   3.9430820e+00
  -1.0540517e+01
  -6.8626842e+00
  -8.3877878e+00
  -1.9678102e+01
  -1.3464317e+01
  -1.6346571e+01
  -8.6040211e+00
  -6.6308653e+00
  -2.2846261e+01
  -2.4569064e+01
  -1.1536132e+01
  -5.0114684e+01
  -9.7764164e+01
             NaN
  -2.3376515e+00
  -6.7348027e+00
  -1.9028591e+01
  -5.4717711e+00
  -2.1999916e+01
  -1.7297217e+01
  -8.1727564e+00
  -9.9152863e+00
  -2.1081034e+01
  -8.2886598e+00
  -6.0306418e+00
  -8.9013968e+00
  -3.4692532e+00
   1.2843326e+01
   7.9800743e+00
   4.3157607e+01
   1.0076963e+02
   1.1123097e+02
   8.8394980e+01
   1.3789964e+02
   1.5506541e+02
   8.3883386e+01
   9.2428294e+01
   1.0241960e+02
   7.5389725e+01
             NaN
   1.2805985e+02
   9.1977352e+01
   4.7086202e+01
   7.2133168e+01
   3.5203418e+01
   1.8806165e+01
  -2.3828994e+00
             NaN
             NaN
             NaN
             NaN
             NaN
             NaN
             NaN
             NaN
             NaN
             NaN
             NaN
             NaN
  -1.0291928e+00
  -3.7576462e+00
   1.4148634e-01
             NaN
   3.2090936e+01
             NaN
  -2.6708733e+00
  -1.2652516e+01
  -5.2405739e+00
             NaN
             NaN
             NaN
             NaN
             NaN
             NaN
             NaN
             NaN
   1.6642924e+01
   3.3751560e+01
   4.2629224e+01
   1.2814275e+02
   7.4430094e+01
   2.6678719e+01
   1.8400594e+01
   1.7481448e+02
   1.1033363e+02
   9.1747954e+01
   1.0292358e+02
  -1.5629995e+01
   1.3135801e+01
   4.7009426e+01
   5.9720895e+01
   3.6404037e+02
   3.6134057e+01
   5.8525369e+01
   4.7117121e+01
  -1.6664148e+01
  -9.0468857e+00
  -6.2845494e+00
  -1.2374370e+01
  -5.7041728e+00
             NaN
             NaN
             NaN
             NaN
             NaN
             NaN
             NaN
             NaN
             NaN
  -5.9079669e+00
  -6.0589360e+00
  -5.8792878e+00
  -3.1628167e+01
  -2.8309617e+01
  -3.4627690e+01
  -3.4303197e+01
  -4.9404863e+01
  -2.5329164e+01
  -1.2438252e+01
  -1.9527940e+01
  -1.9272247e+01
  -9.4786123e+00
  -7.5670686e+00
  -6.0108919e-01
  -4.0381665e+00
   1.5162650e+01
   2.5804855e+01
   7.5620761e+01
   9.3350105e+01
   1.3006261e+02
   9.7149802e+01
   8.6163875e+01
   7.1816625e+01
   6.8656309e+01
   4.5502501e+01
   8.1429523e+01
   3.6132928e+01
   8.6505843e+01
   3.6492967e+01
   1.3903336e+01
   2.8600548e+01
   4.3396580e+00
  -1.1910855e+01
             NaN
             NaN
             NaN
             NaN
  -1.9231409e+01
  -9.9049776e+00
             NaN
   2.2330561e+01
   8.0482901e+00
   2.5134667e+01
             NaN
             NaN
             NaN
             NaN
             NaN
             NaN
             NaN
             NaN
  -2.9547004e+01
  -3.6297817e+01
  -6.6840253e+00
  -4.5196713e+01
  -9.8459181e+00
  -2.4121950e+01
  -1.7381532e+01
             NaN
             NaN
  -9.2590932e+00
  -2.0093151e+00
   3.4778904e+01
   2.4569849e+01
   4.2115684e+01
   6.7231070e+01
   8.6066060e+01
   1.3877792e+02
   2.0774611e+02
  -1.7925243e+01
   1.8621297e+01
   2.7066686e+01
   1.6977685e+01
  -1.4359265e+01
   3.1469614e+01
   1.4897900e+01
   4.4878537e+01
   6.3082086e-01
   7.2807892e+00
  -1.8899509e+01
  -3.2782067e+01
  -4.9848523e+00
  -2.3806291e+00
  -2.1456299e+01
  -7.1862759e+00
  -5.3717449e+00
  -2.5738290e+01
  -1.5623190e+01
  -1.6113675e+01
  -2.6455220e+01
  -3.2523386e+01
  -3.5134340e+01
  -5.8508252e+01
  -5.2611851e+01
  -4.1402126e+01
  -3.3800675e+01
  -2.3039270e+01
  -3.6224477e+01
  -2.0684507e+01
  -2.6120961e+01
   9.0250156e-01
  -1.5831922e+01
  -2.6911537e+01
  -3.1889331e+01
  -4.9033186e+01
  -4.1872653e+01
  -1.9677662e+01
  -3.0673772e+01
  -6.2439689e+00
   1.1585265e+00
   7.3612413e-01
   3.2850595e+00
   3.6072088e+01
   6.8462317e+01
   2.4688321e+01
   1.7282837e+01
   3.4140932e+01
   1.3903002e+01
   9.0241718e+01
   1.2771605e+01
   8.0433587e+01
   5.8928879e+01
  -2.0602989e+01
   9.6867876e+00
  -1.0533232e+01
   7.5048191e+01
  -7.0446691e+00
  -2.1873746e+01
  -1.4954205e+01
  -1.8183507e+01
  -1.1703402e+01
  -2.1926146e+00
             NaN
             NaN
  -4.7975662e+00
  -5.1883306e+00
             NaN
             NaN
             NaN
             NaN
             NaN
             NaN
             NaN
             NaN
             NaN
             NaN
  -4.7235292e+00
             NaN
             NaN
  -7.3419185e+00
  -8.2239170e+00
  -4.3806273e+00
  -4.1902836e+00
  -3.8002591e+00
             NaN
  -2.7426506e+00
   2.1969437e+00
   4.9808677e+00
   3.5506105e+01
   4.0872715e+01
   8.0839646e+01
   8.4125952e+01
   1.3755449e+02
   1.5689860e+02
   1.6469501e+02
   9.6196202e+01
   6.0806700e+01
   3.3374402e+01
   4.0474718e+01
   4.0266671e+01
  -3.6957618e+01
  -1.4125906e+01
  -1.6638887e+01
   7.4612694e+00
  -2.9065195e+00
  -7.3509184e+00
  -7.5454118e+00
   1.4208168e+00
             NaN
             NaN
             NaN
             NaN
             NaN
             NaN
             NaN
             NaN
  -2.2155552e+01
  -2.5343157e+01
  -2.0313255e+01
  -8.6531049e+00
  -1.3093128e+01
  -2.2553674e+01
  -1.9870855e+01
  -4.2776629e+00
  -4.9377300e+00
  -4.5026635e+00
             NaN
             NaN
             NaN
  -4.4003672e+00
             NaN
  -2.0902488e+00
             NaN
   3.0529201e+00
   6.3323159e+00
   4.0923184e+01
   5.1962586e+01
   6.1507207e+01
   7.6458447e+01
   1.6492934e+02
   1.8042638e+02
   1.3545371e+02
   1.6438548e+02
   4.9130339e+01
   6.6550717e+01
   1.1952825e+02
   4.9651637e+01
   8.2006554e+01
   6.4472774e+01
   3.1335618e+01
   7.2296714e+00
   1.6992183e+01
   4.8300387e+01
   4.6801112e+01
   2.3351848e+01
  -7.0606397e+00
             NaN
             NaN
             NaN
             NaN
             NaN
             NaN
             NaN
             NaN
             NaN
             NaN
             NaN
  -1.3743079e+01
  -3.0783118e-01
  -1.2936533e+01
  -3.2770356e+01
  -6.4229119e+01
  -2.8555802e+01
  -2.5265541e+01
  -2.4249068e+01
  -2.3876792e+01
  -2.5033571e+01
  -2.1099624e+01
  -1.8549804e+01
  -1.7069237e+01
  -2.0471855e+01
   4.0506821e+00
   2.8219297e+01
   4.5328028e+01
   5.4913630e+01
   7.6510917e+01
   8.9802324e+01
   8.3148889e+01
   1.0268465e+02
   1.2955146e+02
   1.0454855e+02
   3.4839852e+01
   3.9902297e+01
   8.3041626e+01
   5.6985358e+01
   3.8023060e+01
   1.0690246e+02
   6.3247442e+01
   4.3545699e+01
   1.0949815e+01
  -4.3563989e+01
  -3.5451881e+01
  -3.1323220e+01
  -3.7483897e+01
  -2.6456829e+01
  -3.2470690e+01
  -1.9556301e+01
  -1.3637898e+01
  -2.6090932e+01
  -3.1131403e+01
  -2.2736923e+01
  -2.9608836e+01
  -2.9708426e+01
  -1.7842848e+01
  -1.2653243e+01
  -1.6533460e+01
  -1.9856434e+01
  -1.8587849e+01
  -1.0488827e+01
  -1.0416354e+01
  -1.5503221e+01
  -2.2710530e+01
  -2.1233853e+01
  -1.5442693e+01
  -2.5306252e+01
  -2.2635692e+01
  -1.5178936e+01
  -9.6284952e+00
  -5.4174056e+00
   7.7177696e+00
   1.8331981e+01
   4.1917579e+01
   8.6325550e+01
   1.2219432e+02
   9.9363862e+01
   9.9431976e+01
   1.4528626e+02
   1.9101719e+02
   1.8080513e+02
   1.1079712e+02
   1.1145897e+02
   1.1204855e+02
   7.7631479e+01
   1.4315652e+02
   2.0303039e+02
   6.8527759e+01
   1.5301594e+01
             NaN
  -8.2514599e+00
   4.8314521e+00
  -8.3993892e+00
   2.1044678e+00
  -5.5291025e+01
  -3.7701072e+01
  -2.8717286e+01
  -3.5552738e+01
  -3.8313848e+01
  -1.8110298e+01
  -2.1195788e+01
  -1.4316926e+01
  -2.4361780e+00
  -8.7226483e+00
  -4.4050648e+00
  -2.9742318e+00
             NaN
  -3.7590439e+00
  -5.4004528e+00
  -7.2368038e+00
  -3.4870787e+00
  -7.3358705e+00
  -9.1432447e+00
  -2.5320884e+01
  -1.0688908e+01
  -1.9917788e+00
  -5.2271620e+00
  -7.6621697e+00
  -1.3003105e+01
  -4.8100337e+00
   9.3095385e+00
   6.2418550e+00
   1.2138925e+02
   4.4863334e+01
   1.0922935e+02
   1.2773646e+02
   1.4278321e+02
   1.5730813e+02
   7.2780115e+01
   2.0046124e+02
   1.7148656e+02
   1.1757462e+02
   9.1668903e+01
   2.3757262e+02
   5.1880939e+01
   1.1918960e+02
   8.4709721e+01
   4.6375481e+01
   3.1271202e+01
   6.4566128e+01
  -1.3765891e+01
  -1.4371725e+02
  -6.8778150e+01
  -4.8112837e+00
             NaN
             NaN
             NaN
             NaN
   7.6305085e+00
             NaN
             NaN
             NaN
             NaN
  -7.6920751e+00
             NaN
             NaN
  -2.9899401e+00
             NaN
             NaN
             NaN
             NaN
             NaN
             NaN
             NaN
  -7.8199304e+00
             NaN
             NaN
  -9.1336757e+00
   2.5873452e+00
   1.8747563e+01
   2.1786563e+01
   3.4740227e+01
   7.7575116e+01
   9.6277488e+01
   1.2392034e+02
   1.5230029e+02
   1.0466180e+02
   1.7083038e+02
   1.0001470e+02
   1.4371242e+02
   1.4109181e+00
   7.6315337e+01
   9.4960055e+01
   6.7255274e+01
   2.0489358e+01
  -1.6284566e+01
   1.7391434e+01
   4.4001042e+01
             NaN
             NaN
             NaN
             NaN
             NaN
             NaN
             NaN
             NaN
             NaN
             NaN
             NaN
             NaN
             NaN
  -2.1973561e+01
  -5.1639848e+00
  -2.1689176e+00
             NaN
  -4.5013384e+00
  -4.4429036e+01
  -6.8719825e+00
  -1.6267169e+01
  -2.9214595e+00
  -9.0551181e+00
  -1.8550481e+01
  -2.8618226e+01
  -2.1779096e+01
  -8.1747375e+00
   7.1146968e-01
   6.3973660e+00
   2.2098922e+01
   1.9953783e+01
   1.0518482e+02
   1.1075280e+02
   1.4545481e+02
   9.1930127e+01
   4.0772622e+01
   5.4543794e+01
   9.2874418e+01
   1.4475814e+02
   3.1367675e+01
   1.1979925e+02
   3.1199036e+01
   8.5861241e+01
   9.1803377e+01
   2.0118865e+01
  -3.5638703e+01
  -1.3825622e+01
  -6.4097975e+00
  -4.1994842e+01
   1.9516583e+01
  -1.0901271e+01
  -9.8526562e+00
  -1.2619646e+00
             NaN
  -2.3928266e+01
  -2.7154131e+01
  -3.3679032e+01
  -2.7534843e+01
  -2.6581673e+01
  -3.2077808e+01
  -3.2747748e+01
  -3.8472871e+01
  -3.0496295e+01
  -3.4473044e+01
  -3.0647143e+01
  -3.3897637e+01
  -6.2221227e+01
  -4.0989387e+01
  -4.0410129e+01
  -3.6171240e+01
  -4.2094435e+01
  -3.7920093e+01
  -3.4318092e+01
  -3.0625435e+01
  -3.9414825e+01
  -3.4910453e+01
  -2.4739863e+01
  -1.6947886e+01
   1.2152755e+01
   1.3069809e+01
   1.5373028e+01
   9.6347964e+00
   4.0395607e+00
   4.9289335e+00
   5.6657101e+01
   4.2372728e+01
   4.4524230e+01
   9.3821063e+01
   1.6310127e+02
   7.2424200e+01
   1.2348101e+02
   5.7678259e+01
   1.4813717e+01
  -1.0006183e+01
   6.1097483e+00
  -3.9628390e+00
  -1.0972793e+01
  -1.5968855e+01
  -1.3684364e+01
  -1.1741176e+01
  -3.8334375e+00
  -1.0788176e+01
  -4.6999066e+00
  -2.5828916e+01
  -1.8037863e+01
  -1.4335525e+01
  -2.5000624e+01
  -2.1420842e+01
  -3.0181212e+01
  -1.7565836e+01
  -2.2246890e+01
  -3.5389890e+01
  -3.6586266e+01
  -1.1932709e+01
  -1.4606460e+01
  -5.2895575e+00
  -7.0474767e+00
  -3.7374627e+00
  -2.4919802e+01
  -1.4274246e+01
  -1.8752236e+01
  -1.8943409e+01
  -1.1981229e+01
  -1.3524925e+01
  -2.1699928e+01
  -2.2462813e+01
  -1.1475827e+01
   1.5222811e+01
   7.5849886e+00
   4.9901401e+01
   1.1716907e+02
   1.2958170e+02
   1.8281211e+02
   1.6977176e+02
   1.6892614e+02
   6.9129128e+01
   1.7069043e+02
   3.4966399e+01
   2.9614793e+01
  -1.1027307e+01
  -1.5022516e+01
  -9.0226222e+00
  -1.3296684e+01
  -3.0374719e+00
  -5.8631201e+00
  -5.4867648e+00
  -7.7344601e+00
  -4.9062443e+00
             NaN
             NaN
             NaN
             NaN
             NaN
             NaN
             NaN
  -6.5290288e+00
  -1.7727381e+01
  -2.0387656e+01
             NaN
  -4.1378932e+00
             NaN
  -1.1869830e+01
  -3.7710694e+01
  -1.4754000e+01
  -1.1326483e+01
  -6.2787537e+00
  -2.3899200e+01
  -3.2310451e+01
  -1.2207051e+01
  -3.6463011e+01
  -3.9870196e+01
  -9.7423132e+00
   1.1222189e+01
   2.5515176e+01
   1.1416022e+01
   2.4607738e+01
  -2.6631320e+00
  -5.1210164e+00
  -2.6918367e+00
             NaN
   8.9100245e-02
   3.4531486e+01
   1.5465253e+00
   1.1385198e+01
  -1.1264109e+01
  -9.0880081e+00
  -3.4508966e+00
  -6.2074478e+00
  -1.2347697e+01
  -1.8863838e+01
  -1.2246046e+01
  -4.6560077e+00
  -4.7768633e+00
   1.4462884e+01
  -1.2188526e+01
  -1.0137161e+01
  -2.2042524e+00
             NaN
             NaN
  -1.4907301e+01
  -1.9614023e+00
  -3.4500501e+01
  -1.1793398e+01
  -8.1225592e+00
  -8.8076098e+00
  -1.7469569e+01
  -1.5741109e+01
  -5.1140833e+00
  -1.2388781e+01
  -1.8580713e+01
  -2.7420703e+01
  -2.7298355e+01
  -1.9628657e+01
  -1.6549475e+01
  -1.3957586e+01
  -1.2468347e+01
  -1.3356419e+01
  -2.0186099e+01
  -1.8394611e+01
  -1.3244428e+01
  -1.8637529e+01
  -1.5770962e+01
  -2.4931496e+00
  -5.6072137e+00
  -3.3692226e+00
  -4.1361918e+00
   9.9220598e+00
   7.9664724e+00
  -1.8733784e+01
  -1.3753687e+01
   1.5439612e+00
   2.1882644e+00
   6.9939010e+00
   2.1695538e+01
   7.4012424e+00
   2.2500925e+01
  -3.6440977e+01
  -4.4213622e+00
   1.8010526e+01
  -3.0352173e+01
   7.5459584e+01
  -1.6130309e+01
   5.8972124e+01
  -1.1892763e+02
   1.8419148e+01
             NaN
  -6.5301613e+01
   6.0442267e+01
   3.8367799e+01
  -6.0904295e+01
  -7.5231301e+01
  -1.1113119e+01
   4.2070624e+01
   2.2135780e+01
  -5.5859074e+01
  -1.3481988e+01
   4.3390073e+01
             NaN
             NaN
             NaN
   3.3554026e+01
  -6.8726288e+00
             NaN
             NaN
             NaN
             NaN
  -6.3361124e+00
  -2.6556312e+01
  -2.1021164e+00
  -4.5162383e+00
   7.1688170e+01
   2.7749590e+01
   5.4094611e+01
   7.1362046e+01
   1.0956339e+02
   9.0096385e+01
   2.0341056e+02
   1.2188627e+02
   8.9072311e+01
   1.2886616e+02
   1.6223592e+02
   2.3981298e+02
   1.3401610e+02
   5.0479122e+01
   2.2813702e+01
   3.4859059e+01
   3.0113931e+01
   5.5761939e+01
   3.0353760e+01
   2.5475556e+00
  -1.3382293e+01
  -5.8190309e+00
  -5.5480277e+00
  -5.8341393e+00
  -7.5330669e+00
  -1.0164014e+01
  -1.4479074e+01
  -9.3458180e+00
  -1.3800299e+01
  -8.2900743e+00
  -1.1847549e+01
  -5.9111135e+00
  -6.9141964e+00
  -8.0333367e+00
   2.3763944e-01
  -3.2448588e-01
  -3.1486268e+00
  -3.8388998e+00
   2.7710011e+00
  -1.3718008e+01
   1.7032709e+01
             NaN
             NaN
             NaN
  -6.1325654e+00
  -1.8839620e+01
   1.0259365e+02
   6.6762010e+01
             NaN
   4.3406256e-01
  -9.2973280e+00
  -1.1443332e+02
             NaN
   5.2393785e+01
   4.4172274e+01
   7.5839124e+01
   4.9564277e+01
   1.8802088e+01
   9.8926809e+01
   2.7426901e+01
  -6.1811988e+00
  -1.1446878e+00
   1.5501579e+01
   3.3902533e+01
   1.2399120e+01
             NaN
   1.4199586e+00
  -3.2672644e+00
  -6.3968688e-01
             NaN
             NaN
             NaN
             NaN
             NaN
             NaN
             NaN
             NaN
             NaN
             NaN
             NaN
             NaN
             NaN
             NaN
             NaN
             NaN
   2.3666505e+00
             NaN
             NaN
             NaN
             NaN
   2.1074252e+00
             NaN
   1.6163449e+01
             NaN
   2.4994416e-01
             NaN
   3.6854559e+01
             NaN
             NaN
             NaN
   9.2097995e+01
   4.8547192e+01
   7.5124801e+01
   7.1834718e+01
   1.1959326e+02
   6.3102720e+01
   1.8513222e+01
             NaN
   8.6745323e+01
   2.2254072e+02
   1.0240094e+02
   1.3428245e+02
  -8.4786936e+00
   3.2373616e+00
  -4.9852203e+00
  -3.2109572e+00
             NaN
             NaN
             NaN
             NaN
             NaN
  -1.5483110e+01
             NaN
             NaN
  -5.2531384e+00
  -9.9850689e-01
  -7.5878698e+00
  -5.8924786e+00
  -2.1486463e+00
  -8.0392054e+00
             NaN
             NaN
             NaN
             NaN
             NaN
             NaN
             NaN
             NaN
  -6.3057781e-01
  -1.6070114e+00
  -4.0226148e+00
  -4.2363332e-01
  -4.5906547e+00
  -2.8808469e+00
   1.0919347e+01
   5.7783792e+01
             NaN
   3.0486310e+02
   1.1302423e+02
   1.8668144e+02
   2.0906680e+02
   5.6689648e+01
  -5.2301181e+01
   6.6632573e+00
   1.7744834e+01
  -1.6281413e+01
   5.4149373e+00
             NaN
             NaN
             NaN
   6.4165342e+01
  -8.4959938e+00
   3.4088378e+00
  -9.7116875e-01
  -6.1359848e+00
  -5.4266259e+00
  -3.6389720e+00
  -8.3764294e+00
             NaN
  -1.5528376e+01
  -2.2619833e+01
  -1.7272269e+01
  -1.5143750e+01
  -1.2902919e+01
  -7.4098983e+00
  -9.3988532e+00
  -9.6717622e+00
  -1.2151889e+01
  -1.7971678e+01
  -1.6977309e+01
  -1.1952191e+01
  -6.9541297e+00
  -4.9172119e+00
  -9.9318578e+00
  -2.2185157e+01
  -2.3308582e+01
  -2.1406903e+01
  -7.5256674e+00
  -1.2775448e+01
  -2.8945278e+01
  -5.3645312e+00
   2.6768365e+00
   3.6195268e+01
   4.9156036e+01
   9.2418341e+01
   1.4371398e+02
   1.5461444e+02
   1.5029714e+02
   1.2229398e+02
   1.2666024e+02
   1.1357760e+02
             NaN
   1.1545910e+02
   1.6953740e+02
   8.8092252e+01
   1.6408673e+02
   2.8874270e+01
   5.0740667e+01
  -3.0765305e+01
   2.4039230e+01
  -9.8410128e+00
  -1.0060392e+01
             NaN
             NaN
  -5.9228677e+00
             NaN
  -4.9224781e+00
  -3.0591926e+01
  -1.9062461e+01
  -2.4896621e+01
  -1.5076366e+01
   1.2585874e+01
  -1.0376578e+01
  -2.1419756e+01
  -1.4776659e+01
  -3.1931542e+01
  -6.2947034e+01
  -7.0079697e+01
  -4.9832899e+01
  -3.6997907e+01
  -1.1738096e+01
  -3.4253134e+01
  -3.8510916e+01
  -3.9267001e+01
  -2.5026837e+01
  -2.7908333e+01
  -1.6473322e+01
  -2.2457691e+01
  -2.4413395e+00
   1.4382622e+01
   5.8148894e+01
   9.3250059e+00
   1.3129113e+01
   2.0557454e+01
   3.0819861e+01
   3.8852886e+01
   2.8158179e+01
   1.0258669e+02
   7.9468569e+01
   1.6607776e+02
   4.6463907e+00
  -4.1919320e+01
   7.3420751e+01
   3.4036672e+01
  -1.8562343e+01
  -1.3457258e+01
  -1.0210621e+01
  -5.9804224e+00
  -1.2015801e+01
  -2.0864394e+01
  -2.4633614e+01
  -2.5108225e+01
  -2.4964667e+01
  -2.7691240e+01
  -6.4041102e+00
   2.2759558e+00
   1.3047644e+01
  -7.7894791e+00
  -1.1743088e+01
  -1.1588292e+01
  -1.2969084e+01
  -1.7500861e+01
  -1.2151674e+01
  -1.0873763e+01
  -1.8306560e+01
  -1.4574257e+01
  -1.3299494e+01
  -1.6309420e+01
  -1.7322622e+01
  -2.3334549e+01
  -2.7806810e+01
  -1.9395962e+01
  -1.9882048e+01
  -2.2109033e+01
  -1.5896586e+01
  -5.1276504e+00
   1.8474347e+01
   3.1967620e+01
   5.5685148e+01
   6.4683865e+01
   1.1032151e+02
   8.7741917e+01
   7.2897108e+01
   1.0498268e+02
   9.6791368e+01
   1.0760591e+02
   7.5121420e+01
   6.2022739e+01
   8.4501045e+01
   8.9136251e+01
   1.3170393e+02
   3.7800299e+01
   3.8921849e+01
   4.0003506e+01
  -2.5010630e+00
  -1.8398449e+01
  -2.3846329e+01
  -2.1093501e+01
  -1.0108614e+01
             NaN
  -8.3037129e+00
  -5.9084895e+00
  -2.6027026e+01
  -1.2556907e+01
  -2.0086832e+01
  -2.2945247e+01
  -2.1304732e+01
  -2.2789784e+01
  -3.3969582e+01
  -2.1994428e+01
  -6.7612907e+00
  -5.9481514e+00
             NaN
  -1.0587512e+01
  -1.1273153e+01
  -7.7247058e+00
  -1.0565095e+01
  -4.9779781e+01
  -2.3629101e+01
  -1.6700764e+01
             NaN
             NaN
  -9.2622680e+00
  -1.1351675e+01
   9.2354331e+00
   2.5042677e+01
   4.3743699e+01
   7.3610220e+01
   9.7730156e+01
   6.4363442e+01
   9.4743464e+01
   6.7325681e+01
   1.2220271e+02
   1.0973236e+02
   1.3791114e+01
   8.8914944e+01
   1.0785215e+02
   5.6219277e+01
   2.8926958e+01
   6.8652000e+01
   3.1389438e+01
   1.2961531e+01
   4.2593225e+00
   2.1419909e+00
  -3.3419929e+01
  -2.3602723e+01
  -9.9629924e+00
  -5.9229798e+00
             NaN
  -2.6356532e+01
             NaN
             NaN
  -1.0863783e+01
             NaN
             NaN
             NaN
             NaN
  -2.4473379e+01
  -2.8591628e+01
             NaN
  -1.7195930e+01
             NaN
             NaN
             NaN
             NaN
             NaN
             NaN
             NaN
             NaN
             NaN
             NaN
             NaN
   5.8562964e+00
   8.6599293e+00
   2.8400445e+01
   7.5801444e+01
   1.0177164e+02
   1.7546148e+02
   1.6137863e+02
   1.5976769e+02
   1.9912833e+02
   1.9632261e+02
   2.5919553e+02
             NaN
             NaN
   9.9707778e+01
   1.3968751e+02
   6.3081229e+01
   8.6234927e+01
   6.1273596e+01
   1.1447806e+01
  -1.4616973e+00
  -8.9095225e+00
             NaN
             NaN
             NaN
  -3.7332301e+00
  -2.9310738e+01
             NaN
             NaN
  -7.2929377e+00
  -1.3107340e+01
  -1.5042547e+01
  -1.9745165e+01
  -3.2486552e+01
  -7.3286452e+01
  -7.5417655e+01
  -7.0201676e+01
  -6.4420418e+01
  -5.7720710e+01
  -7.1443071e+01
  -5.8218140e+01
  -5.8235423e+01
  -4.6584933e+01
  -5.4118904e+01
  -4.9993487e+01
  -4.8125995e+01
  -3.5066726e+01
  -5.5108223e+01
  -4.4747383e+01
  -2.3124384e+00
   1.5035802e+01
   3.3223721e+01
   8.5840895e+01
   3.9340995e+01
   3.3287785e+01
   1.1596102e+02
   1.0577341e+02
   1.4439364e+02
   1.1065051e+02
   4.8755888e+01
   9.6870349e+01
   5.4771898e+01
   1.2964813e+02
   2.7493039e+01
   3.3032833e+01
   1.2322433e+01
  -4.8065092e+00
  -8.2508091e+00
  -4.8176447e+00
             NaN
             NaN
             NaN
             NaN
  -5.2949386e+00
  -3.0848040e+00
  -2.6165242e+01
  -2.6634709e+01
  -2.1512411e+01
  -1.9634894e+01
  -3.2465732e+01
  -3.0992662e+01
  -3.6975217e+01
  -3.2756772e+01
  -4.1532544e+01
  -3.5550406e+01
  -3.2936823e+01
  -5.0100904e+01
  -4.3144696e+01
  -2.3740956e+01
  -2.9992497e+01
  -2.4353530e+01
  -1.2812435e+01
  -1.9824934e+01
  -2.9501943e+01
  -1.9088143e+01
  -6.0679589e+00
  -1.9238440e+01
  -1.6910475e+01
  -1.2690999e+01
  -9.4973329e+00
  -4.0152295e+00
  -2.5259477e+00
   1.4701774e+01
   1.6016220e+01
   6.5839730e+00
   1.5858806e+01
  -8.1956743e+00
  -1.4985552e+01
  -3.8399273e+00
  -1.3299125e+01
  -6.4529223e+00
  -3.2822029e+00
  -2.0840588e+00
  -4.6407899e+00
  -7.0091484e+00
  -7.5828343e+00
  -6.6601761e+00
  -1.1168290e+01
  -1.5361928e+01
  -1.4395834e+01
  -1.7143037e+01
  -2.7328017e+01
  -2.0211878e+01
  -1.6855461e+01
  -3.2730168e+01
  -3.4342912e+01
  -4.2067794e+01
  -3.8439869e+01
  -5.9021005e+01
  -3.8120744e+01
  -5.7672771e+01
  -3.6334864e+01
  -2.7802509e+01
  -2.0043128e+01
  -2.9549290e+01
  -2.5847536e+01
  -1.2246550e+01
  -2.2804902e+01
  -2.4214975e+01
  -3.8111529e+01
  -2.7281899e+01
  -4.5641548e+01
  -4.3310471e+01
  -3.9184730e+01
  -2.4061969e+01
  -6.1984095e+00
   2.5330866e+00
   4.2071725e+01
   4.7458443e+01
   7.0000058e+01
   6.4765718e+01
   3.8130500e+01
   1.2416498e+02
   6.2031484e+01
   9.2607709e+01
   8.9677153e+01
   1.6970423e+02
   5.3312340e+01
   7.8097142e+01
  -1.0250940e+01
   9.0132268e+01
   1.0249305e+02
   4.4041433e+01
   2.8320036e-01
   8.4939991e+00
  -1.5661491e+01
  -1.9965952e+01
  -2.7059871e+01
  -2.8016299e+01
  -1.4141465e+01
  -3.9175080e+01
  -1.4288068e+01
  -2.2040069e+01
  -1.4780352e+01
  -4.5632568e+00
  -1.0521355e+01
  -9.6864768e+00
  -9.0299971e+00
  -1.0694274e+01
  -1.3913173e+01
  -1.1246662e+01
  -3.8903849e+00
  -1.5357913e+00
  -1.1682478e+01
  -1.8431010e+01
  -3.0373422e+00
  -7.7935219e+00
  -7.1319616e+00
  -3.3361439e+00
  -5.2695468e+00
  -3.1567291e+00
  -5.3320256e-01
  -4.7603138e-01
   2.5254327e+01
   6.6506041e+01
   1.1081707e+02
   1.6631706e+02
   1.4813514e+02
   1.7202262e+02
             NaN
   8.6270496e+01
   9.7955234e+01
   1.4856263e+02
   9.6765148e+01
   1.3452410e+02
   2.3178931e+02
   1.1351276e+02
             NaN
   1.3897391e+02
   4.9119329e+01
   1.2074698e+01
   1.9796726e+01
   6.2088363e+01
  -4.2842611e+00
             NaN
             NaN
             NaN
             NaN
  -1.5897323e+01
  -1.4936839e+01
             NaN
  -6.5025391e+00
             NaN
  -1.7136312e+01
  -1.7343987e+01
  -1.6115839e+01
  -1.5756097e+01
  -1.4092388e+01
  -1.5832735e+01
  -9.8131256e+00
  -1.1871939e+00
  -6.1008754e+00
  -1.8067420e+01
  -1.6637113e+01
  -5.3299510e+00
  -8.6224746e+00
  -1.3573965e+01
  -1.3313444e+01
  -9.2075878e+00
  -1.3508077e+01
  -1.6114220e+01
   2.6217796e+01
   4.4493301e+01
   5.3174982e+01
   1.4339982e+02
   1.4728741e+02
   1.3123369e+02
   1.6333524e+02
   1.8787030e+02
   1.1946391e+02
   1.1467473e+02
   1.4144490e+02
   7.4551516e+01
   4.4451174e+01
   1.6104915e+02
   8.1706471e+01
   4.9312581e+01
   4.4632094e+01
  -2.4014419e+01
  -2.9249338e+01
  -3.2196497e+01
  -9.4479971e+00
  -1.3693515e+01
  -6.7684095e+00
  -1.6338527e+01
  -5.1708743e+00
  -2.3627083e+01
  -2.0504718e+01
  -1.2999912e+01
   1.7788158e-01
             NaN
             NaN
             NaN
             NaN
             NaN
             NaN
             NaN
             NaN
  -1.4634864e+01
  -9.5102337e+00
  -1.5104356e+01
  -3.3385813e+01
  -3.0191941e+01
  -1.7723903e+01
  -9.7089963e+00
  -6.3182010e+00
  -7.8739704e+00
  -2.5080483e+01
  -6.0880141e+00
   1.2709086e+01
   1.9260165e+01
   4.7071272e+01
   9.1662666e+01
   9.4957533e+01
   5.7273579e+01
   1.2243336e+02
   1.2297114e+02
   6.8686877e+01
   3.6293402e+01
   8.7952727e+01
   1.0037230e+02
   6.2370259e+01
   4.9735741e+01
  -2.9453113e+01
   5.7821578e+01
   6.5614282e+00
  -3.3055037e+01
  -4.2368491e+01
             NaN
             NaN
             NaN
             NaN
  -1.5545868e+01
             NaN
             NaN
   2.5286804e+01
  -4.1405842e+01
             NaN
             NaN
             NaN
  -2.8308881e+01
  -6.1704675e+00
  -2.9731507e+01
  -3.2914512e+01
  -7.4580457e+01
  -4.0930963e+01
  -2.1915886e+01
  -1.8644040e+01
  -3.1124181e+01
  -4.0037302e+01
  -4.7652997e+01
  -2.4859923e+01
  -1.4045629e+01
  -1.9891590e+01
  -2.1477231e+01
  -9.9706814e-01
   7.8046000e+00
   6.0261229e+00
   5.2536534e+01
   2.8217460e+01
   9.2286526e+01
   9.5731489e+01
   1.0317055e+02
   9.4712705e+01
   8.0140229e+01
   7.5340064e+01
   1.4574040e+02
   3.5085578e+01
   1.4800546e+02
   1.1088635e+02
   2.8092212e+01
  -2.8002367e+00
   7.0280637e+01
   1.4878704e+01
   3.2742236e+01
   2.4168511e+01
   3.3128146e+00
  -7.5021363e+00
  -2.9839312e+00
  -4.4275630e+00
             NaN
             NaN
             NaN
  -6.1599337e+00
  -5.0340095e+00
  -2.9493538e+01
  -4.0465950e+01
  -5.0625602e+01
  -2.9324014e+01
  -3.7486348e+01
  -2.0888789e+01
  -1.2739051e+01
  -2.7320347e+01
  -1.3935613e+01
  -2.1455236e+01
  -2.2391016e+01
  -1.8318635e+01
  -2.3324905e+01
  -2.0540270e+01
  -2.9080781e+01
  -1.2018180e+01
  -1.6675289e+01
  -1.7357070e+01
  -2.1885892e+01
  -5.1351036e+00
   4.4361949e+00
   2.1689790e+01
   4.0395426e+01
   4.4707256e+01
   3.4248544e+01
  -1.5245156e+00
   1.5933917e+02
   2.1942065e+02
   1.4656408e+02
   1.2681842e+02
   1.3990187e+02
   9.1406260e+01
   1.3712446e+02
   7.5757801e+01
   1.2232190e+00
  -4.0286498e-01
   1.2688847e+00
   2.6603564e+01
  -1.9210086e+00
  -1.0673698e+01
  -1.8442551e+00
  -7.8227915e-01
             NaN
             NaN
             NaN
             NaN
             NaN
  -1.4443751e+01
  -1.3079751e+01
  -8.6789390e+00
  -4.5276603e+00
  -2.3015055e+01
  -1.7364757e+01
  -1.6265998e+01
  -5.9986899e+01
  -4.4953569e+01
  -2.9466051e+01
  -2.9436664e+01
  -5.3867164e+01
  -6.1883362e+01
  -6.5740100e+01
  -6.2727134e+01
  -4.6708709e+01
  -4.5726882e+01
  -3.0368735e+01
  -2.5402770e+01
  -1.8456605e+01
  -1.1840000e+01
  -7.1502645e+00
  -1.2707808e+01
   2.4064615e+01
   8.2156684e+01
   1.1341834e+02
   9.2213310e+01
   1.3687884e+02
   1.6477248e+02
   1.0145051e+02
   2.2233040e+02
   1.8385776e+02
   1.9417489e+02
   1.5033176e+02
   8.8109593e+01
   8.6553646e+01
   9.0890091e+01
   4.5284109e+01
   4.9120430e+01
             NaN
   6.7847231e+00
  -5.5458809e-01
             NaN
             NaN
             NaN
             NaN
  -8.5928332e+00
             NaN
             NaN
             NaN
             NaN
             NaN
             NaN
             NaN
             NaN
             NaN
             NaN
             NaN
             NaN
             NaN
             NaN
             NaN
             NaN
             NaN
   5.9138250e+00
  -3.2769188e+01
  -1.0725178e+01
             NaN
  -6.3463994e+00
  -4.2730213e+00
  -2.5315372e+00
  -5.4560410e+00
   1.2860854e+01
   4.3902048e+01
   6.3416740e+01
   8.4729013e+01
   1.0622311e+02
   8.3041430e+01
   1.1759855e+02
   8.0403235e+01
   5.4434493e+01
   5.5818048e+01
   1.4542104e+02
   6.5483789e+01
   3.7777863e+01
   5.3235649e+01
   2.3998397e+01
  -5.6270727e-01
  -1.7550917e+01
  -1.5192892e+01
  -4.6735558e+00
             NaN
             NaN
  -1.7252373e+01
             NaN
             NaN
             NaN
             NaN
             NaN
             NaN
  -1.6624796e+00
  -2.3809531e+01
  -4.2173452e+01
  -7.1282720e+01
  -7.5485864e+01
  -6.8399981e+01
  -5.6619665e+01
  -5.0758105e+01
  -6.1285398e+01
  -5.0185088e+01
  -4.3418297e+01
  -5.1217590e+01
  -3.2849838e+01
  -3.2058146e+01
  -2.6411533e+01
  -3.2582871e+01
  -2.1708989e+01
  -2.0485730e+01
   5.8548135e+00
   4.2979992e+01
   8.6968614e+01
   1.1509590e+02
   1.9647449e+02
   1.0039159e+02
   7.4970030e+01
   1.1846474e+02
   1.8330941e+02
   1.0862681e+02
   8.2795289e+01
   1.9134907e+02
   1.4079020e+02
   1.4642001e+02
   1.4286104e+02
   5.3674905e+01
   5.8389014e+01
   7.6423474e+00
  -1.8283390e+01
  -7.8789341e+00
  -8.5035001e+00
  -5.4705043e+00
             NaN
  -1.9595054e+01
             NaN
             NaN
  -1.2073421e+01
  -1.7508581e+01
  -1.9029044e+01
  -3.2657606e+01
  -3.6964652e+01
  -6.7776379e+00
  -2.0397564e+01
  -1.9558309e+01
  -8.0569002e+00
  -8.0977592e+00
  -2.8150959e+00
             NaN
             NaN
  -5.5641105e-01
  -6.9086863e+00
  -2.1992845e+00
             NaN
             NaN
  -5.0250922e+00
             NaN
             NaN
             NaN
   4.3359334e+01
   6.6581012e+01
   7.2120375e+01
   1.0355229e+02
   1.2032480e+02
   2.5028266e+02
   1.8693769e+02
   1.7632369e+02
   1.5442364e+02
   2.8255480e+02
   9.9995939e+01
   9.7371649e+01
   9.3227285e+01
   1.2478869e+02
   7.6382077e+01
  -4.0710946e+00
   6.4685489e+01
   3.2418225e+00
  -3.9072824e+00
   5.1019192e+00
  -1.8871996e-01
             NaN
             NaN
             NaN
             NaN
             NaN
             NaN
             NaN
             NaN
             NaN
             NaN
             NaN
             NaN
             NaN
             NaN
             NaN
  -4.1713364e+00
  -1.5327854e+01
  -1.8486482e+01
  -1.0470312e+01
  -2.8717773e+01
  -2.8428241e+01
  -2.3989515e+01
  -1.3485648e+01
  -1.0773324e+01
  -1.4047088e+01
  -2.0616602e+01
  -5.0932847e+00
   3.3850074e+00
   1.6383348e+01
   2.0657957e+01
   3.7807271e+01
   6.8220314e+01
   5.9599547e+01
   1.2539101e+02
   6.8414484e+01
   6.8136187e+01
   6.1922577e+01
   7.5255139e+01
   1.0834407e+02
   6.1069182e+01
   1.0506178e+02
   8.4507835e+01
   5.2230795e+01
   1.0697032e+02
   4.9952352e+01
   1.0547871e+01
  -2.2999318e+00
             NaN
             NaN
             NaN
             NaN
             NaN
             NaN
             NaN
             NaN
             NaN
             NaN
             NaN
             NaN
             NaN
             NaN
             NaN
             NaN
             NaN
             NaN
             NaN
             NaN
             NaN
             NaN
             NaN
  -1.2225847e+01
  -1.0601130e+01
             NaN
  -3.0324464e+01
  -7.3759437e+00
   8.0051704e+00
   3.6245249e+01
   6.4374030e+01
   3.2616114e+01
   4.8437876e+01
   8.5419610e+01
   7.0835245e+01
   4.6719162e+01
   4.3810017e+01
   3.8766700e+01
   5.1146062e+01
   7.4879267e+01
   2.0245479e+01
   1.5448802e+01
   2.5615484e+01
  -4.0071605e+00
   6.2214651e+00
  -3.1976852e+00
  -1.0321110e+01
  -1.3164054e+01
  -1.2302221e+01
   4.0885738e+00
  -2.2168208e+01
             NaN
             NaN
             NaN
  -1.7823119e+01
  -1.1828908e+01
  -1.5132508e+01
  -2.6988163e+01
  -2.0467165e+01
  -6.4569664e+00
             NaN
  -9.1110480e+00
  -8.5613016e+00
             NaN
             NaN
  -5.1902579e+00
  -5.2746828e+00
             NaN
             NaN
             NaN
             NaN
             NaN
             NaN
             NaN
  -1.0494520e+01
  -9.0867355e+00
   8.3888663e+00
   2.9336307e+01
   4.6244151e+01
   7.1820548e+01
   7.5566916e+01
   1.5332602e+02
   1.3182986e+02
   8.4464647e+01
   9.2636209e+01
   1.0122658e+01
   5.6080041e+01
   1.5851436e+02
   7.1966550e+01
   1.0431147e+02
   7.4956055e+01
   3.5734559e+01
   1.9063230e+01
  -3.9207961e+00
  -2.4695748e+00
  -4.3226807e+00
             NaN
             NaN
  -1.0515194e+01
  -9.0364970e+00
             NaN
  -5.2859997e+00
             NaN
  -7.8979628e+00
  -2.2627904e+01
  -1.8870780e+01
   3.8934867e-01
  -5.6116091e+00
  -2.0141288e+01
             NaN
             NaN
             NaN
             NaN
             NaN
             NaN
             NaN
             NaN
  -1.9331076e+01
  -1.4129754e+01
  -9.5794906e+00
  -1.2817147e+01
  -1.6129877e+01
  -1.9796192e+01
  -1.2449935e+01
   1.3497028e+00
   1.5595518e+01
   3.1939037e+01
   6.5314763e+01
   6.2369245e+01
   5.8715675e+01
   3.2303015e+01
   5.1952871e+01
   1.3148762e+02
   9.4404382e+01
   1.2300547e+02
   8.0744875e+01
   6.3283389e+00
   1.1991302e+01
   2.6113755e+01
  -6.1275633e+01
  -6.0382845e+01
  -2.0431473e+01
  -2.1168154e+01
  -3.1532735e+01
  -1.6740426e+01
             NaN
             NaN
             NaN
             NaN
  -1.0070627e+01
  -1.1052071e+01
  -9.8094167e+00
             NaN
  -1.2709323e+01
  -7.8316067e+00
  -3.1399976e+00
  -1.2018412e+01
  -1.9314176e+01
  -2.8033039e+01
  -3.6638901e+01
  -3.9692840e+01
  -3.8639650e+01
  -2.4784248e+01
  -2.4954274e+01
  -3.9389675e+01
  -2.0369992e+01
  -2.6915905e+01
  -3.9186449e+01
  -2.4207522e+01
  -1.4547051e+01
  -1.5360892e+01
  -4.6178423e+00
   2.2482400e+01
   3.4801180e+01
   4.9167442e+01
   6.4164419e+01
   9.5024339e+01
   1.0437153e+02
   1.2391725e+02
   1.0963858e+02
   1.1508139e+02
   1.1237892e+02
   4.8173804e+01
   7.6352315e+01
   5.1586473e+01
   7.7005240e+01
   3.1096963e+01
   6.3341435e+00
  -1.9485412e+01
  -1.5673796e+01
  -5.6697898e+01
  -4.2982149e+01
  -5.5477890e+01
  -1.3524736e+01
  -1.3429612e+01
  -1.3606693e+01
  -3.4145218e+01
  -2.4856903e+01
  -2.0233981e+01
  -2.2531279e+01
  -2.1951270e+01
  -3.2627791e+01
  -1.6938210e+01
  -1.0832990e+01
  -2.6491017e+01
  -3.4306547e+01
  -3.5649626e+01
  -3.4455417e+01
  -1.1614946e+01
  -1.4227163e+01
  -1.9716363e+01
  -2.4200845e+01
  -1.6535625e+01
  -2.7499183e+01
  -4.0304000e+01
  -5.4018526e+01
  -3.2650376e+01
  -2.5945592e+01
  -2.1638780e+01
  -1.1782757e+01
  -7.5074151e-01
   3.2763582e+01
   4.0819205e+01
   4.8414723e+01
   8.5258307e+01
   8.4625068e+01
   9.3020722e+01
   8.7353033e+01
   1.7679713e+02
   1.1784284e+02
   1.6450643e+02
   3.9381335e+01
   3.3970355e+01
   3.7024124e+00
  -6.6391122e+01
  -2.1583708e+00
  -8.3669239e+00
  -1.9706843e+01
  -1.9980754e+01
  -6.6782696e+01
  -5.0955222e+01
  -4.1489503e+01
  -3.3485211e+01
             NaN
  -2.2085007e+01
  -1.2267023e+01
  -6.3414018e+01
  -5.4787274e+01
  -6.8931477e+01
  -6.5856731e+01
  -9.0826955e+01
  -7.6247203e+01
  -6.1207953e+01
  -7.3168343e+01
  -5.7931694e+01
  -4.9748721e+01
  -3.5123637e+01
  -3.1135410e+01
  -4.1797381e+01
  -3.1141878e+01
  -2.7986532e+01
  -1.1498512e+01
  -1.7766595e+01
  -3.5393045e+01
  -2.8822668e+01
  -4.0033361e+01
  -2.8986011e+01
  -1.0436821e+01
   2.6438299e+01
   4.6394165e+01
   7.8499226e+01
   1.1291010e+02
   1.6191075e+02
   5.8602936e+01
   9.8061834e+01
   1.9698519e+02
   2.0374761e+02
   1.6034766e+02
   2.7549854e+02
   2.2649336e+02
   2.4107611e+02
   1.8433117e+02
   1.6271147e+02
   9.7567003e+01
   4.5771337e+01
   4.5898123e+01
   3.0667684e+01
  -4.4076767e+00
  -1.9732753e+00
             NaN
             NaN
             NaN
             NaN
             NaN
             NaN
             NaN
  -1.8832855e+01
  -8.8195547e-01
  -1.2383766e+02
  -6.8685359e+01
  -3.2680056e+01
  -2.5338356e+01
  -1.2486617e+01
  -1.0530873e+01
  -1.8142594e+01
  -5.2688112e+00
  -7.6442155e+00
  -1.1168300e+01
  -1.1141568e+01
  -1.6394496e+01
  -7.0065630e+00
             NaN
             NaN
  -2.3656604e+01
  -5.5140381e+00
   4.4347831e+00
   5.7763263e+01
   1.4477463e+02
   1.0154140e+02
   1.9133568e+02
   2.3648963e+02
   2.3961451e+02
   2.7517063e+02
             NaN
   2.0322704e+02
             NaN
             NaN
   1.0774381e+02
   1.6692979e+02
   6.2543144e+01
  -1.7780962e+01
   8.0463618e+01
   1.2131443e+02
   3.4569643e+01
   1.7577055e+01
  -1.9260443e+00
             NaN
             NaN
             NaN
             NaN
             NaN
             NaN
             NaN
             NaN
             NaN
  -2.8449128e+01
  -8.2518265e+00
  -7.0134908e+00
  -5.5156394e+00
  -6.4054139e+00
  -1.4624364e+01
  -5.9259124e+00
  -7.3592807e+00
  -2.6408652e+00
  -1.1660425e+01
  -2.4238135e+01
  -3.8544835e+00
  -8.6141030e+00
  -1.5512055e+01
  -5.6712791e+00
  -7.4373636e+00
  -8.0641647e+00
   3.6477854e+00
   1.5425528e+01
   1.6169192e+01
   2.6635545e+01
   5.1871773e+01
   7.4350220e+01
   1.4433618e+02
   1.0995602e+02
   8.0645046e+01
   1.1167618e+02
   1.1609670e+02
   5.1687042e+01
   7.9418636e+01
   7.5846990e+01
   1.4447176e+02
   2.8215254e+01
   7.1889857e+01
   3.3115090e+01
   1.4094561e+01
   4.7178374e+01
  -5.0335779e+01
  -4.1331462e+01
  -3.3989700e+01
  -1.1991793e+01
  -1.2212782e+01
  -1.7929058e+01
  -2.5498192e+01
  -2.2957267e+01
  -3.7819575e+01
  -4.2225906e+01
  -4.5246418e+01
  -3.7368000e+01
  -3.9963879e+01
  -3.1433366e+01
  -3.2408195e+01
  -2.1621244e+01
  -3.2157976e+01
  -8.7397346e+00
  -2.3960698e+01
  -2.6977349e+01
  -1.6682264e+01
  -1.0221878e+01
  -2.2038100e+01
  -3.2220907e+01
  -3.6750643e+01
  -2.7496667e+01
  -1.0368785e+01
  -2.0894583e+01
  -2.2699424e+01
   1.3342317e+01
   4.7542029e+01
   8.6598921e+01
   1.1259396e+02
   1.0023373e+02
   1.5980753e+02
   1.4973071e+02
   1.8930814e+02
   2.3338290e+02
   1.6808697e+02
   1.0324459e+02
   4.0357335e+01
   5.8428863e+01
   9.6045723e+01
   8.1194593e+00
  -1.9863693e+01
   4.0456486e+01
   3.3433276e+00
   1.2072830e+01
  -1.2252447e+01
  -1.8913179e+01
  -1.3067340e+01
  -2.8042887e+01
  -5.4267243e+01
  -3.2003066e+01
  -6.1133860e+01
  -5.7709979e+01
  -8.3949117e+01
  -3.9298956e+01
  -4.5870735e+01
  -5.5921672e+01
  -4.2304121e+01
  -3.7756912e+01
  -3.3905249e+01
  -3.2797068e+01
  -3.9006528e+01
  -2.7661387e+01
  -1.8276298e+01
  -1.1427555e+01
  -8.8040000e+00
  -3.1023303e+01
  -2.5075423e+01
  -9.4654403e+00
  -6.0403307e+00
  -1.1986997e+01
  -1.5858793e+01
  -8.6371403e+00
  -2.2493321e+01
  -2.1919359e+01
   3.7386108e+01
   8.3748358e+01
   1.5719520e+02
   1.7153974e+02
   1.8444117e+02
   2.1855737e+02
   2.7041451e+02
   2.9181440e+02
   2.7044361e+02
   1.8105417e+02
   1.1628225e+02
   6.5538311e+01
   1.1003783e+02
   2.8196651e+01
   1.4967428e+02
   9.5373743e+01
   5.4244579e+01
   9.8142377e+00
  -5.4996072e+00
             NaN
             NaN
             NaN
             NaN
             NaN
             NaN
             NaN
             NaN
             NaN
             NaN
             NaN
             NaN
             NaN
             NaN
             NaN
             NaN
             NaN
             NaN
             NaN
             NaN
   1.2910969e+01
             NaN
             NaN
             NaN
             NaN
             NaN
             NaN
             NaN
             NaN
  -1.7995221e+00
             NaN
   1.9536354e+01
   3.7604012e+01
   2.3920733e+01
   3.2912909e+01
   1.8259380e+02
   2.0392240e+02
   9.1374964e+01
   2.2307243e+02
   2.0537851e+02
   9.8906174e+01
   6.2780919e+01
   3.8895033e+01
   6.9854750e+01
   8.1354763e+01
   2.6952980e+00
             NaN
  -1.6961981e+00
             NaN
             NaN
             NaN
             NaN
             NaN
             NaN
             NaN
             NaN
             NaN
  -1.5555646e+01
  -9.6658089e+00
  -8.9260232e+00
             NaN
             NaN
             NaN
             NaN
  -3.0417441e+00
  -1.5970722e+01
             NaN
             NaN
             NaN
             NaN
             NaN
  -1.6734664e-01
  -1.8901749e+00
  -1.3400010e+01
  -3.8794111e+00
   4.3060469e-01
  -1.0369318e+01
   1.1063095e+00
   7.7499361e+00
  -1.9675395e+01
   5.3084612e+01
   7.5603111e+01
   6.9808629e+01
   9.7832053e+00
   4.7917403e+00
   2.2945401e+01
   1.9579874e+01
   1.9492284e+01
   1.2083494e+01
   1.0882961e+01
   6.4575042e+00
   3.4458218e+01
   1.8354065e+01
  -1.8056112e-01
  -6.2385569e-01
  -1.7941346e+00
  -2.0838451e+00
  -9.2823512e+00
  -6.4404820e+00
  -4.1933397e+00
  -4.9730477e+00
  -8.6477013e+00
  -5.8974742e+00
             NaN
  -5.5435900e+00
  -7.6009624e+00
  -4.8243623e+00
  -5.1667699e+00
  -2.9342796e+00
  -5.8168576e+00
  -2.6859828e-01
  -1.0450882e+01
  -2.0129661e+01
  -2.9516937e+01
  -1.3031346e+01
  -1.4415175e+01
  -1.4034844e+01
  -2.4513861e+01
  -1.9444956e+01
  -1.6610428e+01
  -8.9846502e+00
  -1.3442838e+01
  -9.6756366e+00
  -6.1043029e+00
  -6.3144436e+00
   6.7459820e+00
   1.8325933e+01
   2.7863449e+01
   1.3182636e+01
   2.2965044e+01
   5.5400049e+01
   3.1232429e+01
   2.7554906e+01
   7.4183372e+01
   3.6812121e+01
   2.8482243e+01
  -3.3146256e+00
   1.9596031e+01
  -7.8533118e+00
  -9.5797292e+00
  -2.2983129e-02
  -1.4176239e+01
  -9.9449889e+00
  -7.2176004e+00
  -1.1523468e+01
  -1.1244516e+01
  -5.0001929e+00
  -3.4940228e+00
  -5.2417805e+00
  -6.9392363e+00
  -4.4121117e+00
  -4.1154546e+00
             NaN
             NaN
  -4.5627741e+01
             NaN
             NaN
             NaN
             NaN
             NaN
             NaN
  -1.6156502e+01
             NaN
             NaN
             NaN
  -7.0673848e+01
             NaN
             NaN
             NaN
             NaN
  -3.3726199e+01
  -2.2740681e+01
  -2.7541809e+01
   9.3124235e+00
   4.0345575e+01
   8.5843674e+01
   9.8030090e+01
   2.1499234e+02
   6.1479401e+01
   1.6759410e+02
   1.8203904e+02
   6.3979168e+01
   1.0885732e+02
   1.2785162e+02
   8.9546348e+01
   1.3271351e+02
   4.7668743e+01
   9.8211327e+01
   6.7523573e+01
   4.5051784e+01
   9.1458485e+00
   5.7499762e-01
  -6.8035578e+00
  -1.0943702e+01
             NaN
             NaN
             NaN
             NaN
             NaN
             NaN
   1.7447670e+00
             NaN
             NaN
             NaN
  -2.7341085e+01
  -2.3019141e+01
  -1.6748678e+01
  -3.2585550e+01
  -1.2133065e+01
  -3.3021211e+01
  -3.1524281e+01
  -4.2372142e+01
  -4.5052241e+01
  -4.0341748e+01
  -3.3046802e+01
  -5.0625585e+01
  -2.2368140e+01
  -3.6124609e+01
  -2.0149317e+01
  -5.4708679e+01
  -1.8988928e+01
   2.9653357e+01
   4.5347386e+01
   7.0535400e+01
   1.3282816e+02
   1.3432523e+02
   1.7805207e+02
   2.5858270e+02
   2.0871807e+02
   2.3028284e+02
   2.5363171e+02
   9.3379127e+01
   6.1462051e+01
   7.0966781e+01
   7.5418230e+01
   1.8569344e+02
   7.4749876e+01
   1.5100713e+01
  -5.5600980e+00
   1.3745928e+00
  -3.0789685e+00
             NaN
             NaN
             NaN
             NaN
             NaN
             NaN
             NaN
             NaN
             NaN
             NaN
  -1.1869916e+01
  -4.9649531e+00
             NaN
             NaN
             NaN
  -2.4579712e+00
             NaN
  -7.4283957e+00
  -1.3182195e+01
  -1.9321137e+01
  -9.7294450e+00
  -7.6642274e+00
  -7.5505639e+00
             NaN
  -9.5186956e+00
  -1.0540531e+01
  -5.8443011e+00
   7.0168072e-01
             NaN
   3.0890625e+01
   6.0075589e+01
   9.7961161e+01
   1.4810227e+02
   2.6842904e+02
   2.9010383e+02
             NaN
   1.3853583e+02
   2.1657713e+02
             NaN
   1.2342789e+02
   1.6694364e+02
   1.2330967e+02
   2.6392078e+01
  -1.9835086e+00
   3.1123384e+01
   5.9639452e+01
             NaN
  -3.1126090e+00
             NaN
             NaN
             NaN
             NaN
             NaN
  -1.2362731e+01
             NaN
             NaN
             NaN
             NaN
             NaN
             NaN
             NaN
             NaN
             NaN
             NaN
             NaN
             NaN
             NaN
             NaN
             NaN
             NaN
             NaN
             NaN
             NaN
             NaN
  -7.4294718e+00
  -1.3895320e+01
  -8.8852156e-01
   3.1374420e+01
   7.0075847e+01
             NaN
   8.9739140e+01
             NaN
             NaN
   4.0548745e+01
             NaN
             NaN
   2.8244731e+00
  -8.7260206e-01
   7.1059735e-01
   6.7380636e+00
             NaN
   1.5632723e+02
             NaN
             NaN
   6.5481137e-01
  -5.7591791e+00
  -1.0742595e+01
  -8.1759016e+00
  -7.1653872e+00
  -5.1724274e+00
  -7.7534360e+00
  -4.7417829e+00
  -1.4783314e+01
  -1.3376470e+01
  -9.0161421e+00
  -1.4122819e+01
  -8.8278137e+00
  -7.3120492e+00
  -7.0299654e+00
  -8.9595601e+00
  -1.1337279e+01
  -1.4410471e+01
  -1.6379540e+01
  -1.9333914e+01
  -2.4680750e+01
  -1.5665238e+01
  -1.3514375e+01
  -1.4914630e+01
  -1.9199810e+01
  -2.1001534e+01
  -1.7364688e+01
  -1.2222857e+01
  -5.7990862e+00
   1.4462940e+01
   2.4587140e+00
   5.1381375e+01
   8.8238708e+01
   2.9568205e+01
   5.5201028e+01
   1.3807300e+02
   5.0487152e+01
   9.9723255e+01
   9.7850403e+01
   6.2027993e+01
   4.4963258e+01
   5.8380639e+01
   5.8458313e+01
   6.9446807e+01
   2.0443960e+01
   3.5757182e+01
  -1.1458068e+01
  -1.4258632e+01
  -2.2161387e+01
  -2.2658694e+01
  -1.4288641e+01
  -3.4402009e+00
             NaN
             NaN
             NaN
  -7.8694574e+00
  -1.4484746e+01
  -1.3785235e+01
  -4.5250968e+01
  -2.8629786e+01
  -3.7322265e+01
  -3.0210344e+01
  -2.0185605e+00
  -6.6606016e+00
  -3.2853220e+01
  -9.0295344e+00
  -6.3931018e+00
  -7.5956923e+00
  -1.8015206e+01
  -1.5871334e+01
  -3.4455314e+01
  -3.5871601e+01
  -2.6984658e+01
  -3.8365767e+01
  -2.9150144e+01
  -2.9603580e+01
  -2.4979941e+01
  -4.2736516e-01
   2.9268138e+01
   5.6709288e+01
   7.9432181e+01
   8.4333124e+01
   1.1508319e+02
   1.6659076e+02
   1.8814681e+02
   9.7743696e+01
   9.8030297e+01
   5.3483362e+01
   7.5817331e+01
   9.7545226e+01
   1.5176512e+02
   5.1071728e+01
   9.0993615e+01
  -1.5954383e+01
  -1.4419995e+01
  -5.0993713e+00
  -2.9119745e+01
  -9.2902861e+00
  -2.6004477e+01
  -3.2301249e+01
  -2.9503738e+01
  -2.4085627e+01
             NaN
  -2.0657791e+01
  -2.6509427e+01
  -3.5321604e+01
  -4.7946981e+01
  -4.3474079e+01
  -3.4056588e+01
  -1.9636595e+01
  -2.8054817e+01
  -4.4317929e+01
  -3.2613113e+01
  -1.1091989e+01
  -1.1796233e+01
  -2.3604273e+01
  -4.6071272e+00
  -3.7944921e+01
  -3.1361655e+01
  -4.1850616e+01
  -3.0588091e+01
  -2.9766950e+01
  -2.4244991e+01
  -2.8446195e+01
  -2.0475427e+01
  -3.8568268e+00
   2.7223469e+01
   5.9944310e+01
   1.0376718e+02
   1.2327973e+02
   1.2070454e+02
   2.5389566e+00
  -2.2813449e+00
   6.1262404e+01
   1.2287190e+02
   5.5432548e+01
   5.3309671e+01
   1.5091569e+02
   9.5387288e+01
   3.7903322e+01
   9.2268649e+01
   3.1347563e+01
   8.2146908e+01
   2.2500658e+01
   1.0143250e+01
  -1.4834350e+01
  -1.4754222e+01
  -7.6290004e+00
  -8.1933406e+00
  -8.0969247e+00
  -1.6404507e+01
  -2.6473236e+01
  -2.3235653e+01
  -2.1799529e+01
  -1.4918079e+01
  -2.6588907e+01
  -2.2411256e+01
  -2.3392193e+01
  -2.5341305e+01
  -2.7256621e+01
  -3.0222887e+01
  -1.1572405e+01
  -1.5142800e+01
  -1.7108868e+01
  -9.7180910e+00
  -1.8558469e+01
  -1.9870441e+01
  -2.4739611e+01
  -9.7531723e+00
  -3.1498655e+01
  -2.8248520e+01
  -1.6539176e+01
  -2.3176887e+01
  -6.1172824e+00
   1.1886978e+01
   3.9846075e+01
   6.9774985e+01
   1.0067780e+02
   1.4655637e+02
   8.9458966e+01
   1.6479200e+02
   1.0193926e+02
   1.2026215e+02
   1.6162407e+02
   1.5273240e+02
   2.1816515e+02
   2.3046950e+02
   3.4802282e+01
   1.0419573e+02
   8.0164692e+01
   2.6314207e+01
   1.9470740e+01
   6.9616205e+00
  -1.1762910e+01
  -3.3453922e+00
  -3.7864828e+00
             NaN
             NaN
             NaN
             NaN
             NaN
             NaN
  -4.3864582e+00
             NaN
             NaN
             NaN
             NaN
             NaN
  -2.3004767e+00
             NaN
             NaN
             NaN
             NaN
             NaN
             NaN
             NaN
             NaN
             NaN
             NaN
             NaN
  -4.9484200e-01
  -3.3011657e+00
  -4.8536158e+00
   3.6868717e+01
   4.7001643e+01
   1.3675533e+02
   1.5884603e+02
   1.3153134e+02
   2.0999013e+02
   2.0876389e+02
   5.7910114e+01
   4.2870181e+02
   1.8395207e+02
   1.2053767e+02
   1.6101587e+02
   6.1910879e+01
             NaN
   1.9853566e+01
   4.4825782e+01
   4.5024415e+01
  -2.2467372e+00
   1.8130652e-01
             NaN
             NaN
             NaN
             NaN
             NaN
             NaN
             NaN
             NaN
             NaN
             NaN
             NaN
             NaN
             NaN
             NaN
  -4.4515858e+00
  -1.1634646e+01
  -1.9085716e+01
  -2.4917912e+01
  -1.6904681e+01
  -2.6775566e+01
  -5.8313597e+01
  -1.0968202e+01
  -6.9111198e+01
  -5.2280708e+01
  -2.9976777e+01
  -6.3290692e+01
             NaN
  -8.4922377e+01
  -2.6237793e+01
  -3.9970145e+00
   3.2719024e+01
   9.2113014e+01
   9.2841159e+01
   1.3664045e+02
   2.0213819e+02
   1.6638558e+02
   1.6349857e+02
   1.6616868e+02
   7.5308678e+01
   6.1219534e+00
   1.9136475e+02
  -3.4158129e+00
   1.6044926e+01
   1.1198642e+00
   5.7431182e+01
   1.7933966e-01
   8.0818743e-01
             NaN
             NaN
             NaN
             NaN
             NaN
             NaN
             NaN
             NaN
  -4.0983899e+00
  -5.9576861e+00
  -5.4460634e+00
             NaN
  -2.1161344e+01
  -2.5097804e+01
  -2.0499713e+01
  -1.4047834e+01
  -2.4774347e+01
  -1.3464923e+01
  -1.2685222e+01
  -1.0472305e+01
  -3.4572773e+01
  -2.9488946e+01
  -5.2737465e+00
             NaN
  -3.9313361e+00
  -1.7903859e+01
  -1.9555834e+01
  -2.7996922e+01
  -2.4218952e+01
  -2.6936759e+00
   1.6635392e+01
   4.3996188e+01
   6.3795625e+01
   6.7473367e+01
   9.2790540e+01
   1.5007510e+02
   1.6085362e+02
   2.2100339e+02
   1.2144208e+02
   1.6883569e+02
   7.2973321e+01
   1.0255052e+02
   9.3576772e+01
   7.2501789e+01
   5.6511400e+01
   1.8655730e+01
   1.4199180e+01
   1.9599702e+01
             NaN
             NaN
             NaN
             NaN
             NaN
             NaN
             NaN
             NaN
             NaN
             NaN
             NaN
             NaN
             NaN
             NaN
  -1.2494982e+01
  -1.0487689e+01
  -1.0596884e+01
             NaN
   3.7763718e+00
  -4.9084984e+00
  -2.7976370e+00
             NaN
  -1.4572898e+01
  -9.0954973e+00
  -6.0727644e+00
             NaN
             NaN
             NaN
             NaN
             NaN
   1.3946871e+01
  -5.0200063e+00
   4.4288229e+01
   6.2335641e+01
   1.2841168e+02
   1.3403034e+02
   1.8873077e+02
   2.7596186e+02
   2.7971394e+02
   1.8863657e+02
   1.2139265e+02
   1.9416376e+02
  -9.2216387e+00
  -1.6740502e+01
   1.1825262e+01
  -1.3902030e+01
  -1.0150287e+01
  -3.0347357e+01
  -1.2068548e+01
             NaN
             NaN
             NaN
             NaN
             NaN
             NaN
             NaN
             NaN
  -1.8877889e+01
  -2.0906584e+01
  -3.1884166e+01
  -1.4602334e+01
  -1.4743185e+01
  -1.4538457e+01
  -2.0653597e+01
  -2.6612778e+01
  -5.4540709e+01
  -1.5690381e+01
  -1.7606877e+01
  -3.1480923e+01
  -1.7070602e+01
  -2.3838151e+01
  -3.0865907e+01
  -2.8213357e+01
  -2.5148097e+01
  -2.6434512e+01
  -3.3527422e+01
  -2.1075304e+01
  -6.1711948e+00
   3.9701508e+01
   6.0572742e+01
   7.6950292e+01
   9.9151742e+01
   8.5634587e+01
   1.0583483e+02
   1.4365026e+02
   1.4097174e+02
   1.9159006e+02
   1.3732248e+02
   1.3600125e+02
   2.7509439e+02
   1.4118595e+02
   2.3586607e+01
   6.3634576e+01
   1.3730486e+01
  -1.2656446e+01
  -7.1434827e+00
             NaN
             NaN
             NaN
  -7.2341566e+00
  -3.5036183e+00
  -5.9657025e+00
  -3.7918129e+01
  -1.7120621e+01
  -1.0806570e+01
  -2.6822313e+01
  -2.2456180e+01
  -2.4457580e+01
  -1.9514901e+01
  -1.7458424e+01
             NaN
             NaN
             NaN
             NaN
  -1.4599111e+01
  -9.0713302e+00
  -8.9302936e+00
             NaN
             NaN
  -6.4687250e+00
   6.0139641e-01
             NaN
  -8.0999968e-01
             NaN
             NaN
             NaN
   1.3672450e+01
   1.0183553e+02
   1.0320670e+02
   1.3179472e+02
   1.3168318e+02
   1.5371166e+02
   1.5498411e+02
   1.8407393e+02
   1.0295220e+02
   1.3958627e+02
   8.9365460e+01
   1.3824217e+02
   4.4342528e+01
   4.6951068e-02
   1.0368675e+02
   4.3157602e+00
  -7.9260271e+00
  -8.8512946e+00
  -2.4524864e+00
             NaN
             NaN
             NaN
             NaN
  -9.8883154e+00
  -5.6567742e+00
  -6.5551203e+00
  -1.6020201e+01
             NaN
  -1.5604630e+01
  -2.4430912e+01
  -3.2172900e+01
  -2.7184139e+01
  -3.1564067e+01
  -2.2944903e+01
  -1.4248398e+01
  -7.8748484e+00
  -1.5508365e+01
  -9.1476311e+00
             NaN
             NaN
             NaN
             NaN
             NaN
             NaN
  -1.6180515e+01
             NaN
  -3.0376302e+00
   1.1722316e+01
   5.8847568e+01
   1.1308819e+02
   2.1856842e+02
   2.1858651e+02
   1.0161413e+02
   2.1617761e+02
   1.5107958e+02
   1.6863038e+02
   1.7146247e+02
   1.9318202e+02
   1.6049173e+02
   4.7222919e+01
   6.5935690e+01
   2.6582699e+01
   9.0821197e+00
   1.1365013e+01
  -1.0947985e+01
  -4.6370493e+01
  -4.8248201e+01
  -4.5063996e+01
  -4.9105268e+01
  -4.2349838e+01
  -4.0463331e+01
  -6.0868886e+01
  -3.8070516e+01
  -2.4399436e+01
  -2.9945297e+01
  -2.4845378e+01
  -2.4896646e+01
  -3.3297690e+01
  -2.9753816e+01
  -2.9443835e+01
  -2.6124614e+01
  -2.3894662e+01
  -2.1619089e+01
  -2.5067166e+01
  -1.9886224e+01
  -2.8810088e+01
  -2.3692250e+01
  -2.3819383e+01
  -3.2935850e+01
  -2.3032982e+01
  -2.5693974e+01
  -2.4755018e+01
   2.5495596e+01
  -5.6823248e+01
  -4.8520832e+01
  -5.7406983e+01
  -3.9499652e+01
  -2.6463548e+01
  -3.2168619e+01
             NaN
             NaN
             NaN
             NaN
             NaN
   9.0689586e+01
   6.0856835e+00
  -5.4866311e+00
  -1.3180948e+01
   9.7210540e+00
   7.8496183e+00
   2.0645846e+01
   1.3943683e+01
             NaN
             NaN
  -1.1813905e-01
  -1.8695371e+00
  -1.8545820e+01
  -2.3430298e+01
  -4.7913228e+01
  -6.0712391e+01
  -3.1339469e+01
  -1.8912047e+01
  -3.4069843e+01
  -4.3572054e+01
  -5.4719247e+01
  -6.9676804e+01
  -6.6214141e+01
  -6.0595360e+01
  -4.5842764e+01
  -4.0810948e+01
  -2.6823281e+01
  -2.4711569e+01
  -3.7538497e+01
  -4.3333472e+01
  -4.3417689e+01
  -4.3865328e+01
  -7.1808063e+01
  -2.6229886e+01
  -4.1058062e+01
  -4.8329466e+01
  -4.4480904e+01
  -2.5273649e+01
  -3.7309940e+01
  -2.4462339e+01
  -2.9423850e+01
  -1.2933550e+01
  -1.5620804e+00
   3.3608811e+01
   2.3963755e+01
   1.6480313e+01
   1.7210940e+01
   2.0286065e+00
   5.1378965e+01
   4.4735911e+01
   1.1937181e+01
   6.4660175e+01
  -1.1080682e+01
  -2.0608585e+01
  -2.2606316e+01
  -3.6086780e+01
  -2.7690028e+01
  -2.8694980e+01
  -4.4964581e+01
  -3.6408097e+01
  -4.4039227e+01
  -2.8112562e+01
  -3.4012224e+01
  -2.9008773e+01
  -4.5370876e+01
  -3.7437192e+01
  -3.9051518e+01
  -2.7035609e+01
  -3.2510510e+01
  -2.1004821e+01
  -3.6964245e+01
  -2.9962854e+01
  -2.9772492e+01
  -3.5746637e+01
  -2.9621120e+01
  -3.0992696e+01
  -3.1043311e+01
  -3.0690789e+01
  -2.6170895e+01
  -3.1939276e+01
  -4.1011504e+01
  -2.7855441e+01
  -2.9645214e+01
  -2.4823251e+01
  -2.5349883e+01
  -2.4039138e+01
  -1.4630178e+01
  -1.6069265e+01
  -7.7137594e+01
  -1.0008371e+01
   5.7972297e-01
   1.0337265e+02
   7.3945440e+01
   1.0716067e+02
   6.5465107e+01
   8.1798385e+01
   6.7183772e+01
   5.9359511e+01
   5.0484917e+01
   6.9263807e+01
   5.5098322e+01
   4.0455723e+00
   9.5396602e-01
   2.0204414e+01
  -1.5825309e+01
  -1.7158846e+01
  -2.4399735e+01
  -2.6386283e+01
  -1.0380949e+01
  -2.2480490e+01
  -3.8565216e+01
  -3.8879657e+01
  -1.7405607e+01
  -1.8364595e+01
  -4.0110669e+01
             NaN
             NaN
             NaN
             NaN
             NaN
             NaN
             NaN
             NaN
             NaN
             NaN
             NaN
             NaN
             NaN
             NaN
             NaN
             NaN
             NaN
             NaN
             NaN
             NaN
             NaN
             NaN
             NaN
             NaN
             NaN
             NaN
             NaN
             NaN
             NaN
             NaN
             NaN
             NaN
             NaN
             NaN
             NaN
             NaN
             NaN
             NaN
             NaN
             NaN
  -6.6914505e+01
  -4.7789329e+01
  -4.7802868e+01
  -5.1612168e+01
  -7.5284241e+01
  -4.5844393e+01
  -4.9183872e+01
  -1.7692698e+01
  -4.5645746e+01
  -3.2441110e+01
  -3.7335492e+01
  -2.5501508e+01
  -2.7692422e+01
  -1.4880965e+01
  -1.9651266e+01
  -2.4924928e+01
  -2.5620542e+01
  -3.2409196e+01
  -2.8432497e+01
  -3.3285637e+01
  -2.5183795e+01
  -3.0030768e+01
  -2.8702166e+01
  -2.4661748e+01
  -2.5559611e+01
  -2.0052422e+01
  -2.7395184e+01
  -1.8162243e+01
  -1.3770421e+01
   8.8555082e+00
   2.3441828e+01
   5.1524638e+01
   8.1515712e+01
   3.6694759e+01
   2.1647626e+01
   2.4773029e+01
   5.4499760e+01
   4.0567382e+01
   1.3537558e+01
   7.8748043e+01
   5.9650920e+01
   4.7146606e+01
             NaN
   4.9653441e+00
  -8.4741852e+00
   1.3595560e+01
             NaN
             NaN
             NaN
             NaN
             NaN
  -6.2957782e+00
             NaN
  -4.5446914e+00
  -8.1065213e+00
  -4.9403194e+00
  -3.2018403e+00
             NaN
             NaN
  -2.1609002e+00
  -3.0483718e+01
  -1.6622129e+01
  -8.1090849e+00
  -1.0887975e+01
  -1.2400077e+01
  -1.3834795e+01
  -1.4762965e+01
  -1.6655090e+01
  -1.7001421e+01
  -2.2659156e+01
  -1.5634607e+01
  -1.3174286e+01
  -7.6838446e+00
  -9.1861365e+00
  -8.0290892e+00
  -1.2563357e+00
   1.5255468e+01
   2.4239465e+01
   1.9280063e+01
   2.9431063e+01
   2.9715020e+01
   3.6599729e+01
   8.3929939e+01
   8.7327615e+01
   3.7547501e+01
   7.2490970e+01
   3.3089558e+01
   4.5313938e+01
   1.5817106e+01
   2.7551851e+01
   2.1075316e+01
   1.4577098e-01
   1.3063625e+00
  -5.7621187e+00
  -1.1819566e+01
  -1.4429971e+01
  -1.1084726e+01
  -1.3792518e+01
  -1.9393850e+01
  -2.8134623e+01
  -7.9671168e+00
  -1.1179939e+01
  -1.7882495e+01
  -3.0778629e+01
  -1.0588177e+01
  -1.4183674e+01
  -9.3413175e+00
  -1.0992700e+01
  -1.3566773e+01
  -1.3756874e+01
  -1.1995869e+01
  -1.1634267e+01
  -1.8437968e+01
  -1.2428488e+01
   1.9193867e+00
   4.1843713e+00
   1.4575283e-01
   3.5519174e+00
  -3.2345921e+00
  -8.0940573e+00
   2.1026087e-01
  -6.0679394e+00
  -8.5541548e+00
  -8.0591986e+00
  -3.9764162e+00
  -1.4060668e+00
  -1.5828932e+00
   1.1981452e+01
   1.7572040e+01
   3.9460767e+01
   3.5703677e+01
   3.9420330e+01
   2.1024074e+01
   1.4337609e+01
   5.5791150e+01
   6.0826566e+01
   3.2506569e+01
   2.6245393e+01
   3.3801027e+01
   2.6868517e+01
   9.2239217e+00
   2.1524832e+00
  -6.8739328e-01
  -9.0690378e+00
  -1.0077571e+01
  -1.7377005e+01
  -1.1837110e+01
  -1.0119644e+01
  -3.2488037e+01
  -2.3847738e+01
  -2.2898688e+01
  -6.8148608e+00
  -2.4471549e+01
  -2.3714362e+01
  -2.6470100e+01
  -2.5146889e+01
   9.4268625e-01
  -2.4088007e+01
  -2.2968961e+01
  -1.1053254e+01
  -2.1978032e+01
  -3.7793815e+01
   7.3564476e+00
   2.9745395e+00
   5.1329203e+01
  -8.2260522e+01
  -1.6824400e+01
             NaN
  -3.6774509e+01
  -4.9109883e+01
  -4.4741211e+01
  -5.3722225e-01
   1.7974471e+01
  -2.3035828e+01
  -3.4827540e+00
   9.0897426e+00
  -6.3288377e+00
   6.5029316e+00
   9.0671516e+00
   1.4542932e+01
   2.4662173e+01
   3.8212805e+01
   4.9179555e+01
  -1.8083196e+00
   3.7886625e+01
   1.6196028e+01
   4.8438016e+00
  -5.1498265e+00
  -2.9853482e+00
  -8.8499440e+00
  -1.7943122e+01
  -6.8668945e+00
  -1.3286241e+01
  -2.1029697e+01
  -2.2304139e+01
  -2.8021904e+01
  -2.2246755e+01
  -1.5613215e+01
  -1.7913405e+01
  -2.2721183e+01
  -3.1169252e+01
  -4.1646636e+01
  -4.9596312e+01
  -3.9246631e+01
  -4.1094657e+01
  -3.2376989e+01
  -3.6784479e+01
  -3.6017324e+01
  -3.0294317e+01
  -3.5825754e+01
  -3.4529679e+01
  -3.5597248e+01
  -2.6405794e+01
  -2.7236035e+01
  -2.1224556e+01
  -1.9706030e+01
  -2.7348627e+01
  -1.7738868e+01
  -2.9944311e+00
  -1.4759926e+01
   9.1903750e+00
   4.4488415e+01
   4.6915667e+01
   1.0809332e+02
   9.2458742e+01
   1.6862205e+02
   2.0943551e+02
   1.2881715e+02
   1.8556287e+02
   1.4677892e+02
   2.6508775e+02
   1.7266831e+02
   1.2588232e+02
   1.1093069e+02
   1.1911917e+02
   5.5298059e+01
   6.7611195e+00
  -5.0316062e+00
  -2.1281330e+00
  -1.9212837e+01
  -1.7896564e+01
  -1.3108924e+01
  -7.6733574e+00
  -6.8976293e+00
  -1.4329829e+01
  -1.9296851e+01
  -1.1338814e+01
  -1.0336703e+01
  -9.8097129e+00
  -8.2543475e+00
  -9.2139981e+00
  -5.3134080e+00
  -3.3360874e+00
  -2.7073983e+00
  -1.8229738e+00
             NaN
             NaN
  -5.5210657e+00
  -2.5476480e+00
  -3.2733799e+00
  -1.7458246e+00
  -1.5290519e+00
  -3.2154108e+00
  -4.8110102e+00
  -1.4969165e+00
             NaN
             NaN
  -1.0787006e+00
   6.4337781e-01
   5.9747511e+00
   3.3061177e+01
   1.2346424e+01
   2.5904492e+01
             NaN
             NaN
             NaN
             NaN
             NaN
             NaN
             NaN
   5.3322176e+00
   7.1256385e+01
   2.5368512e+01
   1.6099272e+02
   1.0680778e+02
   8.0324316e+01
   7.6032778e+00
  -6.5486817e+00
  -8.8112905e+00
             NaN
  -3.8636330e+00
             NaN
             NaN
  -5.0787549e+00
             NaN
             NaN
             NaN
  -2.2956390e+01
  -1.8827186e+01
  -1.3641911e+01
  -1.0402798e+01
  -1.3164605e+01
  -2.0655817e+01
  -1.3476881e+01
  -1.2735436e+01
  -1.5184696e+01
  -1.3335180e+01
  -1.2779834e+01
  -1.5957302e+01
  -1.4194613e+01
  -9.7345304e+00
  -6.0746324e+00
  -1.4376216e+01
  -6.6020200e+00
  -4.5578060e+00
  -5.3614196e+00
  -6.0341149e-01
   1.7422996e+01
   3.7679957e+01
   8.6321565e+01
   4.6562774e+01
   1.2491537e+02
   5.3652978e+01
   2.1507210e+01
   3.0259971e+01
   3.2628915e+01
  -1.0069852e+01
   3.4495424e+00
   1.2540463e+01
   4.5922910e+00
  -1.6328390e+01
  -1.3870752e+01
  -1.5082632e+01
  -1.2191508e+01
  -2.6934978e+01
  -2.3671047e+01
  -4.8359755e+01
  -3.1298772e+01
  -1.9368529e+01
  -3.6790235e+01
  -3.2762811e+01
  -2.5752170e+01
  -2.8572556e+01
  -1.9147022e+01
  -1.5366951e+01
  -2.2673473e+01
  -2.3020667e+01
  -2.5869392e+01
  -1.8736506e+01
  -2.1298749e+01
  -4.2552839e+01
  -2.3156638e+01
  -1.9241585e+01
  -1.8074682e+01
  -5.8614353e+01
  -4.8719638e+01
  -3.0278700e+01
  -2.7608362e+01
  -2.3104462e+01
  -1.7742689e+01
  -3.1351728e+01
  -3.3731641e+01
  -2.2096525e+01
  -1.0716786e+01
   3.0533304e+01
   6.1746465e+01
   8.4838560e+01
   1.0210260e+02
   1.9668442e+02
   2.0352398e+02
   2.2526058e+02
   1.1066188e+02
   6.4953354e+01
   1.1162478e+02
   2.7591614e+02
             NaN
   1.1248596e+02
   5.1102500e+01
   5.7881934e+01
   1.0651420e+01
   2.2164290e+01
  -8.1797790e+00
  -1.2175533e+01
             NaN
             NaN
  -4.6589349e+00
             NaN
             NaN
             NaN
   5.0049568e+00
             NaN
             NaN
             NaN
             NaN
             NaN
             NaN
             NaN
             NaN
             NaN
             NaN
             NaN
  -8.7008350e+00
  -5.4400794e+00
             NaN
             NaN
  -5.2869852e+00
  -5.0522890e+00
  -3.6719653e+00
  -2.9094126e+00
  -1.4097474e+00
  -3.0561749e+00
  -2.9200557e+00
  -7.3747285e+00
  -3.1131791e+00
  -4.7325776e+00
   8.0722969e+00
   5.4213593e+01
             NaN
   5.1771858e+01
   7.9993102e+01
   9.1083749e+01
   1.1136876e+02
   6.4845963e+01
   6.1136354e+01
   3.6999135e+01
   3.7267505e+01
  -1.0977673e-01
  -8.6316509e-01
  -1.2300633e+01
  -1.7635977e+01
  -1.5500558e+01
   2.3193706e+00
  -3.9740777e+00
  -4.4350067e+00
  -2.6372614e+00
  -1.4252676e+01
  -1.7852315e+01
             NaN
             NaN
             NaN
             NaN
             NaN
             NaN
             NaN
             NaN
  -1.0154514e+01
  -1.6756429e+01
  -2.6391558e+01
  -2.3259369e+01
  -3.0322957e+01
  -5.3515103e+01
  -4.4495449e+01
  -3.8750611e+01
  -5.2723266e+01
  -4.5265838e+01
  -4.8859446e+01
  -5.2798215e+01
  -3.9751194e+01
  -3.5673603e+01
  -2.1713317e+01
   1.7754692e+01
   5.0090322e+01
   1.2009348e+02
   1.4322069e+02
   1.4145418e+02
   2.1609169e+02
   3.2182468e+02
   2.9961810e+02
   3.1652558e+02
   2.3119809e+02
   3.7131938e+02
   2.5684204e+02
   1.9901380e+02
             NaN
   1.2734413e+02
   1.0698371e+02
   1.3204962e+02
   8.7689805e+01
   5.4605335e+00
  -5.7869156e+00
             NaN
             NaN
             NaN
             NaN
             NaN
             NaN
             NaN
             NaN
             NaN
             NaN
             NaN
             NaN
             NaN
             NaN
             NaN
             NaN
             NaN
             NaN
  -2.2582496e+00
             NaN
             NaN
             NaN
             NaN
             NaN
             NaN
             NaN
             NaN
             NaN
             NaN
   1.3175834e+01
   5.8069335e+01
   1.4701173e+02
   2.3895338e+02
   3.1130351e+02
   2.5670098e+02
   2.4451016e+02
   2.2972345e+02
   2.1040814e+02
   2.2683409e+02
   4.6857563e+02
   1.9014258e+02
   2.0692043e+02
   1.7886106e+02
   1.0597614e+02
  -8.4419355e+00
  -8.9423610e+00
  -6.1172263e+00
  -1.2632457e+01
  -8.2442084e+00
             NaN
             NaN
             NaN
             NaN
  -5.1399193e+00
  -2.7892720e+01
  -5.2536869e+00
             NaN
             NaN
             NaN
             NaN
  -1.2313186e+01
  -2.6767738e+01
  -9.0449411e+00
  -7.5532319e+00
  -1.8648413e+01
  -2.9103542e+01
  -2.5584147e+01
  -3.0607912e+01
  -3.2089512e+01
  -2.1971541e+01
  -7.2855382e+00
  -1.3956676e+01
  -1.5144169e+01
  -1.4582482e+01
  -2.1362176e+01
  -1.7965412e+01
  -2.0096895e+01
  -6.0017515e+00
   6.0746452e-01
   1.2198405e+00
   7.3780918e+00
   3.2106412e+01
   5.4051272e+01
   1.0098040e+02
   8.1112193e+01
   5.7481179e+01
   3.3999996e+00
  -1.5471314e+00
   1.4743529e+01
   2.5951977e+01
   2.0812142e-01
  -5.1999297e+00
  -3.3551481e+00
  -3.4584785e+00
  -7.7837958e+00
  -6.1539232e+00
  -6.7175510e+00
  -1.4144168e+00
             NaN
  -6.7782409e+00
  -6.1176049e+00
  -7.4868767e+00
  -6.9884577e+00
             NaN
  -4.6294982e+00
             NaN
  -3.8663923e+00
  -1.1874644e+01
  -1.5182280e+01
  -1.3801487e+01
  -2.1041126e+01
  -1.4104261e+01
  -1.2502645e+01
  -1.2306588e+01
  -8.8175185e+00
  -6.2731999e+00
  -5.3125147e+00
  -8.6211441e+00
  -2.4599443e+00
  -6.1092488e+00
  -1.4433046e+01
  -1.2991342e+01
  -1.5974563e+01
   1.5224866e+01
   3.6364088e+01
   4.5461540e+01
   6.2015311e+01
   1.0293561e+02
   1.0709902e+02
   2.3495551e+02
   1.3800784e+02
   2.3731783e+02
   9.9205280e+01
   1.0324025e+02
   1.0020091e+02
   1.1460559e+02
   4.8798222e+01
   1.3451972e+02
   1.9414242e+01
  -1.4357738e+01
   4.1147545e+00
  -2.1688040e+01
  -4.2757600e+01
  -9.1154820e+01
  -1.0355502e+02
  -8.5484606e+01
  -9.8519603e+01
  -8.7468569e+01
  -8.5776078e+01
  -8.5316873e+01
  -8.2070319e+01
  -7.5537343e+01
  -7.1918533e+01
  -6.5144826e+01
  -3.9964711e+01
  -5.0925195e+01
  -1.6018189e+01
  -2.7231754e+01
  -4.0793557e+01
  -2.6611129e+01
  -3.0342876e+01
  -3.3773165e+01
  -5.6179814e+01
  -5.1971545e+01
  -4.8276124e+01
  -5.7202650e+01
  -4.4285094e+01
  -3.6115668e+01
  -4.1039637e+01
  -4.7441554e+01
  -2.6687964e+01
  -3.9801240e+01
  -1.3393657e+01
   3.1352642e+01
   1.0123861e+02
   1.3207056e+02
   2.1764769e+02
   2.1776305e+02
   2.7184895e+02
   1.9296011e+02
   3.2694876e+02
   3.0147553e+02
   2.5820311e+02
   1.9918757e+02
   9.2452912e+01
   8.9445884e+01
   6.5211129e+01
   6.3960575e+01
   6.3916139e+00
   7.6972500e+00
  -1.4844887e+01
  -7.2179520e+00
  -2.8555264e+01
  -7.1038570e+00
  -4.5922427e+00
  -2.1189629e+01
  -7.1159440e+00
             NaN
  -6.2517070e+00
  -3.7454782e+01
  -4.6466596e+01
  -2.3006976e+01
  -1.8351742e+01
  -2.2066290e+01
  -1.7391226e+01
  -2.2404284e+01
  -1.5151441e+01
  -1.3024409e+01
  -5.7151910e+00
  -1.6539529e+01
  -1.5281581e+01
  -1.3880707e+01
  -1.1222770e+01
  -1.1482350e+01
  -1.6447907e+01
  -9.6087254e+00
  -1.5930824e+01
  -2.5395385e+01
  -7.4923677e+00
  -2.5110213e+01
  -2.3164448e+01
   6.0580051e+01
   8.8626984e+01
   1.3222777e+02
   1.4830438e+02
   2.1902167e+02
   2.4412988e+02
   3.3411714e+02
   3.5528372e+02
   2.9506117e+02
   2.8558155e+02
   3.1763526e+02
   2.3304313e+02
   2.5529811e+02
   1.5932041e+02
   1.1778436e+02
   7.8314004e+01
   2.9740552e+01
  -8.6613502e+00
  -1.3750331e+01
             NaN
             NaN
             NaN
             NaN
  -2.3462874e+01
  -5.8072719e+01
  -7.4614062e+01
  -5.0469848e+01
  -4.7256962e+01
  -5.2089233e+01
  -2.3332048e+01
  -3.9130074e+01
  -2.1549979e+01
  -2.9653089e+01
  -2.1467197e+01
  -1.6715649e+01
  -9.7786143e+00
  -7.9927330e+00
  -2.0836312e+01
  -2.0831917e+01
  -9.8110564e+00
  -1.1532345e+01
  -1.5359298e+01
  -1.3835408e+01
  -1.5073594e+01
  -1.6843838e+01
  -1.7557839e+01
  -2.3533345e+01
             NaN
   1.7423360e+01
   8.4515784e+01
   1.4493017e+02
   1.8193789e+02
   2.0379354e+02
   2.5122789e+02
   2.7912434e+02
   3.4654277e+02
   2.8067636e+02
   2.7617754e+02
   2.3836964e+02
   2.0767402e+02
   2.5482354e+02
   1.2367337e+02
   1.3825466e+02
   7.6421328e+01
   1.6885989e+01
  -1.3058530e+01
  -4.3510462e+01
  -3.8801951e+01
  -3.1991083e+01
  -1.5170205e+01
  -1.4053781e+01
  -3.3380281e+01
  -3.5091159e+01
  -2.8224783e+01
  -3.6263197e+01
  -2.9020430e+01
  -3.1280990e+01
  -3.0526757e+01
  -3.8642018e+01
  -2.3722842e+01
  -2.8159561e+01
  -4.0611788e+01
  -3.2240788e+01
  -2.6902782e+01
  -2.5823019e+01
  -2.7755079e+01
  -2.5739794e+01
  -3.2150140e+01
  -2.6894543e+01
  -3.2651632e+01
  -3.6397554e+01
  -5.0732792e+01
  -3.3885457e+01
  -4.8287309e+01
  -5.1252063e+01
  -8.5289356e+00
   1.0156970e+01
   4.9749231e+01
   7.9167739e+01
   1.2646945e+02
   1.7571139e+02
   2.6379959e+02
   1.8320138e+02
   2.5304877e+02
   3.0141318e+02
   1.5070474e+02
   3.5152637e+02
   1.3051475e+02
   1.4797735e+02
   9.6510790e+01
   9.4971511e+01
   2.9599342e+01
   9.9762266e-01
  -3.5457402e+00
             NaN
             NaN
             NaN
             NaN
             NaN
             NaN
             NaN
             NaN
  -1.3756547e+01
  -4.1725848e+00
             NaN
             NaN
             NaN
             NaN
             NaN
             NaN
             NaN
             NaN
  -6.1571698e+00
             NaN
  -1.0929911e+01
  -2.6398265e+00
             NaN
             NaN
             NaN
             NaN
             NaN
             NaN
             NaN
  -2.3222386e+00
             NaN
             NaN
   6.9664045e-01
   6.7338853e+01
   6.2672211e+01
   6.6777886e+01
             NaN
             NaN
   9.6864542e+01
   1.4581241e+02
   3.8616596e+02
   1.2353477e+02
   1.7874382e+02
   4.9999550e+01
   1.1779810e+02
   1.7642609e+02
   4.5658751e+01
  -2.7612069e+00
  -4.7327133e+00
             NaN
             NaN
             NaN
             NaN
             NaN
             NaN
             NaN
  -5.9006694e-01
             NaN
             NaN
             NaN
             NaN
             NaN
             NaN
             NaN
             NaN
             NaN
             NaN
             NaN
  -4.4888651e+00
             NaN
             NaN
             NaN
             NaN
             NaN
             NaN
             NaN
             NaN
             NaN
  -6.2588755e+00
   3.7176920e+00
   2.4064423e+01
   9.0051360e+01
   1.8662902e+02
   2.2009063e+02
             NaN
   3.4357005e+02
   2.2003028e+02
   3.0957161e+02
             NaN
   1.5389350e+02
   2.6426054e+01
   1.1226106e+01
   1.8070796e+01
   4.3466303e+01
  -1.0281733e+00
  -4.6748906e+00
             NaN
             NaN
   4.2161320e+00
             NaN
             NaN
  -2.0902151e+01
  -3.5142850e+00
  -7.7668310e+00
  -1.5543313e+01
  -3.2051534e+01
  -7.4113734e+00
             NaN
  -1.1687324e+01
  -2.4328134e+01
             NaN
  -2.8309993e+00
  -6.3762113e+00
  -3.3421792e+00
             NaN
  -1.8405443e+01
  -8.5156088e+00
             NaN
             NaN
             NaN
  -1.6305804e+01
  -5.1765614e+00
             NaN
  -6.3858745e+00
  -6.8615649e+00
  -4.9471288e-01
  -2.9565511e+00
   7.8236027e-01
   2.3008900e+01
   1.4917229e+01
   6.5896140e+01
   2.8272099e+01
   1.6986403e+01
   1.5479221e+02
   1.6614981e+02
   1.1184604e+02
   6.5742569e+01
   1.2643642e+02
   7.1322910e+01
   3.9332361e+01
   5.6138026e+01
   3.4283604e+01
  -8.8776300e+00
  -7.6508114e+00
  -4.3245575e+00
   7.5462545e+00
             NaN
             NaN
  -3.4771179e+00
  -8.6898311e+00
             NaN
             NaN
             NaN
             NaN
             NaN
             NaN
  -6.0110367e+00
  -1.8940752e+01
  -1.2559103e+01
  -1.3168034e+01
  -2.5622695e+01
  -2.1933563e+01
  -4.1533624e+01
  -4.8874107e+01
  -3.6725118e+01
  -2.3627291e+01
  -1.8159496e+01
  -1.3231162e+01
  -6.5116967e+00
  -1.5193824e+01
  -1.2937389e+01
  -1.6206687e+01
  -1.7353171e+01
  -1.3319153e+01
  -5.1731533e+00
   2.7159322e+01
   5.2079721e+01
   9.6858165e+01
   9.9855316e+01
   1.7862573e+02
   5.0220687e+01
   8.5060958e+01
   1.2551722e+02
   6.0665990e+01
   3.3703981e+01
   3.6547510e+00
  -1.2290530e+01
  -2.5779549e+01
  -2.2099550e+01
  -2.0228790e+01
  -2.0738547e+01
  -2.4859689e+01
  -3.4673071e+01
  -3.5136332e+01
  -5.0700641e+01
  -4.8048016e+01
  -4.2187799e+01
  -3.7737050e+01
  -5.1999723e+01
  -6.2237553e+01
  -5.0622724e+01
  -5.3255304e+01
  -5.7102259e+01
  -3.9091929e+01
  -5.6437134e+01
  -6.0126190e+01
  -5.3259867e+01
  -5.9599683e+01
  -3.7322009e+01
  -3.4282747e+01
  -3.0667898e+01
  -4.3534517e+01
  -4.9147426e+01
  -4.1051328e+01
  -3.8828172e+01
  -4.5362404e+01
  -3.8592984e+01
  -4.4812399e+01
  -4.5912391e+01
  -3.6718099e+01
  -2.7213818e+01
  -2.9827614e+01
  -2.5244027e+01
  -2.1399790e+01
  -1.3961482e+01
  -1.2005130e+01
  -7.3361527e+01
  -5.4988428e+01
  -8.6410753e+01
  -1.0786553e+02
  -1.6711444e+01
  -2.3611714e+01
   5.1729155e-01
  -5.3356462e+01
  -4.0176115e+01
  -4.8505375e+01
  -4.0071222e+01
  -1.7529627e+01
  -3.2087590e+01
  -5.3555384e+01
   3.2927310e+01
  -1.5690580e+02
   2.5221179e+01
  -7.9860281e+01
  -3.1463141e+01
  -3.3708129e+00
  -2.3686357e+01
  -3.7561555e+01
  -2.3213968e+01
  -2.6773048e+01
  -1.5157183e+01
  -1.6240105e+01
  -3.9409535e+01
  -3.7566141e+01
  -2.1893701e+01
  -1.4914537e+01
  -2.0108227e+01
  -2.9963205e+01
  -2.1184486e+01
  -2.8453652e+01
  -3.6684113e+01
  -2.9930209e+01
  -1.3224396e+01
  -2.0759205e+01
  -1.1136142e+01
  -1.7797604e+01
  -2.7313918e+01
  -1.3566313e+01
  -2.2874718e+01
  -2.3500266e+01
  -1.3229283e+01
   1.2210861e+01
   3.8388260e+01
   5.0486659e+01
   1.2215155e+02
   1.9796525e+02
   3.0586745e+02
   2.1823224e+02
   1.9667095e+02
   2.3033498e+02
   1.9188767e+02
   1.3578697e+02
   1.1975267e+02
   1.2984513e+02
   1.1493097e+02
   1.8460656e+01
  -8.5120171e+00
  -1.4676565e+02
             NaN
  -3.8115448e+01
  -7.5840281e+00
  -4.7829247e+01
  -5.4859606e+01
  -5.0959324e+01
  -3.9159617e+01
  -5.6200055e+01
  -6.8915930e+01
  -6.8316497e+01
  -4.5969057e+01
  -7.1409476e+01
  -8.7124606e+01
  -7.2471982e+01
  -6.3140949e+01
  -8.0271292e+01
  -4.2828251e+01
  -3.2686542e+01
  -3.1384316e+01
  -2.7040082e+01
  -3.4708403e+01
  -4.1325922e+01
  -3.9408199e+01
  -2.1846061e+01
  -6.0299597e+01
  -7.8133083e+01
  -1.0404913e+02
  -6.2633553e+01
  -4.5612404e+01
  -1.0307337e+01
   3.1858330e+01
   6.1914734e+01
   1.2237426e+02
   1.3921328e+02
   2.4698401e+02
   1.8497409e+02
   3.1568348e+02
   2.6197538e+02
   2.9470507e+02
   3.0263748e+02
   2.9524996e+02
   1.6639084e+02
   2.0188850e+02
   2.9168542e+02
   9.2680314e+01
   8.3432401e+01
   3.0745036e+01
  -1.4661254e+01
  -5.4454763e+00
             NaN
             NaN
             NaN
             NaN
             NaN
  -1.6391745e+01
  -4.8867570e+01
  -5.3275810e+01
  -5.2860288e+01
  -2.6766411e+01
  -2.4812746e+01
  -4.5201534e+01
  -2.9730734e+01
  -3.6310480e+01
  -4.6219865e+01
  -6.1770648e+01
  -4.0017791e+01
  -2.7302648e+01
  -1.9652212e+01
  -2.1558880e+01
  -4.3833799e+01
  -4.3105645e+01
  -7.5351379e+01
  -6.8074993e+01
             NaN
  -5.1682447e+01
  -5.4097422e+01
  -3.2827392e+01
   9.3011058e+00
   5.0859384e+01
   1.0415685e+02
   1.7977082e+02
   1.5072447e+02
   2.3038115e+02
   1.5968425e+02
   2.9261917e+02
   2.7489196e+02
   2.5495698e+02
   3.1985615e+02
   2.2188180e+02
   1.9794064e+02
   1.8887935e+02
   1.6444164e+02
   8.1398723e+01
   8.5316141e+01
   3.5762623e+01
  -6.7083563e+00
  -1.6185635e+01
  -3.6263168e+01
  -4.7448569e+01
  -4.4268493e+01
  -4.6481761e+01
  -3.4305241e+01
  -4.9953572e+01
  -3.1127664e+01
  -4.3117516e+01
  -2.8055031e+01
  -3.6750634e+01
  -5.1499307e+01
  -3.0028053e+01
  -5.1190569e+01
  -4.6236024e+01
  -2.9399987e+01
  -3.9818170e+01
  -3.3184761e+01
  -2.8031758e+01
  -3.5171320e+01
  -1.8512233e+01
  -3.3917047e+01
  -2.5807757e+01
  -4.5434709e+01
  -4.5179914e+01
  -2.3194688e+01
  -3.1908318e+01
  -2.3824594e+01
  -1.8832397e+01
   3.2643857e+00
   1.4173307e+01
   1.7836055e+01
   2.8970691e+01
   8.0239671e+01
   7.3364069e+01
   1.2009132e+02
   2.2571795e+02
   2.7764870e+02
   1.2270141e+02
   2.0224419e+02
   1.3529406e+02
   8.3029320e+01
   1.5370387e+02
   7.9618738e+01
   3.9863731e+01
   2.2245013e+01
   7.2094496e+00
   1.8698029e+00
  -2.1921752e+00
  -1.4194049e+00
  -2.6830688e+00
  -3.1552095e+00
  -1.3402037e+01
  -1.0200738e+01
  -9.5445452e+00
  -9.3657948e+00
  -1.7597196e+01
  -1.9996945e+01
  -2.5575707e+01
  -1.7224686e+01
  -1.5615568e+01
  -1.7731473e+01
  -1.1892383e+01
  -7.0139611e+00
  -1.2925552e+01
  -1.7384231e+01
  -1.7403410e+01
  -1.9380784e+01
  -2.3554028e+01
  -2.2567034e+01
  -2.2453605e+01
  -2.7347586e+01
  -2.3970586e+01
  -3.7044447e+01
  -2.8735484e+01
  -2.6506702e+01
  -1.7560858e+01
  -1.4746264e+01
   2.8624817e+01
   7.5779378e+01
   1.1439287e+02
   1.8555296e+02
   2.8000964e+02
   3.8489186e+02
   3.7480134e+02
   3.5060534e+02
   3.7252263e+02
   3.6534446e+02
   3.8289036e+02
   2.1073005e+02
   3.3705019e+02
   2.3392203e+02
   1.8102550e+02
   1.0707972e+02
   5.5276326e+01
   8.3835893e+00
             NaN
             NaN
  -8.6601864e+00
  -4.2656820e+00
  -1.7465439e+01
  -1.7700904e+01
             NaN
             NaN
             NaN
             NaN
  -2.9289744e+01
  -1.5072642e+01
  -2.1212347e+01
  -1.2077795e+00
  -8.9344132e+00
  -6.8128039e+00
  -1.4260768e+01
  -1.0765209e+01
  -6.1946750e+00
  -1.2616306e+01
  -6.5611351e+00
  -1.2849959e+01
  -3.4136402e+00
  -3.6100318e+00
  -3.6983335e+00
  -3.6323446e+00
  -6.1202693e+00
  -3.8907502e+00
  -6.4975883e+00
  -7.2127476e+00
   4.3095836e+00
   3.6674107e+00
   6.8241010e+00
   5.0270434e+01
   1.1842564e+02
   1.3551583e+02
   9.6902727e+01
   8.1613128e+01
  -3.4701727e+00
   1.8005455e+01
   1.1848160e+01
   8.6242515e+01
   1.5428365e+01
   1.1302838e+01
   2.6028317e+01
   1.1749664e+01
  -7.8370755e+00
   1.2942026e+01
  -4.3339013e+01
  -5.6477308e+01
  -5.6868347e+01
  -6.5003592e+01
  -6.7657335e+01
  -7.3380338e+01
  -7.4155924e+01
  -7.3659000e+01
  -4.4974461e+01
  -5.8325936e+01
  -5.2433851e+01
  -4.3433076e+01
  -6.0325598e+01
  -3.5043633e+01
  -5.1063031e+01
  -6.7189739e+01
  -6.8351004e+01
  -6.7876669e+01
  -7.5152707e+01
  -6.8054298e+01
  -5.2449533e+01
  -4.3366633e+01
  -3.5919717e+01
  -9.1631857e+01
  -4.0272717e+01
  -1.2003122e+01
             NaN
             NaN
  -8.0229609e+00
             NaN
   5.7630561e+00
   6.7270418e+01
   1.0736465e+02
   2.1065092e+02
   1.9587183e+02
   1.7805232e+02
   1.8255470e+02
   2.7513378e+02
   2.8101102e+02
   3.3367795e+02
   1.9992674e+02
   2.5937248e+02
   1.4236556e+02
   2.1161201e+02
   1.4104778e+02
   7.9843339e+01
   3.5551977e+01
  -1.4263147e+01
  -3.5521970e+01
  -3.1622218e+01
  -3.4997467e+00
  -1.8849160e+01
             NaN
  -1.0780205e+01
             NaN
   1.7709040e-01
             NaN
             NaN
             NaN
             NaN
             NaN
             NaN
  -6.9916335e+00
  -3.5605317e+00
  -6.4442535e+00
  -1.2385815e+01
  -2.2711367e+01
  -3.1726046e+01
  -2.4698196e+01
  -2.7437146e+01
  -2.1879246e+01
  -2.0203201e+01
  -1.9071752e+01
  -1.2589714e+01
  -1.5662833e+01
             NaN
  -2.3930233e+01
  -4.9823575e+00
   5.0742121e+01
   1.1564841e+02
   1.6503293e+02
   2.7069654e+02
   2.5536546e+02
   1.8501525e+02
   2.5160632e+02
   2.4409606e+02
   5.4315172e+02
   2.9451820e+02
   2.3370174e+02
   1.3009266e+02
   1.3931074e+02
   5.9558358e+01
   1.2839255e+01
  -2.3674135e+00
  -1.8524330e+01
  -2.5485878e+01
  -3.0355851e+01
  -2.4594696e+01
  -4.6864186e+00
  -9.9141278e+00
  -3.5337048e+01
  -1.8741822e+01
  -1.5640682e+01
  -1.8317331e+01
  -8.9083468e+00
  -3.5870420e+01
  -3.9319952e+01
  -2.0206868e+01
  -2.6587795e+01
  -5.2404770e+01
  -3.7267792e+01
  -2.9447568e+01
  -3.3989927e+01
  -5.4566061e+01
  -5.8420384e+01
  -6.1673272e+01
  -3.8990490e+01
  -2.1137661e+01
  -1.4563459e+01
  -2.8716424e+01
  -7.0712761e+01
  -8.0395129e+01
  -7.8235810e+01
  -3.5731602e+01
  -3.8037806e+01
  -3.5068309e+01
  -2.7596870e+01
   4.2165791e+00
   5.6185800e+01
   1.1041044e+02
   1.0020685e+02
   2.2216539e+02
   2.5560743e+02
   2.3816402e+02
   2.5860471e+02
   2.4865054e+02
   2.2819178e+02
   2.2967692e+02
   1.4679605e+02
   1.5590402e+02
   8.5758293e+01
   3.8660357e+01
  -1.7498307e+01
  -2.5377978e+01
  -3.0347184e+01
  -2.6947843e+01
  -6.3625603e+01
  -4.7532311e+01
  -4.5699919e+01
  -3.9902421e+01
  -8.1660749e+01
  -7.1785931e+01
  -4.4327172e+01
  -6.2317588e+01
  -5.0131454e+01
  -8.8669202e+01
  -6.9057510e+01
  -5.6605997e+01
  -4.6279286e+01
  -4.8721711e+01
  -5.2564676e+01
  -2.6227992e+01
  -3.9343570e+01
  -3.6327348e+01
  -2.5132993e+01
  -1.3263311e+01
  -2.6128067e+01
  -5.7767600e+00
  -1.2054950e+00
  -7.4306755e+00
  -1.3411874e+00
             NaN
             NaN
             NaN
   1.4494527e+01
   1.0457239e+02
   1.5151037e+02
   2.4889646e+02
   2.5513088e+02
   3.9558164e+02
   4.5946126e+02
   4.6784139e+02
   3.4917162e+02
             NaN
   5.2122520e+02
             NaN
   2.6450799e+02
   1.6135989e+02
   1.3292064e+02
   1.2301456e+02
   3.5307937e+01
  -3.2233415e+00
  -6.1804362e+00
             NaN
             NaN
             NaN
             NaN
  -5.3541430e+00
  -7.1967754e+00
  -1.1667673e+01
  -3.8883826e+00
  -1.5006543e+01
  -2.6448307e+01
  -2.3634470e+01
  -5.5711893e+01
  -2.5742520e+01
  -1.3396721e+01
  -3.5753016e+01
  -4.3587057e+01
  -5.3205591e+01
  -5.0848809e+01
  -6.5733627e+01
  -4.8107274e+01
  -5.4573571e+01
  -6.4528572e+01
  -7.9439121e+01
  -5.3534077e+01
  -5.0668087e+01
  -5.1156406e+01
  -4.3447282e+01
  -3.1211799e+01
  -2.6726705e+01
  -1.2087721e+01
   2.2187621e+01
   1.5854088e+01
   3.1290076e+01
   3.6059099e+01
   4.5924769e+01
   7.9024622e+01
   1.4079645e+02
   6.8159872e+01
   1.2682779e+02
   1.2205857e+02
             NaN
             NaN
             NaN
             NaN
             NaN
  -1.5107592e+01
  -1.7039885e+01
   3.1413089e+01
  -1.6445113e+01
  -1.5696475e+01
  -2.4063130e+01
  -9.0399235e+00
  -1.0690349e+01
  -3.3487525e+01
  -1.5860427e+01
  -1.4624822e+01
  -3.8129850e+01
  -1.1090623e+02
  -7.0714235e+01
  -4.3771466e+01
  -5.3045851e+01
  -8.1781468e+01
  -6.0299842e+01
  -5.5450124e+01
  -4.0671352e+01
  -3.4878286e+01
  -3.0189582e+01
  -2.4361651e+01
  -2.8892126e+01
  -1.0842869e+01
  -2.1095381e+01
  -4.3391358e+01
  -2.8193777e+01
  -4.1952077e+01
  -3.7299439e+01
  -4.4116483e+01
  -1.8140599e+01
   1.7576348e+01
   2.0296056e+01
   1.0833369e+02
   1.6506814e+02
   1.7748675e+02
   2.3089249e+02
   2.5009541e+02
   3.7854082e+02
   2.9897238e+02
   2.9021419e+02
   3.4708576e+02
   1.9698190e+02
   2.4480563e+02
   2.1855194e+02
   1.0764110e+02
   8.4967253e+01
   3.4992921e+01
  -4.3638305e+00
   4.1896493e+00
             NaN
             NaN
             NaN
             NaN
             NaN
             NaN
             NaN
             NaN
             NaN
  -1.2722325e+01
  -1.0619717e+01
  -1.1936133e+01
  -1.8512617e+01
  -8.0129518e+00
  -5.5733252e+00
  -1.0651730e+01
  -2.4706021e+01
  -5.1776776e+01
  -2.3865460e+01
  -2.0880195e+01
  -1.2568824e+01
  -4.0946217e+01
  -9.7784188e+00
  -4.5377810e+01
  -5.1674744e+01
  -2.8247004e+01
             NaN
             NaN
  -4.8230764e+00
  -2.4592945e+01
   1.6548956e+01
   9.2423844e+01
   1.0569433e+02
   1.4822832e+02
   2.6309499e+02
   3.0472842e+02
   2.0758144e+02
   2.6581840e+02
   2.7697110e+02
   3.0828917e+02
   2.4575625e+02
   1.6316307e+02
   1.2924183e+02
   1.1312475e+02
   8.2255633e+01
   1.2792815e+01
  -1.7951722e+01
  -1.5963148e+01
  -2.1641935e+01
  -1.4120707e+01
  -9.3824219e+00
  -3.2612032e+01
  -2.9564521e+01
  -2.6578035e+01
  -3.6787367e+01
  -2.5423572e+01
  -6.5601080e+00
             NaN
  -6.9586752e+00
  -1.0453240e+01
  -2.1016989e+01
  -2.3552691e+01
  -1.7941977e+01
  -3.0576335e+01
  -1.8221160e+01
  -1.7848322e+01
  -1.4787571e+01
  -4.2975857e+01
  -6.2457602e+01
  -3.9855038e+01
  -8.1281007e+00
  -1.4248098e+01
  -1.6821043e+01
  -1.6822063e+01
  -3.2132476e+01
  -2.1693941e+01
  -2.0300022e+01
  -1.0226558e+01
   1.6036152e+01
   2.6502633e+01
   4.3807334e+01
   8.3357652e+01
   8.3001308e+01
   2.7810538e+02
   1.3301909e+02
   8.0921234e+01
   1.3928443e+02
   1.7515951e+02
   5.5747068e+01
   4.6597088e+01
   3.0684566e+01
   1.4845046e+01
   6.0723106e+00
   2.4933547e+00
  -9.1234250e+00
  -1.3034182e+01
             NaN
             NaN
             NaN
             NaN
  -7.8249403e+00
             NaN
             NaN
  -6.7836930e+00
  -5.6165379e+00
             NaN
             NaN
             NaN
             NaN
             NaN
             NaN
  -2.2696702e+01
  -8.9619354e+00
  -1.5823748e+01
  -1.3011558e+01
  -1.2410399e+01
  -7.7235334e+00
  -7.1034907e+00
  -1.0911912e+01
   9.0702754e-02
  -5.0018531e+00
  -1.6222856e+00
  -2.9137396e+00
  -3.8118600e+00
   7.8369324e+00
   1.5715184e+01
   4.2467557e+01
             NaN
             NaN
   6.0455822e+01
   6.5130603e+01
   4.7157237e+01
   8.3713941e+01
   1.0258771e+02
   8.3366892e+01
   8.8355943e+01
   1.4574531e+02
   9.9956943e+01
   1.7390735e+02
   1.1912549e+02
   8.6417416e+01
   5.7654366e+01
   4.4461652e+00
  -3.7265685e+00
  -1.2668314e+01
  -9.4825410e+00
  -1.7893318e+01
  -1.5440878e+01
  -1.0152739e+01
  -6.0533896e+00
  -1.4183712e+01
  -9.9543480e+00
  -1.5321389e+01
  -3.3485619e+00
  -3.8513816e+00
  -4.5481395e+00
  -1.0515916e+01
  -1.3806195e+00
  -7.5248099e+00
  -4.4053467e+00
  -3.1900763e-01
  -1.7529483e+00
   2.9358344e-01
  -1.7198029e+00
  -1.9998675e+00
  -4.0983678e+00
  -1.8624847e+00
  -1.4993398e+00
  -2.9859007e+00
  -9.3610394e-01
  -4.1827055e+00
  -4.2016320e+00
   2.5610825e-01
   4.7142884e+00
  -3.5728767e+00
  -1.2454906e+00
   2.6441743e+01
   1.1142110e+01
   3.2500304e+01
   4.2987536e+01
   4.8485900e+01
   5.5258786e+01
   9.6573148e+01
   8.8536716e+01
   5.8892513e+01
   1.0228125e+02
   2.2213739e+01
   1.6594740e+01
   1.0529287e+00
  -1.6099085e+00
             NaN
  -7.6770135e+00
  -3.2456985e+00
  -1.1303649e+01
  -3.1173831e+01
  -2.7612405e+01
  -3.6300800e+01
  -3.6661767e+01
  -3.1494326e+01
  -1.8853023e+01
  -2.8618231e+01
  -3.0952405e+01
  -3.6609731e+01
  -3.4909348e+01
  -3.4783499e+01
  -4.9979462e+01
   2.0511418e+01
  -7.6111594e+01
  -1.5445330e+00
             NaN
  -7.3912207e+01
  -9.6140764e+01
  -1.0642244e+02
  -6.8140054e+01
  -5.3698641e+01
  -9.5180557e+01
  -8.8387798e+01
  -1.6396818e+01
  -1.5432029e+01
   7.8727748e-01
   7.8260629e+00
             NaN
   3.4546587e+01
   9.7864069e+01
   8.3374213e+01
   8.4378197e+01
   1.7291754e+02
   2.4746986e+02
   1.9464376e+02
   1.8196440e+02
   2.6910300e+02
   2.2279118e+02
   8.4155713e+01
   2.2585951e+02
   2.0130426e+02
   1.0817537e+02
   4.9714866e+01
   5.0971764e+00
  -3.8225842e+01
  -3.0367843e+01
  -2.2632742e+01
  -1.9307592e+01
  -7.1641989e+01
  -6.2588343e+01
  -1.1176960e+02
  -7.5964236e+01
  -1.0816814e+02
  -8.8398202e+01
  -5.7217302e+01
  -7.7896010e+01
  -7.4942399e+01
  -6.4410893e+01
  -6.8752543e+01
  -6.3488877e+01
  -4.7760887e+01
  -6.5950604e+01
  -5.8085035e+01
  -6.8844235e+01
  -6.9757410e+01
  -4.5457419e+01
  -3.5009677e+01
  -7.0589032e+01
  -2.5150913e+01
  -2.0080322e+01
  -7.1093043e+01
  -4.5497545e+01
  -4.9485907e+01
  -5.4060027e+01
  -4.9185327e+01
   8.7103933e+00
   6.7132518e+01
   1.2655753e+02
   2.0052236e+02
   1.3162862e+02
   2.6804549e+02
   2.6503007e+02
   2.6769533e+02
   2.9964404e+02
   2.4634553e+02
   1.6197569e+02
   2.4208446e+02
   1.6825649e+02
   1.1883279e+02
   9.7688255e+01
   1.1765143e+02
   4.4632754e+01
  -1.0929412e+01
  -1.0258727e+01
  -5.3749920e+00
  -4.3856293e+00
  -5.5357756e+00
  -3.7409746e+01
  -3.2649088e+01
  -6.0830241e+01
  -5.4244606e+01
  -5.1533423e+01
  -3.3420507e+01
  -2.6383958e+01
  -2.1616100e+01
  -2.1561014e+01
  -3.7604453e+01
  -1.7095191e+01
  -3.3825715e+01
  -3.5112893e+01
  -2.2103093e+01
  -1.5896061e+01
  -1.9146258e+01
  -2.2381765e+01
  -1.9230148e+01
  -2.6645999e+01
  -3.2247827e+01
  -2.3912855e+01
  -2.0630056e+01
  -3.2687443e+01
  -2.0802798e+01
  -2.8017422e+01
  -1.1271801e+01
   1.3704674e+01
   6.9677146e+01
   6.4168998e+01
   1.7070648e+02
   1.1591994e+02
   1.7732427e+02
   1.2560316e+02
   2.4440245e+02
   1.6894402e+02
   3.2732388e+02
   2.4016242e+02
   2.3703457e+02
   9.4088260e+01
   9.3262434e+01
   6.5576218e+01
   5.6808086e+01
   3.2845997e+01
  -5.0116411e+00
  -1.9768784e+01
  -3.4667905e+01
  -3.1207963e+01
  -4.8793294e+01
  -2.9415646e+01
  -3.0020363e+01
  -3.6800602e+01
  -2.9013728e+01
  -2.6396606e+01
  -2.5370774e+01
  -3.1840942e+01
  -3.0908868e+01
  -1.5524806e+01
  -2.2675650e+01
  -1.7872242e+01
  -2.3068052e+01
  -2.0186371e+01
  -1.4320992e+01
  -6.4269107e+00
   1.9045919e+00
  -5.1677787e-01
  -1.3749611e+00
   3.7557127e+00
  -8.5002115e-02
   2.5893009e+00
  -1.6838030e+00
  -7.1891449e+00
  -5.4802445e+00
  -3.9642773e+00
  -9.3392213e-01
   5.7403685e+00
   8.3574979e+00
   5.8026786e+01
   1.4869333e+02
   2.2055255e+02
   1.4798851e+02
   1.9839815e+02
   2.8836869e+02
   1.7985989e+02
   2.4299367e+02
   1.8025330e+02
   2.2458994e+02
   2.3286268e+02
   1.1748172e+02
   8.2150220e+01
   4.7942381e+01
   1.4304655e+01
   4.7900666e+00
  -5.9535392e+00
  -7.7257097e+00
  -7.1079900e+00
  -7.2145888e+00
  -6.9612791e+00
  -6.8490660e+00
  -1.1255746e+01
  -8.6142083e+00
  -7.2549109e+00
  -9.1533461e+00
             NaN
  -4.9535070e+00
  -8.9449169e+00
             NaN
             NaN
  -6.1903541e+00
             NaN
  -3.1565765e+00
  -4.0745519e+00
  -7.0556002e+00
  -1.5530640e+00
             NaN
  -7.4969136e+00
  -3.1288548e+00
             NaN
             NaN
             NaN
             NaN
  -4.3706490e+00
  -1.2560865e+01
   1.0319199e+01
   1.0719452e+01
   4.6326484e+01
   4.8314839e+01
   7.9846300e+01
   6.2264423e+01
   2.2928607e+01
   6.4853209e+01
   5.7124450e+01
   1.2327516e+02
   1.2879280e+02
   1.0991668e+02
   5.7096342e+01
   1.1926779e+02
   6.5648237e+01
   4.9914527e+01
  -4.9172825e+00
  -1.4073077e+01
  -1.7541294e+01
  -1.9961914e+01
  -2.0962558e+01
  -1.9508308e+01
  -2.2067617e+01
  -1.7884046e+01
  -2.5617206e+01
  -1.9925991e+01
  -2.4658543e+01
  -3.1500772e+01
  -2.0545537e+01
  -2.4714512e+01
  -1.0461818e+01
  -7.9661481e+00
  -1.1769224e+01
  -1.6230856e+01
  -1.7727850e+01
  -1.6016609e+01
  -2.0776677e+01
  -1.5738413e+01
  -5.8020356e+00
  -1.2759215e+01
  -1.2742848e+01
  -2.5133913e+01
  -1.7018245e+01
  -1.8391054e+01
  -4.6636048e+01
  -7.7152091e+01
  -3.7107953e+01
  -2.1274836e+01
  -2.5982899e+00
   4.0368115e+01
   5.0123545e+01
   2.0076944e+02
   9.0177845e+01
   5.1467531e+01
   5.5450041e+01
   4.4126611e+01
   8.7948156e+01
   2.5674496e+01
   3.5354359e+01
   2.8957582e+01
   8.2964868e+01
   4.7309466e+01
   1.6311482e+01
   5.2215573e+00
   4.9989414e+00
  -2.5998293e+01
  -4.4065504e+01
  -6.0409408e+01
  -3.5246452e+01
  -4.9153492e+01
  -4.6863783e+01
  -6.3161807e+01
  -4.5908708e+01
  -6.8892658e+01
  -5.3312570e+01
  -6.7148142e+01
  -8.0796550e+01
  -6.4382315e+01
  -3.2912816e+01
  -4.9120056e+01
  -3.8661517e+01
  -5.4701578e+01
  -6.8237142e+01
  -5.9597909e+01
  -4.2549522e+01
  -6.8088574e+01
  -4.4721894e+01
  -3.7569743e+01
  -3.4137591e+01
  -1.2910860e+02
             NaN
  -2.9799792e+01
             NaN
  -2.8969353e+01
  -1.7534714e+01
   3.9438539e+01
   7.9811656e+01
   7.4338218e+01
   1.9241381e+02
   1.4905908e+02
   3.0063730e+02
   2.4817355e+02
   2.9463227e+02
   2.1671675e+02
   3.9406284e+02
   3.5580506e+02
   3.6370148e+02
   2.2674243e+02
   2.1125531e+02
   1.5315012e+02
   1.7978272e+02
   1.1303597e+02
   7.6206527e+00
  -2.3993690e+01
  -2.1471533e+01
  -7.8944480e+00
  -6.9294935e+00
             NaN
             NaN
  -6.1137214e+00
             NaN
  -1.6709321e+00
  -1.5144391e+01
  -1.0029512e+01
  -9.5283787e+00
             NaN
             NaN
  -9.8147607e+00
  -5.1422132e+00
             NaN
             NaN
             NaN
             NaN
             NaN
             NaN
             NaN
  -5.0997091e+00
  -2.2998707e+00
  -8.2083328e+00
             NaN
             NaN
             NaN
             NaN
   2.0575121e+00
   3.6825893e+01
   1.4838046e+02
   1.3658973e+02
   1.7208201e+02
   1.4739896e+02
   2.6432158e+02
   4.2018739e+02
   3.6167289e+02
   2.0160568e+02
   3.2321763e+02
   1.3625666e+02
   1.7354311e+02
   2.4445472e+02
   1.2275534e+02
   8.5226085e+01
   1.4730013e+02
   2.2607266e+01
  -9.0354329e+00
  -1.4391456e+01
  -1.2501341e+01
  -8.9480376e+00
  -9.3268402e+00
  -1.4989467e+01
  -1.4896235e+01
  -1.5561628e+01
  -9.2668778e+00
  -9.8949276e+00
  -4.9514417e+00
  -3.9087278e+00
  -5.7765613e+00
  -1.9037058e+00
             NaN
             NaN
             NaN
             NaN
  -1.9386223e+00
  -1.1794357e+00
   5.4000238e-01
  -5.1651684e+00
  -7.1292970e-01
  -2.5094637e+00
  -1.4771068e+00
  -4.0901776e+00
   6.1376484e-02
   6.7315155e-01
   3.8580370e+00
   1.2986182e+01
  -1.5083357e+00
   1.0213567e+01
  -1.5208802e+01
  -1.4800255e+01
  -6.6027130e+00
  -1.7472879e+01
  -2.3091411e+01
  -1.9679942e+01
             NaN
             NaN
             NaN
             NaN
             NaN
             NaN
             NaN
             NaN
             NaN
             NaN
             NaN
             NaN
             NaN
             NaN
             NaN
             NaN
             NaN
             NaN
             NaN
             NaN
             NaN
             NaN
             NaN
             NaN
             NaN
             NaN
             NaN
             NaN
   2.4555808e+01
             NaN
             NaN
             NaN
             NaN
  -5.8776671e+01
             NaN
             NaN
             NaN
             NaN
             NaN
             NaN
             NaN
             NaN
             NaN
             NaN
             NaN
             NaN
             NaN
             NaN
             NaN
             NaN
             NaN
             NaN
             NaN
             NaN
             NaN
             NaN
             NaN
             NaN
             NaN
             NaN
             NaN
             NaN
             NaN
             NaN
             NaN
  -5.2728985e+01
  -5.3822334e+01
  -4.7261905e+01
   3.4458470e+01
  -5.7512581e+01
  -5.3873296e+01
  -3.0279628e+01
  -4.6458906e+01
   1.4681606e+02
  -3.0684648e+01
  -4.2988370e+01
  -2.8509044e+01
  -5.9046770e+01
  -4.7780659e+01
  -3.5362981e+01
  -3.7047198e+01
  -2.6581610e+01
  -1.8405184e+01
  -3.8292471e+01
  -4.3140233e+01
  -3.7875690e+01
  -2.0528689e+01
  -3.2788150e+01
  -1.8611419e+01
   1.5272005e+01
   4.5437617e+01
   3.9197898e+01
   6.6901339e+01
   9.7512675e+01
   2.5604948e+02
   1.4954743e+02
   1.7555414e+02
   2.2035358e+02
   2.3094124e+02
   3.1326275e+02
             NaN
   2.2621661e+02
   2.1555813e+02
   4.4347590e+01
   1.1440429e+02
             NaN
             NaN
             NaN
             NaN
             NaN
             NaN
             NaN
  -1.4896445e+01
  -3.6518193e+01
  -1.9053165e+01
  -1.2370068e+01
  -5.4106530e+00
  -8.7766858e+00
  -1.4861630e+01
  -2.1711476e+01
  -1.1194979e+01
  -1.0504511e+01
  -4.3195149e+00
  -7.4487520e+00
  -5.9291624e+00
  -1.1763963e+01
  -1.1886142e+01
  -4.5407886e+00
  -2.2808145e+01
  -1.2074348e+01
  -4.5639489e+00
  -1.1601333e+01
  -1.3504069e+01
  -1.6150895e+01
  -2.7185049e+01
  -1.5178872e+01
  -3.8554224e+01
  -3.0379526e+01
  -1.3113988e+01
   2.2187998e+01
   7.6221076e+01
   7.8683335e+01
   1.3753232e+02
   2.0787301e+02
   1.6958709e+02
   2.5210161e+02
   1.4992524e+02
   2.7466062e+02
   1.9348238e+02
   1.2564127e+02
   1.1751995e+02
   4.6018489e+01
   4.3164772e+01
   1.1249518e+01
  -1.7798081e+01
  -1.9252060e+01
  -2.6713347e+01
  -3.3283313e+01
  -3.3402556e+01
  -4.1939305e+01
  -3.5607872e+01
  -2.4668245e+01
  -2.7136701e+01
  -3.5141151e+01
  -3.3513246e+01
  -3.8461621e+01
  -3.0657903e+01
  -3.6573764e+01
  -2.1351896e+01
  -2.4339198e+01
  -2.1736712e+01
  -2.9784734e+01
  -3.6374540e+01
  -3.9160212e+01
  -2.4581129e+01
  -3.7594175e+01
  -2.9573464e+01
  -3.5481840e+01
  -3.0447673e+01
  -3.4830998e+01
  -1.7902157e+01
  -1.3172859e+01
  -2.6734546e+01
  -1.9273293e+01
  -1.5955189e+01
   5.0858930e+00
   1.9500248e+01
   5.8460111e+01
   8.7904586e+01
   9.0368002e+01
   9.0627640e+01
   2.6796839e+02
   2.2488872e+02
   2.4809701e+02
   2.4571777e+02
   2.2146503e+02
   1.2891606e+02
   8.9538291e+01
   1.6915152e+02
   1.3903827e+02
   3.4804173e+01
   2.8015880e+01
   1.5512303e+00
  -7.1259183e+00
  -1.9496577e+00
  -8.0359584e+00
  -5.8015315e+00
  -1.0008568e+01
  -3.8911164e+01
  -1.5493462e+01
  -4.4268455e+00
             NaN
  -3.7986222e+00
             NaN
  -1.1320716e+01
  -6.5483420e+00
             NaN
