   2.1300000e+02
   2.1302083e+02
   2.1304167e+02
   2.1306250e+02
   2.1308333e+02
   2.1310417e+02
   2.1312500e+02
   2.1314583e+02
   2.1316667e+02
   2.1318750e+02
   2.1320833e+02
   2.1322917e+02
   2.1325000e+02
   2.1327083e+02
   2.1329167e+02
   2.1331250e+02
   2.1333333e+02
   2.1335417e+02
   2.1337500e+02
   2.1339583e+02
   2.1341667e+02
   2.1343750e+02
   2.1345833e+02
   2.1347917e+02
   2.1350000e+02
   2.1352083e+02
   2.1354167e+02
   2.1356250e+02
   2.1358333e+02
   2.1360417e+02
   2.1362500e+02
   2.1364583e+02
   2.1366667e+02
   2.1368750e+02
   2.1370833e+02
   2.1372917e+02
   2.1375000e+02
   2.1377083e+02
   2.1379167e+02
   2.1381250e+02
   2.1383333e+02
   2.1385417e+02
   2.1387500e+02
   2.1389583e+02
   2.1391667e+02
   2.1393750e+02
   2.1395833e+02
   2.1397917e+02
   2.1400000e+02
   2.1402083e+02
   2.1404167e+02
   2.1406250e+02
   2.1408333e+02
   2.1410417e+02
   2.1412500e+02
   2.1414583e+02
   2.1416667e+02
   2.1418750e+02
   2.1420833e+02
   2.1422917e+02
   2.1425000e+02
   2.1427083e+02
   2.1429167e+02
   2.1431250e+02
   2.1433333e+02
   2.1435417e+02
   2.1437500e+02
   2.1439583e+02
   2.1441667e+02
   2.1443750e+02
   2.1445833e+02
   2.1447917e+02
   2.1450000e+02
   2.1452083e+02
   2.1454167e+02
   2.1456250e+02
   2.1458333e+02
   2.1460417e+02
   2.1462500e+02
   2.1464583e+02
   2.1466667e+02
   2.1468750e+02
   2.1470833e+02
   2.1472917e+02
   2.1475000e+02
   2.1477083e+02
   2.1479167e+02
   2.1481250e+02
   2.1483333e+02
   2.1485417e+02
   2.1487500e+02
   2.1489583e+02
   2.1491667e+02
   2.1493750e+02
   2.1495833e+02
   2.1497917e+02
   2.1500000e+02
   2.1502083e+02
   2.1504167e+02
   2.1506250e+02
   2.1508333e+02
   2.1510417e+02
   2.1512500e+02
   2.1514583e+02
   2.1516667e+02
   2.1518750e+02
   2.1520833e+02
   2.1522917e+02
   2.1525000e+02
   2.1527083e+02
   2.1529167e+02
   2.1531250e+02
   2.1533333e+02
   2.1535417e+02
   2.1537500e+02
   2.1539583e+02
   2.1541667e+02
   2.1543750e+02
   2.1545833e+02
   2.1547917e+02
   2.1550000e+02
   2.1552083e+02
   2.1554167e+02
   2.1556250e+02
   2.1558333e+02
   2.1560417e+02
   2.1562500e+02
   2.1564583e+02
   2.1566667e+02
   2.1568750e+02
   2.1570833e+02
   2.1572917e+02
   2.1575000e+02
   2.1577083e+02
   2.1579167e+02
   2.1581250e+02
   2.1583333e+02
   2.1585417e+02
   2.1587500e+02
   2.1589583e+02
   2.1591667e+02
   2.1593750e+02
   2.1595833e+02
   2.1597917e+02
   2.1600000e+02
   2.1602083e+02
   2.1604167e+02
   2.1606250e+02
   2.1608333e+02
   2.1610417e+02
   2.1612500e+02
   2.1614583e+02
   2.1616667e+02
   2.1618750e+02
   2.1620833e+02
   2.1622917e+02
   2.1625000e+02
   2.1627083e+02
   2.1629167e+02
   2.1631250e+02
   2.1633333e+02
   2.1635417e+02
   2.1637500e+02
   2.1639583e+02
   2.1641667e+02
   2.1643750e+02
   2.1645833e+02
   2.1647917e+02
   2.1650000e+02
   2.1652083e+02
   2.1654167e+02
   2.1656250e+02
   2.1658333e+02
   2.1660417e+02
   2.1662500e+02
   2.1664583e+02
   2.1666667e+02
   2.1668750e+02
   2.1670833e+02
   2.1672917e+02
   2.1675000e+02
   2.1677083e+02
   2.1679167e+02
   2.1681250e+02
   2.1683333e+02
   2.1685417e+02
   2.1687500e+02
   2.1689583e+02
   2.1691667e+02
   2.1693750e+02
   2.1695833e+02
   2.1697917e+02
   2.1700000e+02
   2.1702083e+02
   2.1704167e+02
   2.1706250e+02
   2.1708333e+02
   2.1710417e+02
   2.1712500e+02
   2.1714583e+02
   2.1716667e+02
   2.1718750e+02
   2.1720833e+02
   2.1722917e+02
   2.1725000e+02
   2.1727083e+02
   2.1729167e+02
   2.1731250e+02
   2.1733333e+02
   2.1735417e+02
   2.1737500e+02
   2.1739583e+02
   2.1741667e+02
   2.1743750e+02
   2.1745833e+02
   2.1747917e+02
   2.1750000e+02
   2.1752083e+02
   2.1754167e+02
   2.1756250e+02
   2.1758333e+02
   2.1760417e+02
   2.1762500e+02
   2.1764583e+02
   2.1766667e+02
   2.1768750e+02
   2.1770833e+02
   2.1772917e+02
   2.1775000e+02
   2.1777083e+02
   2.1779167e+02
   2.1781250e+02
   2.1783333e+02
   2.1785417e+02
   2.1787500e+02
   2.1789583e+02
   2.1791667e+02
   2.1793750e+02
   2.1795833e+02
   2.1797917e+02
   2.1800000e+02
   2.1802083e+02
   2.1804167e+02
   2.1806250e+02
   2.1808333e+02
   2.1810417e+02
   2.1812500e+02
   2.1814583e+02
   2.1816667e+02
   2.1818750e+02
   2.1820833e+02
   2.1822917e+02
   2.1825000e+02
   2.1827083e+02
   2.1829167e+02
   2.1831250e+02
   2.1833333e+02
   2.1835417e+02
   2.1837500e+02
   2.1839583e+02
   2.1841667e+02
   2.1843750e+02
   2.1845833e+02
   2.1847917e+02
   2.1850000e+02
   2.1852083e+02
   2.1854167e+02
   2.1856250e+02
   2.1858333e+02
   2.1860417e+02
   2.1862500e+02
   2.1864583e+02
   2.1866667e+02
   2.1868750e+02
   2.1870833e+02
   2.1872917e+02
   2.1875000e+02
   2.1877083e+02
   2.1879167e+02
   2.1881250e+02
   2.1883333e+02
   2.1885417e+02
   2.1887500e+02
   2.1889583e+02
   2.1891667e+02
   2.1893750e+02
   2.1895833e+02
   2.1897917e+02
   2.1900000e+02
   2.1902083e+02
   2.1904167e+02
   2.1906250e+02
   2.1908333e+02
   2.1910417e+02
   2.1912500e+02
   2.1914583e+02
   2.1916667e+02
   2.1918750e+02
   2.1920833e+02
   2.1922917e+02
   2.1925000e+02
   2.1927083e+02
   2.1929167e+02
   2.1931250e+02
   2.1933333e+02
   2.1935417e+02
   2.1937500e+02
   2.1939583e+02
   2.1941667e+02
   2.1943750e+02
   2.1945833e+02
   2.1947917e+02
   2.1950000e+02
   2.1952083e+02
   2.1954167e+02
   2.1956250e+02
   2.1958333e+02
   2.1960417e+02
   2.1962500e+02
   2.1964583e+02
   2.1966667e+02
   2.1968750e+02
   2.1970833e+02
   2.1972917e+02
   2.1975000e+02
   2.1977083e+02
   2.1979167e+02
   2.1981250e+02
   2.1983333e+02
   2.1985417e+02
   2.1987500e+02
   2.1989583e+02
   2.1991667e+02
   2.1993750e+02
   2.1995833e+02
   2.1997917e+02
   2.2000000e+02
   2.2002083e+02
   2.2004167e+02
   2.2006250e+02
   2.2008333e+02
   2.2010417e+02
   2.2012500e+02
   2.2014583e+02
   2.2016667e+02
   2.2018750e+02
   2.2020833e+02
   2.2022917e+02
   2.2025000e+02
   2.2027083e+02
   2.2029167e+02
   2.2031250e+02
   2.2033333e+02
   2.2035417e+02
   2.2037500e+02
   2.2039583e+02
   2.2041667e+02
   2.2043750e+02
   2.2045833e+02
   2.2047917e+02
   2.2050000e+02
   2.2052083e+02
   2.2054167e+02
   2.2056250e+02
   2.2058333e+02
   2.2060417e+02
   2.2062500e+02
   2.2064583e+02
   2.2066667e+02
   2.2068750e+02
   2.2070833e+02
   2.2072917e+02
   2.2075000e+02
   2.2077083e+02
   2.2079167e+02
   2.2081250e+02
   2.2083333e+02
   2.2085417e+02
   2.2087500e+02
   2.2089583e+02
   2.2091667e+02
   2.2093750e+02
   2.2095833e+02
   2.2097917e+02
   2.2100000e+02
   2.2102083e+02
   2.2104167e+02
   2.2106250e+02
   2.2108333e+02
   2.2110417e+02
   2.2112500e+02
   2.2114583e+02
   2.2116667e+02
   2.2118750e+02
   2.2120833e+02
   2.2122917e+02
   2.2125000e+02
   2.2127083e+02
   2.2129167e+02
   2.2131250e+02
   2.2133333e+02
   2.2135417e+02
   2.2137500e+02
   2.2139583e+02
   2.2141667e+02
   2.2143750e+02
   2.2145833e+02
   2.2147917e+02
   2.2150000e+02
   2.2152083e+02
   2.2154167e+02
   2.2156250e+02
   2.2158333e+02
   2.2160417e+02
   2.2162500e+02
   2.2164583e+02
   2.2166667e+02
   2.2168750e+02
   2.2170833e+02
   2.2172917e+02
   2.2175000e+02
   2.2177083e+02
   2.2179167e+02
   2.2181250e+02
   2.2183333e+02
   2.2185417e+02
   2.2187500e+02
   2.2189583e+02
   2.2191667e+02
   2.2193750e+02
   2.2195833e+02
   2.2197917e+02
   2.2200000e+02
   2.2202083e+02
   2.2204167e+02
   2.2206250e+02
   2.2208333e+02
   2.2210417e+02
   2.2212500e+02
   2.2214583e+02
   2.2216667e+02
   2.2218750e+02
   2.2220833e+02
   2.2222917e+02
   2.2225000e+02
   2.2227083e+02
   2.2229167e+02
   2.2231250e+02
   2.2233333e+02
   2.2235417e+02
   2.2237500e+02
   2.2239583e+02
   2.2241667e+02
   2.2243750e+02
   2.2245833e+02
   2.2247917e+02
   2.2250000e+02
   2.2252083e+02
   2.2254167e+02
   2.2256250e+02
   2.2258333e+02
   2.2260417e+02
   2.2262500e+02
   2.2264583e+02
   2.2266667e+02
   2.2268750e+02
   2.2270833e+02
   2.2272917e+02
   2.2275000e+02
   2.2277083e+02
   2.2279167e+02
   2.2281250e+02
   2.2283333e+02
   2.2285417e+02
   2.2287500e+02
   2.2289583e+02
   2.2291667e+02
   2.2293750e+02
   2.2295833e+02
   2.2297917e+02
   2.2300000e+02
   2.2302083e+02
   2.2304167e+02
   2.2306250e+02
   2.2308333e+02
   2.2310417e+02
   2.2312500e+02
   2.2314583e+02
   2.2316667e+02
   2.2318750e+02
   2.2320833e+02
   2.2322917e+02
   2.2325000e+02
   2.2327083e+02
   2.2329167e+02
   2.2331250e+02
   2.2333333e+02
   2.2335417e+02
   2.2337500e+02
   2.2339583e+02
   2.2341667e+02
   2.2343750e+02
   2.2345833e+02
   2.2347917e+02
   2.2350000e+02
   2.2352083e+02
   2.2354167e+02
   2.2356250e+02
   2.2358333e+02
   2.2360417e+02
   2.2362500e+02
   2.2364583e+02
   2.2366667e+02
   2.2368750e+02
   2.2370833e+02
   2.2372917e+02
   2.2375000e+02
   2.2377083e+02
   2.2379167e+02
   2.2381250e+02
   2.2383333e+02
   2.2385417e+02
   2.2387500e+02
   2.2389583e+02
   2.2391667e+02
   2.2393750e+02
   2.2395833e+02
   2.2397917e+02
   2.2400000e+02
   2.2402083e+02
   2.2404167e+02
   2.2406250e+02
   2.2408333e+02
   2.2410417e+02
   2.2412500e+02
   2.2414583e+02
   2.2416667e+02
   2.2418750e+02
   2.2420833e+02
   2.2422917e+02
   2.2425000e+02
   2.2427083e+02
   2.2429167e+02
   2.2431250e+02
   2.2433333e+02
   2.2435417e+02
   2.2437500e+02
   2.2439583e+02
   2.2441667e+02
   2.2443750e+02
   2.2445833e+02
   2.2447917e+02
   2.2450000e+02
   2.2452083e+02
   2.2454167e+02
   2.2456250e+02
   2.2458333e+02
   2.2460417e+02
   2.2462500e+02
   2.2464583e+02
   2.2466667e+02
   2.2468750e+02
   2.2470833e+02
   2.2472917e+02
   2.2475000e+02
   2.2477083e+02
   2.2479167e+02
   2.2481250e+02
   2.2483333e+02
   2.2485417e+02
   2.2487500e+02
   2.2489583e+02
   2.2491667e+02
   2.2493750e+02
   2.2495833e+02
   2.2497917e+02
   2.2500000e+02
   2.2502083e+02
   2.2504167e+02
   2.2506250e+02
   2.2508333e+02
   2.2510417e+02
   2.2512500e+02
   2.2514583e+02
   2.2516667e+02
   2.2518750e+02
   2.2520833e+02
   2.2522917e+02
   2.2525000e+02
   2.2527083e+02
   2.2529167e+02
   2.2531250e+02
   2.2533333e+02
   2.2535417e+02
   2.2537500e+02
   2.2539583e+02
   2.2541667e+02
   2.2543750e+02
   2.2545833e+02
   2.2547917e+02
   2.2550000e+02
   2.2552083e+02
   2.2554167e+02
   2.2556250e+02
   2.2558333e+02
   2.2560417e+02
   2.2562500e+02
   2.2564583e+02
   2.2566667e+02
   2.2568750e+02
   2.2570833e+02
   2.2572917e+02
   2.2575000e+02
   2.2577083e+02
   2.2579167e+02
   2.2581250e+02
   2.2583333e+02
   2.2585417e+02
   2.2587500e+02
   2.2589583e+02
   2.2591667e+02
   2.2593750e+02
   2.2595833e+02
   2.2597917e+02
   2.2600000e+02
   2.2602083e+02
   2.2604167e+02
   2.2606250e+02
   2.2608333e+02
   2.2610417e+02
   2.2612500e+02
   2.2614583e+02
   2.2616667e+02
   2.2618750e+02
   2.2620833e+02
   2.2622917e+02
   2.2625000e+02
   2.2627083e+02
   2.2629167e+02
   2.2631250e+02
   2.2633333e+02
   2.2635417e+02
   2.2637500e+02
   2.2639583e+02
   2.2641667e+02
   2.2643750e+02
   2.2645833e+02
   2.2647917e+02
   2.2650000e+02
   2.2652083e+02
   2.2654167e+02
   2.2656250e+02
   2.2658333e+02
   2.2660417e+02
   2.2662500e+02
   2.2664583e+02
   2.2666667e+02
   2.2668750e+02
   2.2670833e+02
   2.2672917e+02
   2.2675000e+02
   2.2677083e+02
   2.2679167e+02
   2.2681250e+02
   2.2683333e+02
   2.2685417e+02
   2.2687500e+02
   2.2689583e+02
   2.2691667e+02
   2.2693750e+02
   2.2695833e+02
   2.2697917e+02
   2.2700000e+02
   2.2702083e+02
   2.2704167e+02
   2.2706250e+02
   2.2708333e+02
   2.2710417e+02
   2.2712500e+02
   2.2714583e+02
   2.2716667e+02
   2.2718750e+02
   2.2720833e+02
   2.2722917e+02
   2.2725000e+02
   2.2727083e+02
   2.2729167e+02
   2.2731250e+02
   2.2733333e+02
   2.2735417e+02
   2.2737500e+02
   2.2739583e+02
   2.2741667e+02
   2.2743750e+02
   2.2745833e+02
   2.2747917e+02
   2.2750000e+02
   2.2752083e+02
   2.2754167e+02
   2.2756250e+02
   2.2758333e+02
   2.2760417e+02
   2.2762500e+02
   2.2764583e+02
   2.2766667e+02
   2.2768750e+02
   2.2770833e+02
   2.2772917e+02
   2.2775000e+02
   2.2777083e+02
   2.2779167e+02
   2.2781250e+02
   2.2783333e+02
   2.2785417e+02
   2.2787500e+02
   2.2789583e+02
   2.2791667e+02
   2.2793750e+02
   2.2795833e+02
   2.2797917e+02
   2.2800000e+02
   2.2802083e+02
   2.2804167e+02
   2.2806250e+02
   2.2808333e+02
   2.2810417e+02
   2.2812500e+02
   2.2814583e+02
   2.2816667e+02
   2.2818750e+02
   2.2820833e+02
   2.2822917e+02
   2.2825000e+02
   2.2827083e+02
   2.2829167e+02
   2.2831250e+02
   2.2833333e+02
   2.2835417e+02
   2.2837500e+02
   2.2839583e+02
   2.2841667e+02
   2.2843750e+02
   2.2845833e+02
   2.2847917e+02
   2.2850000e+02
   2.2852083e+02
   2.2854167e+02
   2.2856250e+02
   2.2858333e+02
   2.2860417e+02
   2.2862500e+02
   2.2864583e+02
   2.2866667e+02
   2.2868750e+02
   2.2870833e+02
   2.2872917e+02
   2.2875000e+02
   2.2877083e+02
   2.2879167e+02
   2.2881250e+02
   2.2883333e+02
   2.2885417e+02
   2.2887500e+02
   2.2889583e+02
   2.2891667e+02
   2.2893750e+02
   2.2895833e+02
   2.2897917e+02
   2.2900000e+02
   2.2902083e+02
   2.2904167e+02
   2.2906250e+02
   2.2908333e+02
   2.2910417e+02
   2.2912500e+02
   2.2914583e+02
   2.2916667e+02
   2.2918750e+02
   2.2920833e+02
   2.2922917e+02
   2.2925000e+02
   2.2927083e+02
   2.2929167e+02
   2.2931250e+02
   2.2933333e+02
   2.2935417e+02
   2.2937500e+02
   2.2939583e+02
   2.2941667e+02
   2.2943750e+02
   2.2945833e+02
   2.2947917e+02
   2.2950000e+02
   2.2952083e+02
   2.2954167e+02
   2.2956250e+02
   2.2958333e+02
   2.2960417e+02
   2.2962500e+02
   2.2964583e+02
   2.2966667e+02
   2.2968750e+02
   2.2970833e+02
   2.2972917e+02
   2.2975000e+02
   2.2977083e+02
   2.2979167e+02
   2.2981250e+02
   2.2983333e+02
   2.2985417e+02
   2.2987500e+02
   2.2989583e+02
   2.2991667e+02
   2.2993750e+02
   2.2995833e+02
   2.2997917e+02
   2.3000000e+02
   2.3002083e+02
   2.3004167e+02
   2.3006250e+02
   2.3008333e+02
   2.3010417e+02
   2.3012500e+02
   2.3014583e+02
   2.3016667e+02
   2.3018750e+02
   2.3020833e+02
   2.3022917e+02
   2.3025000e+02
   2.3027083e+02
   2.3029167e+02
   2.3031250e+02
   2.3033333e+02
   2.3035417e+02
   2.3037500e+02
   2.3039583e+02
   2.3041667e+02
   2.3043750e+02
   2.3045833e+02
   2.3047917e+02
   2.3050000e+02
   2.3052083e+02
   2.3054167e+02
   2.3056250e+02
   2.3058333e+02
   2.3060417e+02
   2.3062500e+02
   2.3064583e+02
   2.3066667e+02
   2.3068750e+02
   2.3070833e+02
   2.3072917e+02
   2.3075000e+02
   2.3077083e+02
   2.3079167e+02
   2.3081250e+02
   2.3083333e+02
   2.3085417e+02
   2.3087500e+02
   2.3089583e+02
   2.3091667e+02
   2.3093750e+02
   2.3095833e+02
   2.3097917e+02
   2.3100000e+02
   2.3102083e+02
   2.3104167e+02
   2.3106250e+02
   2.3108333e+02
   2.3110417e+02
   2.3112500e+02
   2.3114583e+02
   2.3116667e+02
   2.3118750e+02
   2.3120833e+02
   2.3122917e+02
   2.3125000e+02
   2.3127083e+02
   2.3129167e+02
   2.3131250e+02
   2.3133333e+02
   2.3135417e+02
   2.3137500e+02
   2.3139583e+02
   2.3141667e+02
   2.3143750e+02
   2.3145833e+02
   2.3147917e+02
   2.3150000e+02
   2.3152083e+02
   2.3154167e+02
   2.3156250e+02
   2.3158333e+02
   2.3160417e+02
   2.3162500e+02
   2.3164583e+02
   2.3166667e+02
   2.3168750e+02
   2.3170833e+02
   2.3172917e+02
   2.3175000e+02
   2.3177083e+02
   2.3179167e+02
   2.3181250e+02
   2.3183333e+02
   2.3185417e+02
   2.3187500e+02
   2.3189583e+02
   2.3191667e+02
   2.3193750e+02
   2.3195833e+02
   2.3197917e+02
   2.3200000e+02
   2.3202083e+02
   2.3204167e+02
   2.3206250e+02
   2.3208333e+02
   2.3210417e+02
   2.3212500e+02
   2.3214583e+02
   2.3216667e+02
   2.3218750e+02
   2.3220833e+02
   2.3222917e+02
   2.3225000e+02
   2.3227083e+02
   2.3229167e+02
   2.3231250e+02
   2.3233333e+02
   2.3235417e+02
   2.3237500e+02
   2.3239583e+02
   2.3241667e+02
   2.3243750e+02
   2.3245833e+02
   2.3247917e+02
   2.3250000e+02
   2.3252083e+02
   2.3254167e+02
   2.3256250e+02
   2.3258333e+02
   2.3260417e+02
   2.3262500e+02
   2.3264583e+02
   2.3266667e+02
   2.3268750e+02
   2.3270833e+02
   2.3272917e+02
   2.3275000e+02
   2.3277083e+02
   2.3279167e+02
   2.3281250e+02
   2.3283333e+02
   2.3285417e+02
   2.3287500e+02
   2.3289583e+02
   2.3291667e+02
   2.3293750e+02
   2.3295833e+02
   2.3297917e+02
   2.3300000e+02
   2.3302083e+02
   2.3304167e+02
   2.3306250e+02
   2.3308333e+02
   2.3310417e+02
   2.3312500e+02
   2.3314583e+02
   2.3316667e+02
   2.3318750e+02
   2.3320833e+02
   2.3322917e+02
   2.3325000e+02
   2.3327083e+02
   2.3329167e+02
   2.3331250e+02
   2.3333333e+02
   2.3335417e+02
   2.3337500e+02
   2.3339583e+02
   2.3341667e+02
   2.3343750e+02
   2.3345833e+02
   2.3347917e+02
   2.3350000e+02
   2.3352083e+02
   2.3354167e+02
   2.3356250e+02
   2.3358333e+02
   2.3360417e+02
   2.3362500e+02
   2.3364583e+02
   2.3366667e+02
   2.3368750e+02
   2.3370833e+02
   2.3372917e+02
   2.3375000e+02
   2.3377083e+02
   2.3379167e+02
   2.3381250e+02
   2.3383333e+02
   2.3385417e+02
   2.3387500e+02
   2.3389583e+02
   2.3391667e+02
   2.3393750e+02
   2.3395833e+02
   2.3397917e+02
   2.3400000e+02
   2.3402083e+02
   2.3404167e+02
   2.3406250e+02
   2.3408333e+02
   2.3410417e+02
   2.3412500e+02
   2.3414583e+02
   2.3416667e+02
   2.3418750e+02
   2.3420833e+02
   2.3422917e+02
   2.3425000e+02
   2.3427083e+02
   2.3429167e+02
   2.3431250e+02
   2.3433333e+02
   2.3435417e+02
   2.3437500e+02
   2.3439583e+02
   2.3441667e+02
   2.3443750e+02
   2.3445833e+02
   2.3447917e+02
   2.3450000e+02
   2.3452083e+02
   2.3454167e+02
   2.3456250e+02
   2.3458333e+02
   2.3460417e+02
   2.3462500e+02
   2.3464583e+02
   2.3466667e+02
   2.3468750e+02
   2.3470833e+02
   2.3472917e+02
   2.3475000e+02
   2.3477083e+02
   2.3479167e+02
   2.3481250e+02
   2.3483333e+02
   2.3485417e+02
   2.3487500e+02
   2.3489583e+02
   2.3491667e+02
   2.3493750e+02
   2.3495833e+02
   2.3497917e+02
   2.3500000e+02
   2.3502083e+02
   2.3504167e+02
   2.3506250e+02
   2.3508333e+02
   2.3510417e+02
   2.3512500e+02
   2.3514583e+02
   2.3516667e+02
   2.3518750e+02
   2.3520833e+02
   2.3522917e+02
   2.3525000e+02
   2.3527083e+02
   2.3529167e+02
   2.3531250e+02
   2.3533333e+02
   2.3535417e+02
   2.3537500e+02
   2.3539583e+02
   2.3541667e+02
   2.3543750e+02
   2.3545833e+02
   2.3547917e+02
   2.3550000e+02
   2.3552083e+02
   2.3554167e+02
   2.3556250e+02
   2.3558333e+02
   2.3560417e+02
   2.3562500e+02
   2.3564583e+02
   2.3566667e+02
   2.3568750e+02
   2.3570833e+02
   2.3572917e+02
   2.3575000e+02
   2.3577083e+02
   2.3579167e+02
   2.3581250e+02
   2.3583333e+02
   2.3585417e+02
   2.3587500e+02
   2.3589583e+02
   2.3591667e+02
   2.3593750e+02
   2.3595833e+02
   2.3597917e+02
   2.3600000e+02
   2.3602083e+02
   2.3604167e+02
   2.3606250e+02
   2.3608333e+02
   2.3610417e+02
   2.3612500e+02
   2.3614583e+02
   2.3616667e+02
   2.3618750e+02
   2.3620833e+02
   2.3622917e+02
   2.3625000e+02
   2.3627083e+02
   2.3629167e+02
   2.3631250e+02
   2.3633333e+02
   2.3635417e+02
   2.3637500e+02
   2.3639583e+02
   2.3641667e+02
   2.3643750e+02
   2.3645833e+02
   2.3647917e+02
   2.3650000e+02
   2.3652083e+02
   2.3654167e+02
   2.3656250e+02
   2.3658333e+02
   2.3660417e+02
   2.3662500e+02
   2.3664583e+02
   2.3666667e+02
   2.3668750e+02
   2.3670833e+02
   2.3672917e+02
   2.3675000e+02
   2.3677083e+02
   2.3679167e+02
   2.3681250e+02
   2.3683333e+02
   2.3685417e+02
   2.3687500e+02
   2.3689583e+02
   2.3691667e+02
   2.3693750e+02
   2.3695833e+02
   2.3697917e+02
   2.3700000e+02
   2.3702083e+02
   2.3704167e+02
   2.3706250e+02
   2.3708333e+02
   2.3710417e+02
   2.3712500e+02
   2.3714583e+02
   2.3716667e+02
   2.3718750e+02
   2.3720833e+02
   2.3722917e+02
   2.3725000e+02
   2.3727083e+02
   2.3729167e+02
   2.3731250e+02
   2.3733333e+02
   2.3735417e+02
   2.3737500e+02
   2.3739583e+02
   2.3741667e+02
   2.3743750e+02
   2.3745833e+02
   2.3747917e+02
   2.3750000e+02
   2.3752083e+02
   2.3754167e+02
   2.3756250e+02
   2.3758333e+02
   2.3760417e+02
   2.3762500e+02
   2.3764583e+02
   2.3766667e+02
   2.3768750e+02
   2.3770833e+02
   2.3772917e+02
   2.3775000e+02
   2.3777083e+02
   2.3779167e+02
   2.3781250e+02
   2.3783333e+02
   2.3785417e+02
   2.3787500e+02
   2.3789583e+02
   2.3791667e+02
   2.3793750e+02
   2.3795833e+02
   2.3797917e+02
   2.3800000e+02
   2.3802083e+02
   2.3804167e+02
   2.3806250e+02
   2.3808333e+02
   2.3810417e+02
   2.3812500e+02
   2.3814583e+02
   2.3816667e+02
   2.3818750e+02
   2.3820833e+02
   2.3822917e+02
   2.3825000e+02
   2.3827083e+02
   2.3829167e+02
   2.3831250e+02
   2.3833333e+02
   2.3835417e+02
   2.3837500e+02
   2.3839583e+02
   2.3841667e+02
   2.3843750e+02
   2.3845833e+02
   2.3847917e+02
   2.3850000e+02
   2.3852083e+02
   2.3854167e+02
   2.3856250e+02
   2.3858333e+02
   2.3860417e+02
   2.3862500e+02
   2.3864583e+02
   2.3866667e+02
   2.3868750e+02
   2.3870833e+02
   2.3872917e+02
   2.3875000e+02
   2.3877083e+02
   2.3879167e+02
   2.3881250e+02
   2.3883333e+02
   2.3885417e+02
   2.3887500e+02
   2.3889583e+02
   2.3891667e+02
   2.3893750e+02
   2.3895833e+02
   2.3897917e+02
   2.3900000e+02
   2.3902083e+02
   2.3904167e+02
   2.3906250e+02
   2.3908333e+02
   2.3910417e+02
   2.3912500e+02
   2.3914583e+02
   2.3916667e+02
   2.3918750e+02
   2.3920833e+02
   2.3922917e+02
   2.3925000e+02
   2.3927083e+02
   2.3929167e+02
   2.3931250e+02
   2.3933333e+02
   2.3935417e+02
   2.3937500e+02
   2.3939583e+02
   2.3941667e+02
   2.3943750e+02
   2.3945833e+02
   2.3947917e+02
   2.3950000e+02
   2.3952083e+02
   2.3954167e+02
   2.3956250e+02
   2.3958333e+02
   2.3960417e+02
   2.3962500e+02
   2.3964583e+02
   2.3966667e+02
   2.3968750e+02
   2.3970833e+02
   2.3972917e+02
   2.3975000e+02
   2.3977083e+02
   2.3979167e+02
   2.3981250e+02
   2.3983333e+02
   2.3985417e+02
   2.3987500e+02
   2.3989583e+02
   2.3991667e+02
   2.3993750e+02
   2.3995833e+02
   2.3997917e+02
   2.4000000e+02
   2.4002083e+02
   2.4004167e+02
   2.4006250e+02
   2.4008333e+02
   2.4010417e+02
   2.4012500e+02
   2.4014583e+02
   2.4016667e+02
   2.4018750e+02
   2.4020833e+02
   2.4022917e+02
   2.4025000e+02
   2.4027083e+02
   2.4029167e+02
   2.4031250e+02
   2.4033333e+02
   2.4035417e+02
   2.4037500e+02
   2.4039583e+02
   2.4041667e+02
   2.4043750e+02
   2.4045833e+02
   2.4047917e+02
   2.4050000e+02
   2.4052083e+02
   2.4054167e+02
   2.4056250e+02
   2.4058333e+02
   2.4060417e+02
   2.4062500e+02
   2.4064583e+02
   2.4066667e+02
   2.4068750e+02
   2.4070833e+02
   2.4072917e+02
   2.4075000e+02
   2.4077083e+02
   2.4079167e+02
   2.4081250e+02
   2.4083333e+02
   2.4085417e+02
   2.4087500e+02
   2.4089583e+02
   2.4091667e+02
   2.4093750e+02
   2.4095833e+02
   2.4097917e+02
   2.4100000e+02
   2.4102083e+02
   2.4104167e+02
   2.4106250e+02
   2.4108333e+02
   2.4110417e+02
   2.4112500e+02
   2.4114583e+02
   2.4116667e+02
   2.4118750e+02
   2.4120833e+02
   2.4122917e+02
   2.4125000e+02
   2.4127083e+02
   2.4129167e+02
   2.4131250e+02
   2.4133333e+02
   2.4135417e+02
   2.4137500e+02
   2.4139583e+02
   2.4141667e+02
   2.4143750e+02
   2.4145833e+02
   2.4147917e+02
   2.4150000e+02
   2.4152083e+02
   2.4154167e+02
   2.4156250e+02
   2.4158333e+02
   2.4160417e+02
   2.4162500e+02
   2.4164583e+02
   2.4166667e+02
   2.4168750e+02
   2.4170833e+02
   2.4172917e+02
   2.4175000e+02
   2.4177083e+02
   2.4179167e+02
   2.4181250e+02
   2.4183333e+02
   2.4185417e+02
   2.4187500e+02
   2.4189583e+02
   2.4191667e+02
   2.4193750e+02
   2.4195833e+02
   2.4197917e+02
   2.4200000e+02
   2.4202083e+02
   2.4204167e+02
   2.4206250e+02
   2.4208333e+02
   2.4210417e+02
   2.4212500e+02
   2.4214583e+02
   2.4216667e+02
   2.4218750e+02
   2.4220833e+02
   2.4222917e+02
   2.4225000e+02
   2.4227083e+02
   2.4229167e+02
   2.4231250e+02
   2.4233333e+02
   2.4235417e+02
   2.4237500e+02
   2.4239583e+02
   2.4241667e+02
   2.4243750e+02
   2.4245833e+02
   2.4247917e+02
   2.4250000e+02
   2.4252083e+02
   2.4254167e+02
   2.4256250e+02
   2.4258333e+02
   2.4260417e+02
   2.4262500e+02
   2.4264583e+02
   2.4266667e+02
   2.4268750e+02
   2.4270833e+02
   2.4272917e+02
   2.4275000e+02
   2.4277083e+02
   2.4279167e+02
   2.4281250e+02
   2.4283333e+02
   2.4285417e+02
   2.4287500e+02
   2.4289583e+02
   2.4291667e+02
   2.4293750e+02
   2.4295833e+02
   2.4297917e+02
   2.4300000e+02
   2.4302083e+02
   2.4304167e+02
   2.4306250e+02
   2.4308333e+02
   2.4310417e+02
   2.4312500e+02
   2.4314583e+02
   2.4316667e+02
   2.4318750e+02
   2.4320833e+02
   2.4322917e+02
   2.4325000e+02
   2.4327083e+02
   2.4329167e+02
   2.4331250e+02
   2.4333333e+02
   2.4335417e+02
   2.4337500e+02
   2.4339583e+02
   2.4341667e+02
   2.4343750e+02
   2.4345833e+02
   2.4347917e+02
   2.4350000e+02
   2.4352083e+02
   2.4354167e+02
   2.4356250e+02
   2.4358333e+02
   2.4360417e+02
   2.4362500e+02
   2.4364583e+02
   2.4366667e+02
   2.4368750e+02
   2.4370833e+02
   2.4372917e+02
   2.4375000e+02
   2.4377083e+02
   2.4379167e+02
   2.4381250e+02
   2.4383333e+02
   2.4385417e+02
   2.4387500e+02
   2.4389583e+02
   2.4391667e+02
   2.4393750e+02
   2.4395833e+02
   2.4397917e+02
   2.4400000e+02
   2.4402083e+02
   2.4404167e+02
   2.4406250e+02
   2.4408333e+02
   2.4410417e+02
   2.4412500e+02
   2.4414583e+02
   2.4416667e+02
   2.4418750e+02
   2.4420833e+02
   2.4422917e+02
   2.4425000e+02
   2.4427083e+02
   2.4429167e+02
   2.4431250e+02
   2.4433333e+02
   2.4435417e+02
   2.4437500e+02
   2.4439583e+02
   2.4441667e+02
   2.4443750e+02
   2.4445833e+02
   2.4447917e+02
   2.4450000e+02
   2.4452083e+02
   2.4454167e+02
   2.4456250e+02
   2.4458333e+02
   2.4460417e+02
   2.4462500e+02
   2.4464583e+02
   2.4466667e+02
   2.4468750e+02
   2.4470833e+02
   2.4472917e+02
   2.4475000e+02
   2.4477083e+02
   2.4479167e+02
   2.4481250e+02
   2.4483333e+02
   2.4485417e+02
   2.4487500e+02
   2.4489583e+02
   2.4491667e+02
   2.4493750e+02
   2.4495833e+02
   2.4497917e+02
   2.4500000e+02
   2.4502083e+02
   2.4504167e+02
   2.4506250e+02
   2.4508333e+02
   2.4510417e+02
   2.4512500e+02
   2.4514583e+02
   2.4516667e+02
   2.4518750e+02
   2.4520833e+02
   2.4522917e+02
   2.4525000e+02
   2.4527083e+02
   2.4529167e+02
   2.4531250e+02
   2.4533333e+02
   2.4535417e+02
   2.4537500e+02
   2.4539583e+02
   2.4541667e+02
   2.4543750e+02
   2.4545833e+02
   2.4547917e+02
   2.4550000e+02
   2.4552083e+02
   2.4554167e+02
   2.4556250e+02
   2.4558333e+02
   2.4560417e+02
   2.4562500e+02
   2.4564583e+02
   2.4566667e+02
   2.4568750e+02
   2.4570833e+02
   2.4572917e+02
   2.4575000e+02
   2.4577083e+02
   2.4579167e+02
   2.4581250e+02
   2.4583333e+02
   2.4585417e+02
   2.4587500e+02
   2.4589583e+02
   2.4591667e+02
   2.4593750e+02
   2.4595833e+02
   2.4597917e+02
   2.4600000e+02
   2.4602083e+02
   2.4604167e+02
   2.4606250e+02
   2.4608333e+02
   2.4610417e+02
   2.4612500e+02
   2.4614583e+02
   2.4616667e+02
   2.4618750e+02
   2.4620833e+02
   2.4622917e+02
   2.4625000e+02
   2.4627083e+02
   2.4629167e+02
   2.4631250e+02
   2.4633333e+02
   2.4635417e+02
   2.4637500e+02
   2.4639583e+02
   2.4641667e+02
   2.4643750e+02
   2.4645833e+02
   2.4647917e+02
   2.4650000e+02
   2.4652083e+02
   2.4654167e+02
   2.4656250e+02
   2.4658333e+02
   2.4660417e+02
   2.4662500e+02
   2.4664583e+02
   2.4666667e+02
   2.4668750e+02
   2.4670833e+02
   2.4672917e+02
   2.4675000e+02
   2.4677083e+02
   2.4679167e+02
   2.4681250e+02
   2.4683333e+02
   2.4685417e+02
   2.4687500e+02
   2.4689583e+02
   2.4691667e+02
   2.4693750e+02
   2.4695833e+02
   2.4697917e+02
   2.4700000e+02
   2.4702083e+02
   2.4704167e+02
   2.4706250e+02
   2.4708333e+02
   2.4710417e+02
   2.4712500e+02
   2.4714583e+02
   2.4716667e+02
   2.4718750e+02
   2.4720833e+02
   2.4722917e+02
   2.4725000e+02
   2.4727083e+02
   2.4729167e+02
   2.4731250e+02
   2.4733333e+02
   2.4735417e+02
   2.4737500e+02
   2.4739583e+02
   2.4741667e+02
   2.4743750e+02
   2.4745833e+02
   2.4747917e+02
   2.4750000e+02
   2.4752083e+02
   2.4754167e+02
   2.4756250e+02
   2.4758333e+02
   2.4760417e+02
   2.4762500e+02
   2.4764583e+02
   2.4766667e+02
   2.4768750e+02
   2.4770833e+02
   2.4772917e+02
   2.4775000e+02
   2.4777083e+02
   2.4779167e+02
   2.4781250e+02
   2.4783333e+02
   2.4785417e+02
   2.4787500e+02
   2.4789583e+02
   2.4791667e+02
   2.4793750e+02
   2.4795833e+02
   2.4797917e+02
   2.4800000e+02
   2.4802083e+02
   2.4804167e+02
   2.4806250e+02
   2.4808333e+02
   2.4810417e+02
   2.4812500e+02
   2.4814583e+02
   2.4816667e+02
   2.4818750e+02
   2.4820833e+02
   2.4822917e+02
   2.4825000e+02
   2.4827083e+02
   2.4829167e+02
   2.4831250e+02
   2.4833333e+02
   2.4835417e+02
   2.4837500e+02
   2.4839583e+02
   2.4841667e+02
   2.4843750e+02
   2.4845833e+02
   2.4847917e+02
   2.4850000e+02
   2.4852083e+02
   2.4854167e+02
   2.4856250e+02
   2.4858333e+02
   2.4860417e+02
   2.4862500e+02
   2.4864583e+02
   2.4866667e+02
   2.4868750e+02
   2.4870833e+02
   2.4872917e+02
   2.4875000e+02
   2.4877083e+02
   2.4879167e+02
   2.4881250e+02
   2.4883333e+02
   2.4885417e+02
   2.4887500e+02
   2.4889583e+02
   2.4891667e+02
   2.4893750e+02
   2.4895833e+02
   2.4897917e+02
   2.4900000e+02
   2.4902083e+02
   2.4904167e+02
   2.4906250e+02
   2.4908333e+02
   2.4910417e+02
   2.4912500e+02
   2.4914583e+02
   2.4916667e+02
   2.4918750e+02
   2.4920833e+02
   2.4922917e+02
   2.4925000e+02
   2.4927083e+02
   2.4929167e+02
   2.4931250e+02
   2.4933333e+02
   2.4935417e+02
   2.4937500e+02
   2.4939583e+02
   2.4941667e+02
   2.4943750e+02
   2.4945833e+02
   2.4947917e+02
   2.4950000e+02
   2.4952083e+02
   2.4954167e+02
   2.4956250e+02
   2.4958333e+02
   2.4960417e+02
   2.4962500e+02
   2.4964583e+02
   2.4966667e+02
   2.4968750e+02
   2.4970833e+02
   2.4972917e+02
   2.4975000e+02
   2.4977083e+02
   2.4979167e+02
   2.4981250e+02
   2.4983333e+02
   2.4985417e+02
   2.4987500e+02
   2.4989583e+02
   2.4991667e+02
   2.4993750e+02
   2.4995833e+02
   2.4997917e+02
   2.5000000e+02
   2.5002083e+02
   2.5004167e+02
   2.5006250e+02
   2.5008333e+02
   2.5010417e+02
   2.5012500e+02
   2.5014583e+02
   2.5016667e+02
   2.5018750e+02
   2.5020833e+02
   2.5022917e+02
   2.5025000e+02
   2.5027083e+02
   2.5029167e+02
   2.5031250e+02
   2.5033333e+02
   2.5035417e+02
   2.5037500e+02
   2.5039583e+02
   2.5041667e+02
   2.5043750e+02
   2.5045833e+02
   2.5047917e+02
   2.5050000e+02
   2.5052083e+02
   2.5054167e+02
   2.5056250e+02
   2.5058333e+02
   2.5060417e+02
   2.5062500e+02
   2.5064583e+02
   2.5066667e+02
   2.5068750e+02
   2.5070833e+02
   2.5072917e+02
   2.5075000e+02
   2.5077083e+02
   2.5079167e+02
   2.5081250e+02
   2.5083333e+02
   2.5085417e+02
   2.5087500e+02
   2.5089583e+02
   2.5091667e+02
   2.5093750e+02
   2.5095833e+02
   2.5097917e+02
   2.5100000e+02
   2.5102083e+02
   2.5104167e+02
   2.5106250e+02
   2.5108333e+02
   2.5110417e+02
   2.5112500e+02
   2.5114583e+02
   2.5116667e+02
   2.5118750e+02
   2.5120833e+02
   2.5122917e+02
   2.5125000e+02
   2.5127083e+02
   2.5129167e+02
   2.5131250e+02
   2.5133333e+02
   2.5135417e+02
   2.5137500e+02
   2.5139583e+02
   2.5141667e+02
   2.5143750e+02
   2.5145833e+02
   2.5147917e+02
   2.5150000e+02
   2.5152083e+02
   2.5154167e+02
   2.5156250e+02
   2.5158333e+02
   2.5160417e+02
   2.5162500e+02
   2.5164583e+02
   2.5166667e+02
   2.5168750e+02
   2.5170833e+02
   2.5172917e+02
   2.5175000e+02
   2.5177083e+02
   2.5179167e+02
   2.5181250e+02
   2.5183333e+02
   2.5185417e+02
   2.5187500e+02
   2.5189583e+02
   2.5191667e+02
   2.5193750e+02
   2.5195833e+02
   2.5197917e+02
   2.5200000e+02
   2.5202083e+02
   2.5204167e+02
   2.5206250e+02
   2.5208333e+02
   2.5210417e+02
   2.5212500e+02
   2.5214583e+02
   2.5216667e+02
   2.5218750e+02
   2.5220833e+02
   2.5222917e+02
   2.5225000e+02
   2.5227083e+02
   2.5229167e+02
   2.5231250e+02
   2.5233333e+02
   2.5235417e+02
   2.5237500e+02
   2.5239583e+02
   2.5241667e+02
   2.5243750e+02
   2.5245833e+02
   2.5247917e+02
   2.5250000e+02
   2.5252083e+02
   2.5254167e+02
   2.5256250e+02
   2.5258333e+02
   2.5260417e+02
   2.5262500e+02
   2.5264583e+02
   2.5266667e+02
   2.5268750e+02
   2.5270833e+02
   2.5272917e+02
   2.5275000e+02
   2.5277083e+02
   2.5279167e+02
   2.5281250e+02
   2.5283333e+02
   2.5285417e+02
   2.5287500e+02
   2.5289583e+02
   2.5291667e+02
   2.5293750e+02
   2.5295833e+02
   2.5297917e+02
   2.5300000e+02
   2.5302083e+02
   2.5304167e+02
   2.5306250e+02
   2.5308333e+02
   2.5310417e+02
   2.5312500e+02
   2.5314583e+02
   2.5316667e+02
   2.5318750e+02
   2.5320833e+02
   2.5322917e+02
   2.5325000e+02
   2.5327083e+02
   2.5329167e+02
   2.5331250e+02
   2.5333333e+02
   2.5335417e+02
   2.5337500e+02
   2.5339583e+02
   2.5341667e+02
   2.5343750e+02
   2.5345833e+02
   2.5347917e+02
   2.5350000e+02
   2.5352083e+02
   2.5354167e+02
   2.5356250e+02
   2.5358333e+02
   2.5360417e+02
   2.5362500e+02
   2.5364583e+02
   2.5366667e+02
   2.5368750e+02
   2.5370833e+02
   2.5372917e+02
   2.5375000e+02
   2.5377083e+02
   2.5379167e+02
   2.5381250e+02
   2.5383333e+02
   2.5385417e+02
   2.5387500e+02
   2.5389583e+02
   2.5391667e+02
   2.5393750e+02
   2.5395833e+02
   2.5397917e+02
   2.5400000e+02
   2.5402083e+02
   2.5404167e+02
   2.5406250e+02
   2.5408333e+02
   2.5410417e+02
   2.5412500e+02
   2.5414583e+02
   2.5416667e+02
   2.5418750e+02
   2.5420833e+02
   2.5422917e+02
   2.5425000e+02
   2.5427083e+02
   2.5429167e+02
   2.5431250e+02
   2.5433333e+02
   2.5435417e+02
   2.5437500e+02
   2.5439583e+02
   2.5441667e+02
   2.5443750e+02
   2.5445833e+02
   2.5447917e+02
   2.5450000e+02
   2.5452083e+02
   2.5454167e+02
   2.5456250e+02
   2.5458333e+02
   2.5460417e+02
   2.5462500e+02
   2.5464583e+02
   2.5466667e+02
   2.5468750e+02
   2.5470833e+02
   2.5472917e+02
   2.5475000e+02
   2.5477083e+02
   2.5479167e+02
   2.5481250e+02
   2.5483333e+02
   2.5485417e+02
   2.5487500e+02
   2.5489583e+02
   2.5491667e+02
   2.5493750e+02
   2.5495833e+02
   2.5497917e+02
   2.5500000e+02
   2.5502083e+02
   2.5504167e+02
   2.5506250e+02
   2.5508333e+02
   2.5510417e+02
   2.5512500e+02
   2.5514583e+02
   2.5516667e+02
   2.5518750e+02
   2.5520833e+02
   2.5522917e+02
   2.5525000e+02
   2.5527083e+02
   2.5529167e+02
   2.5531250e+02
   2.5533333e+02
   2.5535417e+02
   2.5537500e+02
   2.5539583e+02
   2.5541667e+02
   2.5543750e+02
   2.5545833e+02
   2.5547917e+02
   2.5550000e+02
   2.5552083e+02
   2.5554167e+02
   2.5556250e+02
   2.5558333e+02
   2.5560417e+02
   2.5562500e+02
   2.5564583e+02
   2.5566667e+02
   2.5568750e+02
   2.5570833e+02
   2.5572917e+02
   2.5575000e+02
   2.5577083e+02
   2.5579167e+02
   2.5581250e+02
   2.5583333e+02
   2.5585417e+02
   2.5587500e+02
   2.5589583e+02
   2.5591667e+02
   2.5593750e+02
   2.5595833e+02
   2.5597917e+02
   2.5600000e+02
   2.5602083e+02
   2.5604167e+02
   2.5606250e+02
   2.5608333e+02
   2.5610417e+02
   2.5612500e+02
   2.5614583e+02
   2.5616667e+02
   2.5618750e+02
   2.5620833e+02
   2.5622917e+02
   2.5625000e+02
   2.5627083e+02
   2.5629167e+02
   2.5631250e+02
   2.5633333e+02
   2.5635417e+02
   2.5637500e+02
   2.5639583e+02
   2.5641667e+02
   2.5643750e+02
   2.5645833e+02
   2.5647917e+02
   2.5650000e+02
   2.5652083e+02
   2.5654167e+02
   2.5656250e+02
   2.5658333e+02
   2.5660417e+02
   2.5662500e+02
   2.5664583e+02
   2.5666667e+02
   2.5668750e+02
   2.5670833e+02
   2.5672917e+02
   2.5675000e+02
   2.5677083e+02
   2.5679167e+02
   2.5681250e+02
   2.5683333e+02
   2.5685417e+02
   2.5687500e+02
   2.5689583e+02
   2.5691667e+02
   2.5693750e+02
   2.5695833e+02
   2.5697917e+02
   2.5700000e+02
   2.5702083e+02
   2.5704167e+02
   2.5706250e+02
   2.5708333e+02
   2.5710417e+02
   2.5712500e+02
   2.5714583e+02
   2.5716667e+02
   2.5718750e+02
   2.5720833e+02
   2.5722917e+02
   2.5725000e+02
   2.5727083e+02
   2.5729167e+02
   2.5731250e+02
   2.5733333e+02
   2.5735417e+02
   2.5737500e+02
   2.5739583e+02
   2.5741667e+02
   2.5743750e+02
   2.5745833e+02
   2.5747917e+02
   2.5750000e+02
   2.5752083e+02
   2.5754167e+02
   2.5756250e+02
   2.5758333e+02
   2.5760417e+02
   2.5762500e+02
   2.5764583e+02
   2.5766667e+02
   2.5768750e+02
   2.5770833e+02
   2.5772917e+02
   2.5775000e+02
   2.5777083e+02
   2.5779167e+02
   2.5781250e+02
   2.5783333e+02
   2.5785417e+02
   2.5787500e+02
   2.5789583e+02
   2.5791667e+02
   2.5793750e+02
   2.5795833e+02
   2.5797917e+02
   2.5800000e+02
   2.5802083e+02
   2.5804167e+02
   2.5806250e+02
   2.5808333e+02
   2.5810417e+02
   2.5812500e+02
   2.5814583e+02
   2.5816667e+02
   2.5818750e+02
   2.5820833e+02
   2.5822917e+02
   2.5825000e+02
   2.5827083e+02
   2.5829167e+02
   2.5831250e+02
   2.5833333e+02
   2.5835417e+02
   2.5837500e+02
   2.5839583e+02
   2.5841667e+02
   2.5843750e+02
   2.5845833e+02
   2.5847917e+02
   2.5850000e+02
   2.5852083e+02
   2.5854167e+02
   2.5856250e+02
   2.5858333e+02
   2.5860417e+02
   2.5862500e+02
   2.5864583e+02
   2.5866667e+02
   2.5868750e+02
   2.5870833e+02
   2.5872917e+02
   2.5875000e+02
   2.5877083e+02
   2.5879167e+02
   2.5881250e+02
   2.5883333e+02
   2.5885417e+02
   2.5887500e+02
   2.5889583e+02
   2.5891667e+02
   2.5893750e+02
   2.5895833e+02
   2.5897917e+02
   2.5900000e+02
   2.5902083e+02
   2.5904167e+02
   2.5906250e+02
   2.5908333e+02
   2.5910417e+02
   2.5912500e+02
   2.5914583e+02
   2.5916667e+02
   2.5918750e+02
   2.5920833e+02
   2.5922917e+02
   2.5925000e+02
   2.5927083e+02
   2.5929167e+02
   2.5931250e+02
   2.5933333e+02
   2.5935417e+02
   2.5937500e+02
   2.5939583e+02
   2.5941667e+02
   2.5943750e+02
   2.5945833e+02
   2.5947917e+02
   2.5950000e+02
   2.5952083e+02
   2.5954167e+02
   2.5956250e+02
   2.5958333e+02
   2.5960417e+02
   2.5962500e+02
   2.5964583e+02
   2.5966667e+02
   2.5968750e+02
   2.5970833e+02
   2.5972917e+02
   2.5975000e+02
   2.5977083e+02
   2.5979167e+02
   2.5981250e+02
   2.5983333e+02
   2.5985417e+02
   2.5987500e+02
   2.5989583e+02
   2.5991667e+02
   2.5993750e+02
   2.5995833e+02
   2.5997917e+02
   2.6000000e+02
   2.6002083e+02
   2.6004167e+02
   2.6006250e+02
   2.6008333e+02
   2.6010417e+02
   2.6012500e+02
   2.6014583e+02
   2.6016667e+02
   2.6018750e+02
   2.6020833e+02
   2.6022917e+02
   2.6025000e+02
   2.6027083e+02
   2.6029167e+02
   2.6031250e+02
   2.6033333e+02
   2.6035417e+02
   2.6037500e+02
   2.6039583e+02
   2.6041667e+02
   2.6043750e+02
   2.6045833e+02
   2.6047917e+02
   2.6050000e+02
   2.6052083e+02
   2.6054167e+02
   2.6056250e+02
   2.6058333e+02
   2.6060417e+02
   2.6062500e+02
   2.6064583e+02
   2.6066667e+02
   2.6068750e+02
   2.6070833e+02
   2.6072917e+02
   2.6075000e+02
   2.6077083e+02
   2.6079167e+02
   2.6081250e+02
   2.6083333e+02
   2.6085417e+02
   2.6087500e+02
   2.6089583e+02
   2.6091667e+02
   2.6093750e+02
   2.6095833e+02
   2.6097917e+02
   2.6100000e+02
   2.6102083e+02
   2.6104167e+02
   2.6106250e+02
   2.6108333e+02
   2.6110417e+02
   2.6112500e+02
   2.6114583e+02
   2.6116667e+02
   2.6118750e+02
   2.6120833e+02
   2.6122917e+02
   2.6125000e+02
   2.6127083e+02
   2.6129167e+02
   2.6131250e+02
   2.6133333e+02
   2.6135417e+02
   2.6137500e+02
   2.6139583e+02
   2.6141667e+02
   2.6143750e+02
   2.6145833e+02
   2.6147917e+02
   2.6150000e+02
   2.6152083e+02
   2.6154167e+02
   2.6156250e+02
   2.6158333e+02
   2.6160417e+02
   2.6162500e+02
   2.6164583e+02
   2.6166667e+02
   2.6168750e+02
   2.6170833e+02
   2.6172917e+02
   2.6175000e+02
   2.6177083e+02
   2.6179167e+02
   2.6181250e+02
   2.6183333e+02
   2.6185417e+02
   2.6187500e+02
   2.6189583e+02
   2.6191667e+02
   2.6193750e+02
   2.6195833e+02
   2.6197917e+02
   2.6200000e+02
   2.6202083e+02
   2.6204167e+02
   2.6206250e+02
   2.6208333e+02
   2.6210417e+02
   2.6212500e+02
   2.6214583e+02
   2.6216667e+02
   2.6218750e+02
   2.6220833e+02
   2.6222917e+02
   2.6225000e+02
   2.6227083e+02
   2.6229167e+02
   2.6231250e+02
   2.6233333e+02
   2.6235417e+02
   2.6237500e+02
   2.6239583e+02
   2.6241667e+02
   2.6243750e+02
   2.6245833e+02
   2.6247917e+02
   2.6250000e+02
   2.6252083e+02
   2.6254167e+02
   2.6256250e+02
   2.6258333e+02
   2.6260417e+02
   2.6262500e+02
   2.6264583e+02
   2.6266667e+02
   2.6268750e+02
   2.6270833e+02
   2.6272917e+02
   2.6275000e+02
   2.6277083e+02
   2.6279167e+02
   2.6281250e+02
   2.6283333e+02
   2.6285417e+02
   2.6287500e+02
   2.6289583e+02
   2.6291667e+02
   2.6293750e+02
   2.6295833e+02
   2.6297917e+02
   2.6300000e+02
   2.6302083e+02
   2.6304167e+02
   2.6306250e+02
   2.6308333e+02
   2.6310417e+02
   2.6312500e+02
   2.6314583e+02
   2.6316667e+02
   2.6318750e+02
   2.6320833e+02
   2.6322917e+02
   2.6325000e+02
   2.6327083e+02
   2.6329167e+02
   2.6331250e+02
   2.6333333e+02
   2.6335417e+02
   2.6337500e+02
   2.6339583e+02
   2.6341667e+02
   2.6343750e+02
   2.6345833e+02
   2.6347917e+02
   2.6350000e+02
   2.6352083e+02
   2.6354167e+02
   2.6356250e+02
   2.6358333e+02
   2.6360417e+02
   2.6362500e+02
   2.6364583e+02
   2.6366667e+02
   2.6368750e+02
   2.6370833e+02
   2.6372917e+02
   2.6375000e+02
   2.6377083e+02
   2.6379167e+02
   2.6381250e+02
   2.6383333e+02
   2.6385417e+02
   2.6387500e+02
   2.6389583e+02
   2.6391667e+02
   2.6393750e+02
   2.6395833e+02
   2.6397917e+02
   2.6400000e+02
   2.6402083e+02
   2.6404167e+02
   2.6406250e+02
   2.6408333e+02
   2.6410417e+02
   2.6412500e+02
   2.6414583e+02
   2.6416667e+02
   2.6418750e+02
   2.6420833e+02
   2.6422917e+02
   2.6425000e+02
   2.6427083e+02
   2.6429167e+02
   2.6431250e+02
   2.6433333e+02
   2.6435417e+02
   2.6437500e+02
   2.6439583e+02
   2.6441667e+02
   2.6443750e+02
   2.6445833e+02
   2.6447917e+02
   2.6450000e+02
   2.6452083e+02
   2.6454167e+02
   2.6456250e+02
   2.6458333e+02
   2.6460417e+02
   2.6462500e+02
   2.6464583e+02
   2.6466667e+02
   2.6468750e+02
   2.6470833e+02
   2.6472917e+02
   2.6475000e+02
   2.6477083e+02
   2.6479167e+02
   2.6481250e+02
   2.6483333e+02
   2.6485417e+02
   2.6487500e+02
   2.6489583e+02
   2.6491667e+02
   2.6493750e+02
   2.6495833e+02
   2.6497917e+02
   2.6500000e+02
   2.6502083e+02
   2.6504167e+02
   2.6506250e+02
   2.6508333e+02
   2.6510417e+02
   2.6512500e+02
   2.6514583e+02
   2.6516667e+02
   2.6518750e+02
   2.6520833e+02
   2.6522917e+02
   2.6525000e+02
   2.6527083e+02
   2.6529167e+02
   2.6531250e+02
   2.6533333e+02
   2.6535417e+02
   2.6537500e+02
   2.6539583e+02
   2.6541667e+02
   2.6543750e+02
   2.6545833e+02
   2.6547917e+02
   2.6550000e+02
   2.6552083e+02
   2.6554167e+02
   2.6556250e+02
   2.6558333e+02
   2.6560417e+02
   2.6562500e+02
   2.6564583e+02
   2.6566667e+02
   2.6568750e+02
   2.6570833e+02
   2.6572917e+02
   2.6575000e+02
   2.6577083e+02
   2.6579167e+02
   2.6581250e+02
   2.6583333e+02
   2.6585417e+02
   2.6587500e+02
   2.6589583e+02
   2.6591667e+02
   2.6593750e+02
   2.6595833e+02
   2.6597917e+02
   2.6600000e+02
   2.6602083e+02
   2.6604167e+02
   2.6606250e+02
   2.6608333e+02
   2.6610417e+02
   2.6612500e+02
   2.6614583e+02
   2.6616667e+02
   2.6618750e+02
   2.6620833e+02
   2.6622917e+02
   2.6625000e+02
   2.6627083e+02
   2.6629167e+02
   2.6631250e+02
   2.6633333e+02
   2.6635417e+02
   2.6637500e+02
   2.6639583e+02
   2.6641667e+02
   2.6643750e+02
   2.6645833e+02
   2.6647917e+02
   2.6650000e+02
   2.6652083e+02
   2.6654167e+02
   2.6656250e+02
   2.6658333e+02
   2.6660417e+02
   2.6662500e+02
   2.6664583e+02
   2.6666667e+02
   2.6668750e+02
   2.6670833e+02
   2.6672917e+02
   2.6675000e+02
   2.6677083e+02
   2.6679167e+02
   2.6681250e+02
   2.6683333e+02
   2.6685417e+02
   2.6687500e+02
   2.6689583e+02
   2.6691667e+02
   2.6693750e+02
   2.6695833e+02
   2.6697917e+02
   2.6700000e+02
   2.6702083e+02
   2.6704167e+02
   2.6706250e+02
   2.6708333e+02
   2.6710417e+02
   2.6712500e+02
   2.6714583e+02
   2.6716667e+02
   2.6718750e+02
   2.6720833e+02
   2.6722917e+02
   2.6725000e+02
   2.6727083e+02
   2.6729167e+02
   2.6731250e+02
   2.6733333e+02
   2.6735417e+02
   2.6737500e+02
   2.6739583e+02
   2.6741667e+02
   2.6743750e+02
   2.6745833e+02
   2.6747917e+02
   2.6750000e+02
   2.6752083e+02
   2.6754167e+02
   2.6756250e+02
   2.6758333e+02
   2.6760417e+02
   2.6762500e+02
   2.6764583e+02
   2.6766667e+02
   2.6768750e+02
   2.6770833e+02
   2.6772917e+02
   2.6775000e+02
   2.6777083e+02
   2.6779167e+02
   2.6781250e+02
   2.6783333e+02
   2.6785417e+02
   2.6787500e+02
   2.6789583e+02
   2.6791667e+02
   2.6793750e+02
   2.6795833e+02
   2.6797917e+02
   2.6800000e+02
   2.6802083e+02
   2.6804167e+02
   2.6806250e+02
   2.6808333e+02
   2.6810417e+02
   2.6812500e+02
   2.6814583e+02
   2.6816667e+02
   2.6818750e+02
   2.6820833e+02
   2.6822917e+02
   2.6825000e+02
   2.6827083e+02
   2.6829167e+02
   2.6831250e+02
   2.6833333e+02
   2.6835417e+02
   2.6837500e+02
   2.6839583e+02
   2.6841667e+02
   2.6843750e+02
   2.6845833e+02
   2.6847917e+02
   2.6850000e+02
   2.6852083e+02
   2.6854167e+02
   2.6856250e+02
   2.6858333e+02
   2.6860417e+02
   2.6862500e+02
   2.6864583e+02
   2.6866667e+02
   2.6868750e+02
   2.6870833e+02
   2.6872917e+02
   2.6875000e+02
   2.6877083e+02
   2.6879167e+02
   2.6881250e+02
   2.6883333e+02
   2.6885417e+02
   2.6887500e+02
   2.6889583e+02
   2.6891667e+02
   2.6893750e+02
   2.6895833e+02
   2.6897917e+02
   2.6900000e+02
   2.6902083e+02
   2.6904167e+02
   2.6906250e+02
   2.6908333e+02
   2.6910417e+02
   2.6912500e+02
   2.6914583e+02
   2.6916667e+02
   2.6918750e+02
   2.6920833e+02
   2.6922917e+02
   2.6925000e+02
   2.6927083e+02
   2.6929167e+02
   2.6931250e+02
   2.6933333e+02
   2.6935417e+02
   2.6937500e+02
   2.6939583e+02
   2.6941667e+02
   2.6943750e+02
   2.6945833e+02
   2.6947917e+02
   2.6950000e+02
   2.6952083e+02
   2.6954167e+02
   2.6956250e+02
   2.6958333e+02
   2.6960417e+02
   2.6962500e+02
   2.6964583e+02
   2.6966667e+02
   2.6968750e+02
   2.6970833e+02
   2.6972917e+02
   2.6975000e+02
   2.6977083e+02
   2.6979167e+02
   2.6981250e+02
   2.6983333e+02
   2.6985417e+02
   2.6987500e+02
   2.6989583e+02
   2.6991667e+02
   2.6993750e+02
   2.6995833e+02
   2.6997917e+02
   2.7000000e+02
   2.7002083e+02
   2.7004167e+02
   2.7006250e+02
   2.7008333e+02
   2.7010417e+02
   2.7012500e+02
   2.7014583e+02
   2.7016667e+02
   2.7018750e+02
   2.7020833e+02
   2.7022917e+02
   2.7025000e+02
   2.7027083e+02
   2.7029167e+02
   2.7031250e+02
   2.7033333e+02
   2.7035417e+02
   2.7037500e+02
   2.7039583e+02
   2.7041667e+02
   2.7043750e+02
   2.7045833e+02
   2.7047917e+02
   2.7050000e+02
   2.7052083e+02
   2.7054167e+02
   2.7056250e+02
   2.7058333e+02
   2.7060417e+02
   2.7062500e+02
   2.7064583e+02
   2.7066667e+02
   2.7068750e+02
   2.7070833e+02
   2.7072917e+02
   2.7075000e+02
   2.7077083e+02
   2.7079167e+02
   2.7081250e+02
   2.7083333e+02
   2.7085417e+02
   2.7087500e+02
   2.7089583e+02
   2.7091667e+02
   2.7093750e+02
   2.7095833e+02
   2.7097917e+02
   2.7100000e+02
   2.7102083e+02
   2.7104167e+02
   2.7106250e+02
   2.7108333e+02
   2.7110417e+02
   2.7112500e+02
   2.7114583e+02
   2.7116667e+02
   2.7118750e+02
   2.7120833e+02
   2.7122917e+02
   2.7125000e+02
   2.7127083e+02
   2.7129167e+02
   2.7131250e+02
   2.7133333e+02
   2.7135417e+02
   2.7137500e+02
   2.7139583e+02
   2.7141667e+02
   2.7143750e+02
   2.7145833e+02
   2.7147917e+02
   2.7150000e+02
   2.7152083e+02
   2.7154167e+02
   2.7156250e+02
   2.7158333e+02
   2.7160417e+02
   2.7162500e+02
   2.7164583e+02
   2.7166667e+02
   2.7168750e+02
   2.7170833e+02
   2.7172917e+02
   2.7175000e+02
   2.7177083e+02
   2.7179167e+02
   2.7181250e+02
   2.7183333e+02
   2.7185417e+02
   2.7187500e+02
   2.7189583e+02
   2.7191667e+02
   2.7193750e+02
   2.7195833e+02
   2.7197917e+02
   2.7200000e+02
   2.7202083e+02
   2.7204167e+02
   2.7206250e+02
   2.7208333e+02
   2.7210417e+02
   2.7212500e+02
   2.7214583e+02
   2.7216667e+02
   2.7218750e+02
   2.7220833e+02
   2.7222917e+02
   2.7225000e+02
   2.7227083e+02
   2.7229167e+02
   2.7231250e+02
   2.7233333e+02
   2.7235417e+02
   2.7237500e+02
   2.7239583e+02
   2.7241667e+02
   2.7243750e+02
   2.7245833e+02
   2.7247917e+02
   2.7250000e+02
   2.7252083e+02
   2.7254167e+02
   2.7256250e+02
   2.7258333e+02
   2.7260417e+02
   2.7262500e+02
   2.7264583e+02
   2.7266667e+02
   2.7268750e+02
   2.7270833e+02
   2.7272917e+02
   2.7275000e+02
   2.7277083e+02
   2.7279167e+02
   2.7281250e+02
   2.7283333e+02
   2.7285417e+02
   2.7287500e+02
   2.7289583e+02
   2.7291667e+02
   2.7293750e+02
   2.7295833e+02
   2.7297917e+02
   2.7300000e+02
   2.7302083e+02
   2.7304167e+02
   2.7306250e+02
   2.7308333e+02
   2.7310417e+02
   2.7312500e+02
   2.7314583e+02
   2.7316667e+02
   2.7318750e+02
   2.7320833e+02
   2.7322917e+02
   2.7325000e+02
   2.7327083e+02
   2.7329167e+02
   2.7331250e+02
   2.7333333e+02
   2.7335417e+02
   2.7337500e+02
   2.7339583e+02
   2.7341667e+02
   2.7343750e+02
   2.7345833e+02
   2.7347917e+02
   2.7350000e+02
   2.7352083e+02
   2.7354167e+02
   2.7356250e+02
   2.7358333e+02
   2.7360417e+02
   2.7362500e+02
   2.7364583e+02
   2.7366667e+02
   2.7368750e+02
   2.7370833e+02
   2.7372917e+02
   2.7375000e+02
   2.7377083e+02
   2.7379167e+02
   2.7381250e+02
   2.7383333e+02
   2.7385417e+02
   2.7387500e+02
   2.7389583e+02
   2.7391667e+02
   2.7393750e+02
   2.7395833e+02
   2.7397917e+02
   2.7400000e+02
   2.7402083e+02
   2.7404167e+02
   2.7406250e+02
   2.7408333e+02
   2.7410417e+02
   2.7412500e+02
   2.7414583e+02
   2.7416667e+02
   2.7418750e+02
   2.7420833e+02
   2.7422917e+02
   2.7425000e+02
   2.7427083e+02
   2.7429167e+02
   2.7431250e+02
   2.7433333e+02
   2.7435417e+02
   2.7437500e+02
   2.7439583e+02
   2.7441667e+02
   2.7443750e+02
   2.7445833e+02
   2.7447917e+02
   2.7450000e+02
   2.7452083e+02
   2.7454167e+02
   2.7456250e+02
   2.7458333e+02
   2.7460417e+02
   2.7462500e+02
   2.7464583e+02
   2.7466667e+02
   2.7468750e+02
   2.7470833e+02
   2.7472917e+02
   2.7475000e+02
   2.7477083e+02
   2.7479167e+02
   2.7481250e+02
   2.7483333e+02
   2.7485417e+02
   2.7487500e+02
   2.7489583e+02
   2.7491667e+02
   2.7493750e+02
   2.7495833e+02
   2.7497917e+02
   2.7500000e+02
   2.7502083e+02
   2.7504167e+02
   2.7506250e+02
   2.7508333e+02
   2.7510417e+02
   2.7512500e+02
   2.7514583e+02
   2.7516667e+02
   2.7518750e+02
   2.7520833e+02
   2.7522917e+02
   2.7525000e+02
   2.7527083e+02
   2.7529167e+02
   2.7531250e+02
   2.7533333e+02
   2.7535417e+02
   2.7537500e+02
   2.7539583e+02
   2.7541667e+02
   2.7543750e+02
   2.7545833e+02
   2.7547917e+02
   2.7550000e+02
   2.7552083e+02
   2.7554167e+02
   2.7556250e+02
   2.7558333e+02
   2.7560417e+02
   2.7562500e+02
   2.7564583e+02
   2.7566667e+02
   2.7568750e+02
   2.7570833e+02
   2.7572917e+02
   2.7575000e+02
   2.7577083e+02
   2.7579167e+02
   2.7581250e+02
   2.7583333e+02
   2.7585417e+02
   2.7587500e+02
   2.7589583e+02
   2.7591667e+02
   2.7593750e+02
   2.7595833e+02
   2.7597917e+02
   2.7600000e+02
   2.7602083e+02
   2.7604167e+02
   2.7606250e+02
   2.7608333e+02
   2.7610417e+02
   2.7612500e+02
   2.7614583e+02
   2.7616667e+02
   2.7618750e+02
   2.7620833e+02
   2.7622917e+02
   2.7625000e+02
   2.7627083e+02
   2.7629167e+02
   2.7631250e+02
   2.7633333e+02
   2.7635417e+02
   2.7637500e+02
   2.7639583e+02
   2.7641667e+02
   2.7643750e+02
   2.7645833e+02
   2.7647917e+02
   2.7650000e+02
   2.7652083e+02
   2.7654167e+02
   2.7656250e+02
   2.7658333e+02
   2.7660417e+02
   2.7662500e+02
   2.7664583e+02
   2.7666667e+02
   2.7668750e+02
   2.7670833e+02
   2.7672917e+02
   2.7675000e+02
   2.7677083e+02
   2.7679167e+02
   2.7681250e+02
   2.7683333e+02
   2.7685417e+02
   2.7687500e+02
   2.7689583e+02
   2.7691667e+02
   2.7693750e+02
   2.7695833e+02
   2.7697917e+02
   2.7700000e+02
   2.7702083e+02
   2.7704167e+02
   2.7706250e+02
   2.7708333e+02
   2.7710417e+02
   2.7712500e+02
   2.7714583e+02
   2.7716667e+02
   2.7718750e+02
   2.7720833e+02
   2.7722917e+02
   2.7725000e+02
   2.7727083e+02
   2.7729167e+02
   2.7731250e+02
   2.7733333e+02
   2.7735417e+02
   2.7737500e+02
   2.7739583e+02
   2.7741667e+02
   2.7743750e+02
   2.7745833e+02
   2.7747917e+02
   2.7750000e+02
   2.7752083e+02
   2.7754167e+02
   2.7756250e+02
   2.7758333e+02
   2.7760417e+02
   2.7762500e+02
   2.7764583e+02
   2.7766667e+02
   2.7768750e+02
   2.7770833e+02
   2.7772917e+02
   2.7775000e+02
   2.7777083e+02
   2.7779167e+02
   2.7781250e+02
   2.7783333e+02
   2.7785417e+02
   2.7787500e+02
   2.7789583e+02
   2.7791667e+02
   2.7793750e+02
   2.7795833e+02
   2.7797917e+02
   2.7800000e+02
   2.7802083e+02
   2.7804167e+02
   2.7806250e+02
   2.7808333e+02
   2.7810417e+02
   2.7812500e+02
   2.7814583e+02
   2.7816667e+02
   2.7818750e+02
   2.7820833e+02
   2.7822917e+02
   2.7825000e+02
   2.7827083e+02
   2.7829167e+02
   2.7831250e+02
   2.7833333e+02
   2.7835417e+02
   2.7837500e+02
   2.7839583e+02
   2.7841667e+02
   2.7843750e+02
   2.7845833e+02
   2.7847917e+02
   2.7850000e+02
   2.7852083e+02
   2.7854167e+02
   2.7856250e+02
   2.7858333e+02
   2.7860417e+02
   2.7862500e+02
   2.7864583e+02
   2.7866667e+02
   2.7868750e+02
   2.7870833e+02
   2.7872917e+02
   2.7875000e+02
   2.7877083e+02
   2.7879167e+02
   2.7881250e+02
   2.7883333e+02
   2.7885417e+02
   2.7887500e+02
   2.7889583e+02
   2.7891667e+02
   2.7893750e+02
   2.7895833e+02
   2.7897917e+02
   2.7900000e+02
   2.7902083e+02
   2.7904167e+02
   2.7906250e+02
   2.7908333e+02
   2.7910417e+02
   2.7912500e+02
   2.7914583e+02
   2.7916667e+02
   2.7918750e+02
   2.7920833e+02
   2.7922917e+02
   2.7925000e+02
   2.7927083e+02
   2.7929167e+02
   2.7931250e+02
   2.7933333e+02
   2.7935417e+02
   2.7937500e+02
   2.7939583e+02
   2.7941667e+02
   2.7943750e+02
   2.7945833e+02
   2.7947917e+02
   2.7950000e+02
   2.7952083e+02
   2.7954167e+02
   2.7956250e+02
   2.7958333e+02
   2.7960417e+02
   2.7962500e+02
   2.7964583e+02
   2.7966667e+02
   2.7968750e+02
   2.7970833e+02
   2.7972917e+02
   2.7975000e+02
   2.7977083e+02
   2.7979167e+02
   2.7981250e+02
   2.7983333e+02
   2.7985417e+02
   2.7987500e+02
   2.7989583e+02
   2.7991667e+02
   2.7993750e+02
   2.7995833e+02
   2.7997917e+02
   2.8000000e+02
   2.8002083e+02
   2.8004167e+02
   2.8006250e+02
   2.8008333e+02
   2.8010417e+02
   2.8012500e+02
   2.8014583e+02
   2.8016667e+02
   2.8018750e+02
   2.8020833e+02
   2.8022917e+02
   2.8025000e+02
   2.8027083e+02
   2.8029167e+02
   2.8031250e+02
   2.8033333e+02
   2.8035417e+02
   2.8037500e+02
   2.8039583e+02
   2.8041667e+02
   2.8043750e+02
   2.8045833e+02
   2.8047917e+02
   2.8050000e+02
   2.8052083e+02
   2.8054167e+02
   2.8056250e+02
   2.8058333e+02
   2.8060417e+02
   2.8062500e+02
   2.8064583e+02
   2.8066667e+02
   2.8068750e+02
   2.8070833e+02
   2.8072917e+02
   2.8075000e+02
   2.8077083e+02
   2.8079167e+02
   2.8081250e+02
   2.8083333e+02
   2.8085417e+02
   2.8087500e+02
   2.8089583e+02
   2.8091667e+02
   2.8093750e+02
   2.8095833e+02
   2.8097917e+02
   2.8100000e+02
   2.8102083e+02
   2.8104167e+02
   2.8106250e+02
   2.8108333e+02
   2.8110417e+02
   2.8112500e+02
   2.8114583e+02
   2.8116667e+02
   2.8118750e+02
   2.8120833e+02
   2.8122917e+02
   2.8125000e+02
   2.8127083e+02
   2.8129167e+02
   2.8131250e+02
   2.8133333e+02
   2.8135417e+02
   2.8137500e+02
   2.8139583e+02
   2.8141667e+02
   2.8143750e+02
   2.8145833e+02
   2.8147917e+02
   2.8150000e+02
   2.8152083e+02
   2.8154167e+02
   2.8156250e+02
   2.8158333e+02
   2.8160417e+02
   2.8162500e+02
   2.8164583e+02
   2.8166667e+02
   2.8168750e+02
   2.8170833e+02
   2.8172917e+02
   2.8175000e+02
   2.8177083e+02
   2.8179167e+02
   2.8181250e+02
   2.8183333e+02
   2.8185417e+02
   2.8187500e+02
   2.8189583e+02
   2.8191667e+02
   2.8193750e+02
   2.8195833e+02
   2.8197917e+02
   2.8200000e+02
   2.8202083e+02
   2.8204167e+02
   2.8206250e+02
   2.8208333e+02
   2.8210417e+02
   2.8212500e+02
   2.8214583e+02
   2.8216667e+02
   2.8218750e+02
   2.8220833e+02
   2.8222917e+02
   2.8225000e+02
   2.8227083e+02
   2.8229167e+02
   2.8231250e+02
   2.8233333e+02
   2.8235417e+02
   2.8237500e+02
   2.8239583e+02
   2.8241667e+02
   2.8243750e+02
   2.8245833e+02
   2.8247917e+02
   2.8250000e+02
   2.8252083e+02
   2.8254167e+02
   2.8256250e+02
   2.8258333e+02
   2.8260417e+02
   2.8262500e+02
   2.8264583e+02
   2.8266667e+02
   2.8268750e+02
   2.8270833e+02
   2.8272917e+02
   2.8275000e+02
   2.8277083e+02
   2.8279167e+02
   2.8281250e+02
   2.8283333e+02
   2.8285417e+02
   2.8287500e+02
   2.8289583e+02
   2.8291667e+02
   2.8293750e+02
   2.8295833e+02
   2.8297917e+02
   2.8300000e+02
   2.8302083e+02
   2.8304167e+02
   2.8306250e+02
   2.8308333e+02
   2.8310417e+02
   2.8312500e+02
   2.8314583e+02
   2.8316667e+02
   2.8318750e+02
   2.8320833e+02
   2.8322917e+02
   2.8325000e+02
   2.8327083e+02
   2.8329167e+02
   2.8331250e+02
   2.8333333e+02
   2.8335417e+02
   2.8337500e+02
   2.8339583e+02
   2.8341667e+02
   2.8343750e+02
   2.8345833e+02
   2.8347917e+02
   2.8350000e+02
   2.8352083e+02
   2.8354167e+02
   2.8356250e+02
   2.8358333e+02
   2.8360417e+02
   2.8362500e+02
   2.8364583e+02
   2.8366667e+02
   2.8368750e+02
   2.8370833e+02
   2.8372917e+02
   2.8375000e+02
   2.8377083e+02
   2.8379167e+02
   2.8381250e+02
   2.8383333e+02
   2.8385417e+02
   2.8387500e+02
   2.8389583e+02
   2.8391667e+02
   2.8393750e+02
   2.8395833e+02
   2.8397917e+02
   2.8400000e+02
   2.8402083e+02
   2.8404167e+02
   2.8406250e+02
   2.8408333e+02
   2.8410417e+02
   2.8412500e+02
   2.8414583e+02
   2.8416667e+02
   2.8418750e+02
   2.8420833e+02
   2.8422917e+02
   2.8425000e+02
   2.8427083e+02
   2.8429167e+02
   2.8431250e+02
   2.8433333e+02
   2.8435417e+02
   2.8437500e+02
   2.8439583e+02
   2.8441667e+02
   2.8443750e+02
   2.8445833e+02
   2.8447917e+02
   2.8450000e+02
   2.8452083e+02
   2.8454167e+02
   2.8456250e+02
   2.8458333e+02
   2.8460417e+02
   2.8462500e+02
   2.8464583e+02
   2.8466667e+02
   2.8468750e+02
   2.8470833e+02
   2.8472917e+02
   2.8475000e+02
   2.8477083e+02
   2.8479167e+02
   2.8481250e+02
   2.8483333e+02
   2.8485417e+02
   2.8487500e+02
   2.8489583e+02
   2.8491667e+02
   2.8493750e+02
   2.8495833e+02
   2.8497917e+02
   2.8500000e+02
   2.8502083e+02
   2.8504167e+02
   2.8506250e+02
   2.8508333e+02
   2.8510417e+02
   2.8512500e+02
   2.8514583e+02
   2.8516667e+02
   2.8518750e+02
   2.8520833e+02
   2.8522917e+02
   2.8525000e+02
   2.8527083e+02
   2.8529167e+02
   2.8531250e+02
   2.8533333e+02
   2.8535417e+02
   2.8537500e+02
   2.8539583e+02
   2.8541667e+02
   2.8543750e+02
   2.8545833e+02
   2.8547917e+02
   2.8550000e+02
   2.8552083e+02
   2.8554167e+02
   2.8556250e+02
   2.8558333e+02
   2.8560417e+02
   2.8562500e+02
   2.8564583e+02
   2.8566667e+02
   2.8568750e+02
   2.8570833e+02
   2.8572917e+02
   2.8575000e+02
   2.8577083e+02
   2.8579167e+02
   2.8581250e+02
   2.8583333e+02
   2.8585417e+02
   2.8587500e+02
   2.8589583e+02
   2.8591667e+02
   2.8593750e+02
   2.8595833e+02
   2.8597917e+02
   2.8600000e+02
   2.8602083e+02
   2.8604167e+02
   2.8606250e+02
   2.8608333e+02
   2.8610417e+02
   2.8612500e+02
   2.8614583e+02
   2.8616667e+02
   2.8618750e+02
   2.8620833e+02
   2.8622917e+02
   2.8625000e+02
   2.8627083e+02
   2.8629167e+02
   2.8631250e+02
   2.8633333e+02
   2.8635417e+02
   2.8637500e+02
   2.8639583e+02
   2.8641667e+02
   2.8643750e+02
   2.8645833e+02
   2.8647917e+02
   2.8650000e+02
   2.8652083e+02
   2.8654167e+02
   2.8656250e+02
   2.8658333e+02
   2.8660417e+02
   2.8662500e+02
   2.8664583e+02
   2.8666667e+02
   2.8668750e+02
   2.8670833e+02
   2.8672917e+02
   2.8675000e+02
   2.8677083e+02
   2.8679167e+02
   2.8681250e+02
   2.8683333e+02
   2.8685417e+02
   2.8687500e+02
   2.8689583e+02
   2.8691667e+02
   2.8693750e+02
   2.8695833e+02
   2.8697917e+02
   2.8700000e+02
   2.8702083e+02
   2.8704167e+02
   2.8706250e+02
   2.8708333e+02
   2.8710417e+02
   2.8712500e+02
   2.8714583e+02
   2.8716667e+02
   2.8718750e+02
   2.8720833e+02
   2.8722917e+02
   2.8725000e+02
   2.8727083e+02
   2.8729167e+02
   2.8731250e+02
   2.8733333e+02
   2.8735417e+02
   2.8737500e+02
   2.8739583e+02
   2.8741667e+02
   2.8743750e+02
   2.8745833e+02
   2.8747917e+02
   2.8750000e+02
   2.8752083e+02
   2.8754167e+02
   2.8756250e+02
   2.8758333e+02
   2.8760417e+02
   2.8762500e+02
   2.8764583e+02
   2.8766667e+02
   2.8768750e+02
   2.8770833e+02
   2.8772917e+02
   2.8775000e+02
   2.8777083e+02
   2.8779167e+02
   2.8781250e+02
   2.8783333e+02
   2.8785417e+02
   2.8787500e+02
   2.8789583e+02
   2.8791667e+02
   2.8793750e+02
   2.8795833e+02
   2.8797917e+02
   2.8800000e+02
   2.8802083e+02
   2.8804167e+02
   2.8806250e+02
   2.8808333e+02
   2.8810417e+02
   2.8812500e+02
   2.8814583e+02
   2.8816667e+02
   2.8818750e+02
   2.8820833e+02
   2.8822917e+02
   2.8825000e+02
   2.8827083e+02
   2.8829167e+02
   2.8831250e+02
   2.8833333e+02
   2.8835417e+02
   2.8837500e+02
   2.8839583e+02
   2.8841667e+02
   2.8843750e+02
   2.8845833e+02
   2.8847917e+02
   2.8850000e+02
   2.8852083e+02
   2.8854167e+02
   2.8856250e+02
   2.8858333e+02
   2.8860417e+02
   2.8862500e+02
   2.8864583e+02
   2.8866667e+02
   2.8868750e+02
   2.8870833e+02
   2.8872917e+02
   2.8875000e+02
   2.8877083e+02
   2.8879167e+02
   2.8881250e+02
   2.8883333e+02
   2.8885417e+02
   2.8887500e+02
   2.8889583e+02
   2.8891667e+02
   2.8893750e+02
   2.8895833e+02
   2.8897917e+02
   2.8900000e+02
   2.8902083e+02
   2.8904167e+02
   2.8906250e+02
   2.8908333e+02
   2.8910417e+02
   2.8912500e+02
   2.8914583e+02
   2.8916667e+02
   2.8918750e+02
   2.8920833e+02
   2.8922917e+02
   2.8925000e+02
   2.8927083e+02
   2.8929167e+02
   2.8931250e+02
   2.8933333e+02
   2.8935417e+02
   2.8937500e+02
   2.8939583e+02
   2.8941667e+02
   2.8943750e+02
   2.8945833e+02
   2.8947917e+02
   2.8950000e+02
   2.8952083e+02
   2.8954167e+02
   2.8956250e+02
   2.8958333e+02
   2.8960417e+02
   2.8962500e+02
   2.8964583e+02
   2.8966667e+02
   2.8968750e+02
   2.8970833e+02
   2.8972917e+02
   2.8975000e+02
   2.8977083e+02
   2.8979167e+02
   2.8981250e+02
   2.8983333e+02
   2.8985417e+02
   2.8987500e+02
   2.8989583e+02
   2.8991667e+02
   2.8993750e+02
   2.8995833e+02
   2.8997917e+02
   2.9000000e+02
   2.9002083e+02
   2.9004167e+02
   2.9006250e+02
   2.9008333e+02
   2.9010417e+02
   2.9012500e+02
   2.9014583e+02
   2.9016667e+02
   2.9018750e+02
   2.9020833e+02
   2.9022917e+02
   2.9025000e+02
   2.9027083e+02
   2.9029167e+02
   2.9031250e+02
   2.9033333e+02
   2.9035417e+02
   2.9037500e+02
   2.9039583e+02
   2.9041667e+02
   2.9043750e+02
   2.9045833e+02
   2.9047917e+02
   2.9050000e+02
   2.9052083e+02
   2.9054167e+02
   2.9056250e+02
   2.9058333e+02
   2.9060417e+02
   2.9062500e+02
   2.9064583e+02
   2.9066667e+02
   2.9068750e+02
   2.9070833e+02
   2.9072917e+02
   2.9075000e+02
   2.9077083e+02
   2.9079167e+02
   2.9081250e+02
   2.9083333e+02
   2.9085417e+02
   2.9087500e+02
   2.9089583e+02
   2.9091667e+02
   2.9093750e+02
   2.9095833e+02
   2.9097917e+02
   2.9100000e+02
   2.9102083e+02
   2.9104167e+02
   2.9106250e+02
   2.9108333e+02
   2.9110417e+02
   2.9112500e+02
   2.9114583e+02
   2.9116667e+02
   2.9118750e+02
   2.9120833e+02
   2.9122917e+02
   2.9125000e+02
   2.9127083e+02
   2.9129167e+02
   2.9131250e+02
   2.9133333e+02
   2.9135417e+02
   2.9137500e+02
   2.9139583e+02
   2.9141667e+02
   2.9143750e+02
   2.9145833e+02
   2.9147917e+02
   2.9150000e+02
   2.9152083e+02
   2.9154167e+02
   2.9156250e+02
   2.9158333e+02
   2.9160417e+02
   2.9162500e+02
   2.9164583e+02
   2.9166667e+02
   2.9168750e+02
   2.9170833e+02
   2.9172917e+02
   2.9175000e+02
   2.9177083e+02
   2.9179167e+02
   2.9181250e+02
   2.9183333e+02
   2.9185417e+02
   2.9187500e+02
   2.9189583e+02
   2.9191667e+02
   2.9193750e+02
   2.9195833e+02
   2.9197917e+02
   2.9200000e+02
   2.9202083e+02
   2.9204167e+02
   2.9206250e+02
   2.9208333e+02
   2.9210417e+02
   2.9212500e+02
   2.9214583e+02
   2.9216667e+02
   2.9218750e+02
   2.9220833e+02
   2.9222917e+02
   2.9225000e+02
   2.9227083e+02
   2.9229167e+02
   2.9231250e+02
   2.9233333e+02
   2.9235417e+02
   2.9237500e+02
   2.9239583e+02
   2.9241667e+02
   2.9243750e+02
   2.9245833e+02
   2.9247917e+02
   2.9250000e+02
   2.9252083e+02
   2.9254167e+02
   2.9256250e+02
   2.9258333e+02
   2.9260417e+02
   2.9262500e+02
   2.9264583e+02
   2.9266667e+02
   2.9268750e+02
   2.9270833e+02
   2.9272917e+02
   2.9275000e+02
   2.9277083e+02
   2.9279167e+02
   2.9281250e+02
   2.9283333e+02
   2.9285417e+02
   2.9287500e+02
   2.9289583e+02
   2.9291667e+02
   2.9293750e+02
   2.9295833e+02
   2.9297917e+02
   2.9300000e+02
   2.9302083e+02
   2.9304167e+02
   2.9306250e+02
   2.9308333e+02
   2.9310417e+02
   2.9312500e+02
   2.9314583e+02
   2.9316667e+02
   2.9318750e+02
   2.9320833e+02
   2.9322917e+02
   2.9325000e+02
   2.9327083e+02
   2.9329167e+02
   2.9331250e+02
   2.9333333e+02
   2.9335417e+02
   2.9337500e+02
   2.9339583e+02
   2.9341667e+02
   2.9343750e+02
   2.9345833e+02
   2.9347917e+02
   2.9350000e+02
   2.9352083e+02
   2.9354167e+02
   2.9356250e+02
   2.9358333e+02
   2.9360417e+02
   2.9362500e+02
   2.9364583e+02
   2.9366667e+02
   2.9368750e+02
   2.9370833e+02
   2.9372917e+02
   2.9375000e+02
   2.9377083e+02
   2.9379167e+02
   2.9381250e+02
   2.9383333e+02
   2.9385417e+02
   2.9387500e+02
   2.9389583e+02
   2.9391667e+02
   2.9393750e+02
   2.9395833e+02
   2.9397917e+02
   2.9400000e+02
   2.9402083e+02
   2.9404167e+02
   2.9406250e+02
   2.9408333e+02
   2.9410417e+02
   2.9412500e+02
   2.9414583e+02
   2.9416667e+02
   2.9418750e+02
   2.9420833e+02
   2.9422917e+02
   2.9425000e+02
   2.9427083e+02
   2.9429167e+02
   2.9431250e+02
   2.9433333e+02
   2.9435417e+02
   2.9437500e+02
   2.9439583e+02
   2.9441667e+02
   2.9443750e+02
   2.9445833e+02
   2.9447917e+02
   2.9450000e+02
   2.9452083e+02
   2.9454167e+02
   2.9456250e+02
   2.9458333e+02
   2.9460417e+02
   2.9462500e+02
   2.9464583e+02
   2.9466667e+02
   2.9468750e+02
   2.9470833e+02
   2.9472917e+02
   2.9475000e+02
   2.9477083e+02
   2.9479167e+02
   2.9481250e+02
   2.9483333e+02
   2.9485417e+02
   2.9487500e+02
   2.9489583e+02
   2.9491667e+02
   2.9493750e+02
   2.9495833e+02
   2.9497917e+02
   2.9500000e+02
   2.9502083e+02
   2.9504167e+02
   2.9506250e+02
   2.9508333e+02
   2.9510417e+02
   2.9512500e+02
   2.9514583e+02
   2.9516667e+02
   2.9518750e+02
   2.9520833e+02
   2.9522917e+02
   2.9525000e+02
   2.9527083e+02
   2.9529167e+02
   2.9531250e+02
   2.9533333e+02
   2.9535417e+02
   2.9537500e+02
   2.9539583e+02
   2.9541667e+02
   2.9543750e+02
   2.9545833e+02
   2.9547917e+02
   2.9550000e+02
   2.9552083e+02
   2.9554167e+02
   2.9556250e+02
   2.9558333e+02
   2.9560417e+02
   2.9562500e+02
   2.9564583e+02
   2.9566667e+02
   2.9568750e+02
   2.9570833e+02
   2.9572917e+02
   2.9575000e+02
   2.9577083e+02
   2.9579167e+02
   2.9581250e+02
   2.9583333e+02
   2.9585417e+02
   2.9587500e+02
   2.9589583e+02
   2.9591667e+02
   2.9593750e+02
   2.9595833e+02
   2.9597917e+02
   2.9600000e+02
   2.9602083e+02
   2.9604167e+02
   2.9606250e+02
   2.9608333e+02
   2.9610417e+02
   2.9612500e+02
   2.9614583e+02
   2.9616667e+02
   2.9618750e+02
   2.9620833e+02
   2.9622917e+02
   2.9625000e+02
   2.9627083e+02
   2.9629167e+02
   2.9631250e+02
   2.9633333e+02
   2.9635417e+02
   2.9637500e+02
   2.9639583e+02
   2.9641667e+02
   2.9643750e+02
   2.9645833e+02
   2.9647917e+02
   2.9650000e+02
   2.9652083e+02
   2.9654167e+02
   2.9656250e+02
   2.9658333e+02
   2.9660417e+02
   2.9662500e+02
   2.9664583e+02
   2.9666667e+02
   2.9668750e+02
   2.9670833e+02
   2.9672917e+02
   2.9675000e+02
   2.9677083e+02
   2.9679167e+02
   2.9681250e+02
   2.9683333e+02
   2.9685417e+02
   2.9687500e+02
   2.9689583e+02
   2.9691667e+02
   2.9693750e+02
   2.9695833e+02
   2.9697917e+02
   2.9700000e+02
   2.9702083e+02
   2.9704167e+02
   2.9706250e+02
   2.9708333e+02
   2.9710417e+02
   2.9712500e+02
   2.9714583e+02
   2.9716667e+02
   2.9718750e+02
   2.9720833e+02
   2.9722917e+02
   2.9725000e+02
   2.9727083e+02
   2.9729167e+02
   2.9731250e+02
   2.9733333e+02
   2.9735417e+02
   2.9737500e+02
   2.9739583e+02
   2.9741667e+02
   2.9743750e+02
   2.9745833e+02
   2.9747917e+02
   2.9750000e+02
   2.9752083e+02
   2.9754167e+02
   2.9756250e+02
   2.9758333e+02
   2.9760417e+02
   2.9762500e+02
   2.9764583e+02
   2.9766667e+02
   2.9768750e+02
   2.9770833e+02
   2.9772917e+02
   2.9775000e+02
   2.9777083e+02
   2.9779167e+02
   2.9781250e+02
   2.9783333e+02
   2.9785417e+02
   2.9787500e+02
   2.9789583e+02
   2.9791667e+02
   2.9793750e+02
   2.9795833e+02
   2.9797917e+02
   2.9800000e+02
   2.9802083e+02
   2.9804167e+02
   2.9806250e+02
   2.9808333e+02
   2.9810417e+02
   2.9812500e+02
   2.9814583e+02
   2.9816667e+02
   2.9818750e+02
   2.9820833e+02
   2.9822917e+02
   2.9825000e+02
   2.9827083e+02
   2.9829167e+02
   2.9831250e+02
   2.9833333e+02
   2.9835417e+02
   2.9837500e+02
   2.9839583e+02
   2.9841667e+02
   2.9843750e+02
   2.9845833e+02
   2.9847917e+02
   2.9850000e+02
   2.9852083e+02
   2.9854167e+02
   2.9856250e+02
   2.9858333e+02
   2.9860417e+02
   2.9862500e+02
   2.9864583e+02
   2.9866667e+02
   2.9868750e+02
   2.9870833e+02
   2.9872917e+02
   2.9875000e+02
   2.9877083e+02
   2.9879167e+02
   2.9881250e+02
   2.9883333e+02
   2.9885417e+02
   2.9887500e+02
   2.9889583e+02
   2.9891667e+02
   2.9893750e+02
   2.9895833e+02
   2.9897917e+02
   2.9900000e+02
   2.9902083e+02
   2.9904167e+02
   2.9906250e+02
   2.9908333e+02
   2.9910417e+02
   2.9912500e+02
   2.9914583e+02
   2.9916667e+02
   2.9918750e+02
   2.9920833e+02
   2.9922917e+02
   2.9925000e+02
   2.9927083e+02
   2.9929167e+02
   2.9931250e+02
   2.9933333e+02
   2.9935417e+02
   2.9937500e+02
   2.9939583e+02
   2.9941667e+02
   2.9943750e+02
   2.9945833e+02
   2.9947917e+02
   2.9950000e+02
   2.9952083e+02
   2.9954167e+02
   2.9956250e+02
   2.9958333e+02
   2.9960417e+02
   2.9962500e+02
   2.9964583e+02
   2.9966667e+02
   2.9968750e+02
   2.9970833e+02
   2.9972917e+02
   2.9975000e+02
   2.9977083e+02
   2.9979167e+02
   2.9981250e+02
   2.9983333e+02
   2.9985417e+02
   2.9987500e+02
   2.9989583e+02
   2.9991667e+02
   2.9993750e+02
   2.9995833e+02
   2.9997917e+02
   3.0000000e+02
   3.0002083e+02
   3.0004167e+02
   3.0006250e+02
   3.0008333e+02
   3.0010417e+02
   3.0012500e+02
   3.0014583e+02
   3.0016667e+02
   3.0018750e+02
   3.0020833e+02
   3.0022917e+02
   3.0025000e+02
   3.0027083e+02
   3.0029167e+02
   3.0031250e+02
   3.0033333e+02
   3.0035417e+02
   3.0037500e+02
   3.0039583e+02
   3.0041667e+02
   3.0043750e+02
   3.0045833e+02
   3.0047917e+02
   3.0050000e+02
   3.0052083e+02
   3.0054167e+02
   3.0056250e+02
   3.0058333e+02
   3.0060417e+02
   3.0062500e+02
   3.0064583e+02
   3.0066667e+02
   3.0068750e+02
   3.0070833e+02
   3.0072917e+02
   3.0075000e+02
   3.0077083e+02
   3.0079167e+02
   3.0081250e+02
   3.0083333e+02
   3.0085417e+02
   3.0087500e+02
   3.0089583e+02
   3.0091667e+02
   3.0093750e+02
   3.0095833e+02
   3.0097917e+02
   3.0100000e+02
   3.0102083e+02
   3.0104167e+02
   3.0106250e+02
   3.0108333e+02
   3.0110417e+02
   3.0112500e+02
   3.0114583e+02
   3.0116667e+02
   3.0118750e+02
   3.0120833e+02
   3.0122917e+02
   3.0125000e+02
   3.0127083e+02
   3.0129167e+02
   3.0131250e+02
   3.0133333e+02
   3.0135417e+02
   3.0137500e+02
   3.0139583e+02
   3.0141667e+02
   3.0143750e+02
   3.0145833e+02
   3.0147917e+02
   3.0150000e+02
   3.0152083e+02
   3.0154167e+02
   3.0156250e+02
   3.0158333e+02
   3.0160417e+02
   3.0162500e+02
   3.0164583e+02
   3.0166667e+02
   3.0168750e+02
   3.0170833e+02
   3.0172917e+02
   3.0175000e+02
   3.0177083e+02
   3.0179167e+02
   3.0181250e+02
   3.0183333e+02
   3.0185417e+02
   3.0187500e+02
   3.0189583e+02
   3.0191667e+02
   3.0193750e+02
   3.0195833e+02
   3.0197917e+02
   3.0200000e+02
   3.0202083e+02
   3.0204167e+02
   3.0206250e+02
   3.0208333e+02
   3.0210417e+02
   3.0212500e+02
   3.0214583e+02
   3.0216667e+02
   3.0218750e+02
   3.0220833e+02
   3.0222917e+02
   3.0225000e+02
   3.0227083e+02
   3.0229167e+02
   3.0231250e+02
   3.0233333e+02
   3.0235417e+02
   3.0237500e+02
   3.0239583e+02
   3.0241667e+02
   3.0243750e+02
   3.0245833e+02
   3.0247917e+02
   3.0250000e+02
   3.0252083e+02
   3.0254167e+02
   3.0256250e+02
   3.0258333e+02
   3.0260417e+02
   3.0262500e+02
   3.0264583e+02
   3.0266667e+02
   3.0268750e+02
   3.0270833e+02
   3.0272917e+02
   3.0275000e+02
   3.0277083e+02
   3.0279167e+02
   3.0281250e+02
   3.0283333e+02
   3.0285417e+02
   3.0287500e+02
   3.0289583e+02
   3.0291667e+02
   3.0293750e+02
   3.0295833e+02
   3.0297917e+02
   3.0300000e+02
   3.0302083e+02
   3.0304167e+02
   3.0306250e+02
   3.0308333e+02
   3.0310417e+02
   3.0312500e+02
   3.0314583e+02
   3.0316667e+02
   3.0318750e+02
   3.0320833e+02
   3.0322917e+02
   3.0325000e+02
   3.0327083e+02
   3.0329167e+02
   3.0331250e+02
   3.0333333e+02
   3.0335417e+02
   3.0337500e+02
   3.0339583e+02
   3.0341667e+02
   3.0343750e+02
   3.0345833e+02
   3.0347917e+02
   3.0350000e+02
   3.0352083e+02
   3.0354167e+02
   3.0356250e+02
   3.0358333e+02
   3.0360417e+02
   3.0362500e+02
   3.0364583e+02
   3.0366667e+02
   3.0368750e+02
   3.0370833e+02
   3.0372917e+02
   3.0375000e+02
   3.0377083e+02
   3.0379167e+02
   3.0381250e+02
   3.0383333e+02
   3.0385417e+02
   3.0387500e+02
   3.0389583e+02
   3.0391667e+02
   3.0393750e+02
   3.0395833e+02
   3.0397917e+02
   3.0400000e+02
   3.0402083e+02
   3.0404167e+02
   3.0406250e+02
   3.0408333e+02
   3.0410417e+02
   3.0412500e+02
   3.0414583e+02
   3.0416667e+02
   3.0418750e+02
   3.0420833e+02
   3.0422917e+02
   3.0425000e+02
   3.0427083e+02
   3.0429167e+02
   3.0431250e+02
   3.0433333e+02
   3.0435417e+02
   3.0437500e+02
   3.0439583e+02
   3.0441667e+02
   3.0443750e+02
   3.0445833e+02
   3.0447917e+02
   3.0450000e+02
   3.0452083e+02
   3.0454167e+02
   3.0456250e+02
   3.0458333e+02
   3.0460417e+02
   3.0462500e+02
   3.0464583e+02
   3.0466667e+02
   3.0468750e+02
   3.0470833e+02
   3.0472917e+02
   3.0475000e+02
   3.0477083e+02
   3.0479167e+02
   3.0481250e+02
   3.0483333e+02
   3.0485417e+02
   3.0487500e+02
   3.0489583e+02
   3.0491667e+02
   3.0493750e+02
   3.0495833e+02
   3.0497917e+02
   3.0500000e+02
   3.0502083e+02
   3.0504167e+02
   3.0506250e+02
   3.0508333e+02
   3.0510417e+02
   3.0512500e+02
   3.0514583e+02
   3.0516667e+02
   3.0518750e+02
   3.0520833e+02
   3.0522917e+02
   3.0525000e+02
   3.0527083e+02
   3.0529167e+02
   3.0531250e+02
   3.0533333e+02
   3.0535417e+02
   3.0537500e+02
   3.0539583e+02
   3.0541667e+02
   3.0543750e+02
   3.0545833e+02
   3.0547917e+02
   3.0550000e+02
   3.0552083e+02
   3.0554167e+02
   3.0556250e+02
   3.0558333e+02
   3.0560417e+02
   3.0562500e+02
   3.0564583e+02
   3.0566667e+02
   3.0568750e+02
   3.0570833e+02
   3.0572917e+02
   3.0575000e+02
   3.0577083e+02
   3.0579167e+02
   3.0581250e+02
   3.0583333e+02
   3.0585417e+02
   3.0587500e+02
   3.0589583e+02
   3.0591667e+02
   3.0593750e+02
   3.0595833e+02
   3.0597917e+02
   3.0600000e+02
   3.0602083e+02
   3.0604167e+02
   3.0606250e+02
   3.0608333e+02
   3.0610417e+02
   3.0612500e+02
   3.0614583e+02
   3.0616667e+02
   3.0618750e+02
   3.0620833e+02
   3.0622917e+02
   3.0625000e+02
   3.0627083e+02
   3.0629167e+02
   3.0631250e+02
   3.0633333e+02
   3.0635417e+02
   3.0637500e+02
   3.0639583e+02
   3.0641667e+02
   3.0643750e+02
   3.0645833e+02
   3.0647917e+02
   3.0650000e+02
   3.0652083e+02
   3.0654167e+02
   3.0656250e+02
   3.0658333e+02
   3.0660417e+02
   3.0662500e+02
   3.0664583e+02
   3.0666667e+02
   3.0668750e+02
   3.0670833e+02
   3.0672917e+02
   3.0675000e+02
   3.0677083e+02
   3.0679167e+02
   3.0681250e+02
   3.0683333e+02
   3.0685417e+02
   3.0687500e+02
   3.0689583e+02
   3.0691667e+02
   3.0693750e+02
   3.0695833e+02
   3.0697917e+02
   3.0700000e+02
   3.0702083e+02
   3.0704167e+02
   3.0706250e+02
   3.0708333e+02
   3.0710417e+02
   3.0712500e+02
   3.0714583e+02
   3.0716667e+02
   3.0718750e+02
   3.0720833e+02
   3.0722917e+02
   3.0725000e+02
   3.0727083e+02
   3.0729167e+02
   3.0731250e+02
   3.0733333e+02
   3.0735417e+02
   3.0737500e+02
   3.0739583e+02
   3.0741667e+02
   3.0743750e+02
   3.0745833e+02
   3.0747917e+02
   3.0750000e+02
   3.0752083e+02
   3.0754167e+02
   3.0756250e+02
   3.0758333e+02
   3.0760417e+02
   3.0762500e+02
   3.0764583e+02
   3.0766667e+02
   3.0768750e+02
   3.0770833e+02
   3.0772917e+02
   3.0775000e+02
   3.0777083e+02
   3.0779167e+02
   3.0781250e+02
   3.0783333e+02
   3.0785417e+02
   3.0787500e+02
   3.0789583e+02
   3.0791667e+02
   3.0793750e+02
   3.0795833e+02
   3.0797917e+02
   3.0800000e+02
   3.0802083e+02
   3.0804167e+02
   3.0806250e+02
   3.0808333e+02
   3.0810417e+02
   3.0812500e+02
   3.0814583e+02
   3.0816667e+02
   3.0818750e+02
   3.0820833e+02
   3.0822917e+02
   3.0825000e+02
   3.0827083e+02
   3.0829167e+02
   3.0831250e+02
   3.0833333e+02
   3.0835417e+02
   3.0837500e+02
   3.0839583e+02
   3.0841667e+02
   3.0843750e+02
   3.0845833e+02
   3.0847917e+02
   3.0850000e+02
   3.0852083e+02
   3.0854167e+02
   3.0856250e+02
   3.0858333e+02
   3.0860417e+02
   3.0862500e+02
   3.0864583e+02
   3.0866667e+02
   3.0868750e+02
   3.0870833e+02
   3.0872917e+02
   3.0875000e+02
   3.0877083e+02
   3.0879167e+02
   3.0881250e+02
   3.0883333e+02
   3.0885417e+02
   3.0887500e+02
   3.0889583e+02
   3.0891667e+02
   3.0893750e+02
   3.0895833e+02
   3.0897917e+02
   3.0900000e+02
   3.0902083e+02
   3.0904167e+02
   3.0906250e+02
   3.0908333e+02
   3.0910417e+02
   3.0912500e+02
   3.0914583e+02
   3.0916667e+02
   3.0918750e+02
   3.0920833e+02
   3.0922917e+02
   3.0925000e+02
   3.0927083e+02
   3.0929167e+02
   3.0931250e+02
   3.0933333e+02
   3.0935417e+02
   3.0937500e+02
   3.0939583e+02
   3.0941667e+02
   3.0943750e+02
   3.0945833e+02
   3.0947917e+02
   3.0950000e+02
   3.0952083e+02
   3.0954167e+02
   3.0956250e+02
   3.0958333e+02
   3.0960417e+02
   3.0962500e+02
   3.0964583e+02
   3.0966667e+02
   3.0968750e+02
   3.0970833e+02
   3.0972917e+02
   3.0975000e+02
   3.0977083e+02
   3.0979167e+02
   3.0981250e+02
   3.0983333e+02
   3.0985417e+02
   3.0987500e+02
   3.0989583e+02
   3.0991667e+02
   3.0993750e+02
   3.0995833e+02
   3.0997917e+02
   3.1000000e+02
   3.1002083e+02
   3.1004167e+02
   3.1006250e+02
   3.1008333e+02
   3.1010417e+02
   3.1012500e+02
   3.1014583e+02
   3.1016667e+02
   3.1018750e+02
   3.1020833e+02
   3.1022917e+02
   3.1025000e+02
   3.1027083e+02
   3.1029167e+02
   3.1031250e+02
   3.1033333e+02
   3.1035417e+02
   3.1037500e+02
   3.1039583e+02
   3.1041667e+02
   3.1043750e+02
   3.1045833e+02
   3.1047917e+02
   3.1050000e+02
   3.1052083e+02
   3.1054167e+02
   3.1056250e+02
   3.1058333e+02
   3.1060417e+02
   3.1062500e+02
   3.1064583e+02
   3.1066667e+02
   3.1068750e+02
   3.1070833e+02
   3.1072917e+02
   3.1075000e+02
   3.1077083e+02
   3.1079167e+02
   3.1081250e+02
   3.1083333e+02
   3.1085417e+02
   3.1087500e+02
   3.1089583e+02
   3.1091667e+02
   3.1093750e+02
   3.1095833e+02
   3.1097917e+02
   3.1100000e+02
   3.1102083e+02
   3.1104167e+02
   3.1106250e+02
   3.1108333e+02
   3.1110417e+02
   3.1112500e+02
   3.1114583e+02
   3.1116667e+02
   3.1118750e+02
   3.1120833e+02
   3.1122917e+02
   3.1125000e+02
   3.1127083e+02
   3.1129167e+02
   3.1131250e+02
   3.1133333e+02
   3.1135417e+02
   3.1137500e+02
   3.1139583e+02
   3.1141667e+02
   3.1143750e+02
   3.1145833e+02
   3.1147917e+02
   3.1150000e+02
   3.1152083e+02
   3.1154167e+02
   3.1156250e+02
   3.1158333e+02
   3.1160417e+02
   3.1162500e+02
   3.1164583e+02
   3.1166667e+02
   3.1168750e+02
   3.1170833e+02
   3.1172917e+02
   3.1175000e+02
   3.1177083e+02
   3.1179167e+02
   3.1181250e+02
   3.1183333e+02
   3.1185417e+02
   3.1187500e+02
   3.1189583e+02
   3.1191667e+02
   3.1193750e+02
   3.1195833e+02
   3.1197917e+02
   3.1200000e+02
   3.1202083e+02
   3.1204167e+02
   3.1206250e+02
   3.1208333e+02
   3.1210417e+02
   3.1212500e+02
   3.1214583e+02
   3.1216667e+02
   3.1218750e+02
   3.1220833e+02
   3.1222917e+02
   3.1225000e+02
   3.1227083e+02
   3.1229167e+02
   3.1231250e+02
   3.1233333e+02
   3.1235417e+02
   3.1237500e+02
   3.1239583e+02
   3.1241667e+02
   3.1243750e+02
   3.1245833e+02
   3.1247917e+02
   3.1250000e+02
   3.1252083e+02
   3.1254167e+02
   3.1256250e+02
   3.1258333e+02
   3.1260417e+02
   3.1262500e+02
   3.1264583e+02
   3.1266667e+02
   3.1268750e+02
   3.1270833e+02
   3.1272917e+02
   3.1275000e+02
   3.1277083e+02
   3.1279167e+02
   3.1281250e+02
   3.1283333e+02
   3.1285417e+02
   3.1287500e+02
   3.1289583e+02
   3.1291667e+02
   3.1293750e+02
   3.1295833e+02
   3.1297917e+02
   3.1300000e+02
   3.1302083e+02
   3.1304167e+02
   3.1306250e+02
   3.1308333e+02
   3.1310417e+02
   3.1312500e+02
   3.1314583e+02
   3.1316667e+02
   3.1318750e+02
   3.1320833e+02
   3.1322917e+02
   3.1325000e+02
   3.1327083e+02
   3.1329167e+02
   3.1331250e+02
   3.1333333e+02
   3.1335417e+02
   3.1337500e+02
   3.1339583e+02
   3.1341667e+02
   3.1343750e+02
   3.1345833e+02
   3.1347917e+02
   3.1350000e+02
   3.1352083e+02
   3.1354167e+02
   3.1356250e+02
   3.1358333e+02
   3.1360417e+02
   3.1362500e+02
   3.1364583e+02
   3.1366667e+02
   3.1368750e+02
   3.1370833e+02
   3.1372917e+02
   3.1375000e+02
   3.1377083e+02
   3.1379167e+02
   3.1381250e+02
   3.1383333e+02
   3.1385417e+02
   3.1387500e+02
   3.1389583e+02
   3.1391667e+02
   3.1393750e+02
   3.1395833e+02
   3.1397917e+02
   3.1400000e+02
   3.1402083e+02
   3.1404167e+02
   3.1406250e+02
   3.1408333e+02
   3.1410417e+02
   3.1412500e+02
   3.1414583e+02
   3.1416667e+02
   3.1418750e+02
   3.1420833e+02
   3.1422917e+02
   3.1425000e+02
   3.1427083e+02
   3.1429167e+02
   3.1431250e+02
   3.1433333e+02
   3.1435417e+02
   3.1437500e+02
   3.1439583e+02
   3.1441667e+02
   3.1443750e+02
   3.1445833e+02
   3.1447917e+02
   3.1450000e+02
   3.1452083e+02
   3.1454167e+02
   3.1456250e+02
   3.1458333e+02
   3.1460417e+02
   3.1462500e+02
   3.1464583e+02
   3.1466667e+02
   3.1468750e+02
   3.1470833e+02
   3.1472917e+02
   3.1475000e+02
   3.1477083e+02
   3.1479167e+02
   3.1481250e+02
   3.1483333e+02
   3.1485417e+02
   3.1487500e+02
   3.1489583e+02
   3.1491667e+02
   3.1493750e+02
   3.1495833e+02
   3.1497917e+02
   3.1500000e+02
   3.1502083e+02
   3.1504167e+02
   3.1506250e+02
   3.1508333e+02
   3.1510417e+02
   3.1512500e+02
   3.1514583e+02
   3.1516667e+02
   3.1518750e+02
   3.1520833e+02
   3.1522917e+02
   3.1525000e+02
   3.1527083e+02
   3.1529167e+02
   3.1531250e+02
   3.1533333e+02
   3.1535417e+02
   3.1537500e+02
   3.1539583e+02
   3.1541667e+02
   3.1543750e+02
   3.1545833e+02
   3.1547917e+02
   3.1550000e+02
   3.1552083e+02
   3.1554167e+02
   3.1556250e+02
   3.1558333e+02
   3.1560417e+02
   3.1562500e+02
   3.1564583e+02
   3.1566667e+02
   3.1568750e+02
   3.1570833e+02
   3.1572917e+02
   3.1575000e+02
   3.1577083e+02
   3.1579167e+02
   3.1581250e+02
   3.1583333e+02
   3.1585417e+02
   3.1587500e+02
   3.1589583e+02
   3.1591667e+02
   3.1593750e+02
   3.1595833e+02
   3.1597917e+02
   3.1600000e+02
   3.1602083e+02
   3.1604167e+02
   3.1606250e+02
   3.1608333e+02
   3.1610417e+02
   3.1612500e+02
   3.1614583e+02
   3.1616667e+02
   3.1618750e+02
   3.1620833e+02
   3.1622917e+02
   3.1625000e+02
   3.1627083e+02
   3.1629167e+02
   3.1631250e+02
   3.1633333e+02
   3.1635417e+02
   3.1637500e+02
   3.1639583e+02
   3.1641667e+02
   3.1643750e+02
   3.1645833e+02
   3.1647917e+02
   3.1650000e+02
   3.1652083e+02
   3.1654167e+02
   3.1656250e+02
   3.1658333e+02
   3.1660417e+02
   3.1662500e+02
   3.1664583e+02
   3.1666667e+02
   3.1668750e+02
   3.1670833e+02
   3.1672917e+02
   3.1675000e+02
   3.1677083e+02
   3.1679167e+02
   3.1681250e+02
   3.1683333e+02
   3.1685417e+02
   3.1687500e+02
   3.1689583e+02
   3.1691667e+02
   3.1693750e+02
   3.1695833e+02
   3.1697917e+02
   3.1700000e+02
   3.1702083e+02
   3.1704167e+02
   3.1706250e+02
   3.1708333e+02
   3.1710417e+02
   3.1712500e+02
   3.1714583e+02
   3.1716667e+02
   3.1718750e+02
   3.1720833e+02
   3.1722917e+02
   3.1725000e+02
   3.1727083e+02
   3.1729167e+02
   3.1731250e+02
   3.1733333e+02
   3.1735417e+02
   3.1737500e+02
   3.1739583e+02
   3.1741667e+02
   3.1743750e+02
   3.1745833e+02
   3.1747917e+02
   3.1750000e+02
   3.1752083e+02
   3.1754167e+02
   3.1756250e+02
   3.1758333e+02
   3.1760417e+02
   3.1762500e+02
   3.1764583e+02
   3.1766667e+02
   3.1768750e+02
   3.1770833e+02
   3.1772917e+02
   3.1775000e+02
   3.1777083e+02
   3.1779167e+02
   3.1781250e+02
   3.1783333e+02
   3.1785417e+02
   3.1787500e+02
   3.1789583e+02
   3.1791667e+02
   3.1793750e+02
   3.1795833e+02
   3.1797917e+02
   3.1800000e+02
   3.1802083e+02
   3.1804167e+02
   3.1806250e+02
   3.1808333e+02
   3.1810417e+02
   3.1812500e+02
   3.1814583e+02
   3.1816667e+02
   3.1818750e+02
   3.1820833e+02
   3.1822917e+02
   3.1825000e+02
   3.1827083e+02
   3.1829167e+02
   3.1831250e+02
   3.1833333e+02
   3.1835417e+02
   3.1837500e+02
   3.1839583e+02
   3.1841667e+02
   3.1843750e+02
   3.1845833e+02
   3.1847917e+02
   3.1850000e+02
   3.1852083e+02
   3.1854167e+02
   3.1856250e+02
   3.1858333e+02
   3.1860417e+02
   3.1862500e+02
   3.1864583e+02
   3.1866667e+02
   3.1868750e+02
   3.1870833e+02
   3.1872917e+02
   3.1875000e+02
   3.1877083e+02
   3.1879167e+02
   3.1881250e+02
   3.1883333e+02
   3.1885417e+02
   3.1887500e+02
   3.1889583e+02
   3.1891667e+02
   3.1893750e+02
   3.1895833e+02
   3.1897917e+02
   3.1900000e+02
   3.1902083e+02
   3.1904167e+02
   3.1906250e+02
   3.1908333e+02
   3.1910417e+02
   3.1912500e+02
   3.1914583e+02
   3.1916667e+02
   3.1918750e+02
   3.1920833e+02
   3.1922917e+02
   3.1925000e+02
   3.1927083e+02
   3.1929167e+02
   3.1931250e+02
   3.1933333e+02
   3.1935417e+02
   3.1937500e+02
   3.1939583e+02
   3.1941667e+02
   3.1943750e+02
   3.1945833e+02
   3.1947917e+02
   3.1950000e+02
   3.1952083e+02
   3.1954167e+02
   3.1956250e+02
   3.1958333e+02
   3.1960417e+02
   3.1962500e+02
   3.1964583e+02
   3.1966667e+02
   3.1968750e+02
   3.1970833e+02
   3.1972917e+02
   3.1975000e+02
   3.1977083e+02
   3.1979167e+02
   3.1981250e+02
   3.1983333e+02
   3.1985417e+02
   3.1987500e+02
   3.1989583e+02
   3.1991667e+02
   3.1993750e+02
   3.1995833e+02
   3.1997917e+02
   3.2000000e+02
   3.2002083e+02
   3.2004167e+02
   3.2006250e+02
   3.2008333e+02
   3.2010417e+02
   3.2012500e+02
   3.2014583e+02
   3.2016667e+02
   3.2018750e+02
   3.2020833e+02
   3.2022917e+02
   3.2025000e+02
   3.2027083e+02
   3.2029167e+02
   3.2031250e+02
   3.2033333e+02
   3.2035417e+02
   3.2037500e+02
   3.2039583e+02
   3.2041667e+02
   3.2043750e+02
   3.2045833e+02
   3.2047917e+02
   3.2050000e+02
   3.2052083e+02
   3.2054167e+02
   3.2056250e+02
   3.2058333e+02
   3.2060417e+02
   3.2062500e+02
   3.2064583e+02
   3.2066667e+02
   3.2068750e+02
   3.2070833e+02
   3.2072917e+02
   3.2075000e+02
   3.2077083e+02
   3.2079167e+02
   3.2081250e+02
   3.2083333e+02
   3.2085417e+02
   3.2087500e+02
   3.2089583e+02
   3.2091667e+02
   3.2093750e+02
   3.2095833e+02
   3.2097917e+02
   3.2100000e+02
   3.2102083e+02
   3.2104167e+02
   3.2106250e+02
   3.2108333e+02
   3.2110417e+02
   3.2112500e+02
   3.2114583e+02
   3.2116667e+02
   3.2118750e+02
   3.2120833e+02
   3.2122917e+02
   3.2125000e+02
   3.2127083e+02
   3.2129167e+02
   3.2131250e+02
   3.2133333e+02
   3.2135417e+02
   3.2137500e+02
   3.2139583e+02
   3.2141667e+02
   3.2143750e+02
   3.2145833e+02
   3.2147917e+02
   3.2150000e+02
   3.2152083e+02
   3.2154167e+02
   3.2156250e+02
   3.2158333e+02
   3.2160417e+02
   3.2162500e+02
   3.2164583e+02
   3.2166667e+02
   3.2168750e+02
   3.2170833e+02
   3.2172917e+02
   3.2175000e+02
   3.2177083e+02
   3.2179167e+02
   3.2181250e+02
   3.2183333e+02
   3.2185417e+02
   3.2187500e+02
   3.2189583e+02
   3.2191667e+02
   3.2193750e+02
   3.2195833e+02
   3.2197917e+02
   3.2200000e+02
   3.2202083e+02
   3.2204167e+02
   3.2206250e+02
   3.2208333e+02
   3.2210417e+02
   3.2212500e+02
   3.2214583e+02
   3.2216667e+02
   3.2218750e+02
   3.2220833e+02
   3.2222917e+02
   3.2225000e+02
   3.2227083e+02
   3.2229167e+02
   3.2231250e+02
   3.2233333e+02
   3.2235417e+02
   3.2237500e+02
   3.2239583e+02
   3.2241667e+02
   3.2243750e+02
   3.2245833e+02
   3.2247917e+02
   3.2250000e+02
   3.2252083e+02
   3.2254167e+02
   3.2256250e+02
   3.2258333e+02
   3.2260417e+02
   3.2262500e+02
   3.2264583e+02
   3.2266667e+02
   3.2268750e+02
   3.2270833e+02
   3.2272917e+02
   3.2275000e+02
   3.2277083e+02
   3.2279167e+02
   3.2281250e+02
   3.2283333e+02
   3.2285417e+02
   3.2287500e+02
   3.2289583e+02
   3.2291667e+02
   3.2293750e+02
   3.2295833e+02
   3.2297917e+02
   3.2300000e+02
   3.2302083e+02
   3.2304167e+02
   3.2306250e+02
   3.2308333e+02
   3.2310417e+02
   3.2312500e+02
   3.2314583e+02
   3.2316667e+02
   3.2318750e+02
   3.2320833e+02
   3.2322917e+02
   3.2325000e+02
   3.2327083e+02
   3.2329167e+02
   3.2331250e+02
   3.2333333e+02
   3.2335417e+02
   3.2337500e+02
   3.2339583e+02
   3.2341667e+02
   3.2343750e+02
   3.2345833e+02
   3.2347917e+02
   3.2350000e+02
   3.2352083e+02
   3.2354167e+02
   3.2356250e+02
   3.2358333e+02
   3.2360417e+02
   3.2362500e+02
   3.2364583e+02
   3.2366667e+02
   3.2368750e+02
   3.2370833e+02
   3.2372917e+02
   3.2375000e+02
   3.2377083e+02
   3.2379167e+02
   3.2381250e+02
   3.2383333e+02
   3.2385417e+02
   3.2387500e+02
   3.2389583e+02
   3.2391667e+02
   3.2393750e+02
   3.2395833e+02
   3.2397917e+02
   3.2400000e+02
   3.2402083e+02
   3.2404167e+02
   3.2406250e+02
   3.2408333e+02
   3.2410417e+02
   3.2412500e+02
   3.2414583e+02
   3.2416667e+02
   3.2418750e+02
   3.2420833e+02
   3.2422917e+02
   3.2425000e+02
   3.2427083e+02
   3.2429167e+02
   3.2431250e+02
   3.2433333e+02
   3.2435417e+02
   3.2437500e+02
   3.2439583e+02
   3.2441667e+02
   3.2443750e+02
   3.2445833e+02
   3.2447917e+02
   3.2450000e+02
   3.2452083e+02
   3.2454167e+02
   3.2456250e+02
   3.2458333e+02
   3.2460417e+02
   3.2462500e+02
   3.2464583e+02
   3.2466667e+02
   3.2468750e+02
   3.2470833e+02
   3.2472917e+02
   3.2475000e+02
   3.2477083e+02
   3.2479167e+02
   3.2481250e+02
   3.2483333e+02
   3.2485417e+02
   3.2487500e+02
   3.2489583e+02
   3.2491667e+02
   3.2493750e+02
   3.2495833e+02
   3.2497917e+02
   3.2500000e+02
   3.2502083e+02
   3.2504167e+02
   3.2506250e+02
   3.2508333e+02
   3.2510417e+02
   3.2512500e+02
   3.2514583e+02
   3.2516667e+02
   3.2518750e+02
   3.2520833e+02
   3.2522917e+02
   3.2525000e+02
   3.2527083e+02
   3.2529167e+02
   3.2531250e+02
   3.2533333e+02
   3.2535417e+02
   3.2537500e+02
   3.2539583e+02
   3.2541667e+02
   3.2543750e+02
   3.2545833e+02
   3.2547917e+02
   3.2550000e+02
   3.2552083e+02
   3.2554167e+02
   3.2556250e+02
   3.2558333e+02
   3.2560417e+02
   3.2562500e+02
   3.2564583e+02
   3.2566667e+02
   3.2568750e+02
   3.2570833e+02
   3.2572917e+02
   3.2575000e+02
   3.2577083e+02
   3.2579167e+02
   3.2581250e+02
   3.2583333e+02
   3.2585417e+02
   3.2587500e+02
   3.2589583e+02
   3.2591667e+02
   3.2593750e+02
   3.2595833e+02
   3.2597917e+02
   3.2600000e+02
   3.2602083e+02
   3.2604167e+02
   3.2606250e+02
   3.2608333e+02
   3.2610417e+02
   3.2612500e+02
   3.2614583e+02
   3.2616667e+02
   3.2618750e+02
   3.2620833e+02
   3.2622917e+02
   3.2625000e+02
   3.2627083e+02
   3.2629167e+02
   3.2631250e+02
   3.2633333e+02
   3.2635417e+02
   3.2637500e+02
   3.2639583e+02
   3.2641667e+02
   3.2643750e+02
   3.2645833e+02
   3.2647917e+02
   3.2650000e+02
   3.2652083e+02
   3.2654167e+02
   3.2656250e+02
   3.2658333e+02
   3.2660417e+02
   3.2662500e+02
   3.2664583e+02
   3.2666667e+02
   3.2668750e+02
   3.2670833e+02
   3.2672917e+02
   3.2675000e+02
   3.2677083e+02
   3.2679167e+02
   3.2681250e+02
   3.2683333e+02
   3.2685417e+02
   3.2687500e+02
   3.2689583e+02
   3.2691667e+02
   3.2693750e+02
   3.2695833e+02
   3.2697917e+02
   3.2700000e+02
   3.2702083e+02
   3.2704167e+02
   3.2706250e+02
   3.2708333e+02
   3.2710417e+02
   3.2712500e+02
   3.2714583e+02
   3.2716667e+02
   3.2718750e+02
   3.2720833e+02
   3.2722917e+02
   3.2725000e+02
   3.2727083e+02
   3.2729167e+02
   3.2731250e+02
   3.2733333e+02
   3.2735417e+02
   3.2737500e+02
   3.2739583e+02
   3.2741667e+02
   3.2743750e+02
   3.2745833e+02
   3.2747917e+02
   3.2750000e+02
   3.2752083e+02
   3.2754167e+02
   3.2756250e+02
   3.2758333e+02
   3.2760417e+02
   3.2762500e+02
   3.2764583e+02
   3.2766667e+02
   3.2768750e+02
   3.2770833e+02
   3.2772917e+02
   3.2775000e+02
   3.2777083e+02
   3.2779167e+02
   3.2781250e+02
   3.2783333e+02
   3.2785417e+02
   3.2787500e+02
   3.2789583e+02
   3.2791667e+02
   3.2793750e+02
   3.2795833e+02
   3.2797917e+02
   3.2800000e+02
   3.2802083e+02
   3.2804167e+02
   3.2806250e+02
   3.2808333e+02
   3.2810417e+02
   3.2812500e+02
   3.2814583e+02
   3.2816667e+02
   3.2818750e+02
   3.2820833e+02
   3.2822917e+02
   3.2825000e+02
   3.2827083e+02
   3.2829167e+02
   3.2831250e+02
   3.2833333e+02
   3.2835417e+02
   3.2837500e+02
   3.2839583e+02
   3.2841667e+02
   3.2843750e+02
   3.2845833e+02
   3.2847917e+02
   3.2850000e+02
   3.2852083e+02
   3.2854167e+02
   3.2856250e+02
   3.2858333e+02
   3.2860417e+02
   3.2862500e+02
   3.2864583e+02
   3.2866667e+02
   3.2868750e+02
   3.2870833e+02
   3.2872917e+02
   3.2875000e+02
   3.2877083e+02
   3.2879167e+02
   3.2881250e+02
   3.2883333e+02
   3.2885417e+02
   3.2887500e+02
   3.2889583e+02
   3.2891667e+02
   3.2893750e+02
   3.2895833e+02
   3.2897917e+02
   3.2900000e+02
   3.2902083e+02
   3.2904167e+02
   3.2906250e+02
   3.2908333e+02
   3.2910417e+02
   3.2912500e+02
   3.2914583e+02
   3.2916667e+02
   3.2918750e+02
   3.2920833e+02
   3.2922917e+02
   3.2925000e+02
   3.2927083e+02
   3.2929167e+02
   3.2931250e+02
   3.2933333e+02
   3.2935417e+02
   3.2937500e+02
   3.2939583e+02
   3.2941667e+02
   3.2943750e+02
   3.2945833e+02
   3.2947917e+02
   3.2950000e+02
   3.2952083e+02
   3.2954167e+02
   3.2956250e+02
   3.2958333e+02
   3.2960417e+02
   3.2962500e+02
   3.2964583e+02
   3.2966667e+02
   3.2968750e+02
   3.2970833e+02
   3.2972917e+02
   3.2975000e+02
   3.2977083e+02
   3.2979167e+02
   3.2981250e+02
   3.2983333e+02
   3.2985417e+02
   3.2987500e+02
   3.2989583e+02
   3.2991667e+02
   3.2993750e+02
   3.2995833e+02
   3.2997917e+02
   3.3000000e+02
   3.3002083e+02
   3.3004167e+02
   3.3006250e+02
   3.3008333e+02
   3.3010417e+02
   3.3012500e+02
   3.3014583e+02
   3.3016667e+02
   3.3018750e+02
   3.3020833e+02
   3.3022917e+02
   3.3025000e+02
   3.3027083e+02
   3.3029167e+02
   3.3031250e+02
   3.3033333e+02
   3.3035417e+02
   3.3037500e+02
   3.3039583e+02
   3.3041667e+02
   3.3043750e+02
   3.3045833e+02
   3.3047917e+02
   3.3050000e+02
   3.3052083e+02
   3.3054167e+02
   3.3056250e+02
   3.3058333e+02
   3.3060417e+02
   3.3062500e+02
   3.3064583e+02
   3.3066667e+02
   3.3068750e+02
   3.3070833e+02
   3.3072917e+02
   3.3075000e+02
   3.3077083e+02
   3.3079167e+02
   3.3081250e+02
   3.3083333e+02
   3.3085417e+02
   3.3087500e+02
   3.3089583e+02
   3.3091667e+02
   3.3093750e+02
   3.3095833e+02
   3.3097917e+02
   3.3100000e+02
   3.3102083e+02
   3.3104167e+02
   3.3106250e+02
   3.3108333e+02
   3.3110417e+02
   3.3112500e+02
   3.3114583e+02
   3.3116667e+02
   3.3118750e+02
   3.3120833e+02
   3.3122917e+02
   3.3125000e+02
   3.3127083e+02
   3.3129167e+02
   3.3131250e+02
   3.3133333e+02
   3.3135417e+02
   3.3137500e+02
   3.3139583e+02
   3.3141667e+02
   3.3143750e+02
   3.3145833e+02
   3.3147917e+02
   3.3150000e+02
   3.3152083e+02
   3.3154167e+02
   3.3156250e+02
   3.3158333e+02
   3.3160417e+02
   3.3162500e+02
   3.3164583e+02
   3.3166667e+02
   3.3168750e+02
   3.3170833e+02
   3.3172917e+02
   3.3175000e+02
   3.3177083e+02
   3.3179167e+02
   3.3181250e+02
   3.3183333e+02
   3.3185417e+02
   3.3187500e+02
   3.3189583e+02
   3.3191667e+02
   3.3193750e+02
   3.3195833e+02
   3.3197917e+02
   3.3200000e+02
   3.3202083e+02
   3.3204167e+02
   3.3206250e+02
   3.3208333e+02
   3.3210417e+02
   3.3212500e+02
   3.3214583e+02
   3.3216667e+02
   3.3218750e+02
   3.3220833e+02
   3.3222917e+02
   3.3225000e+02
   3.3227083e+02
   3.3229167e+02
   3.3231250e+02
   3.3233333e+02
   3.3235417e+02
   3.3237500e+02
   3.3239583e+02
   3.3241667e+02
   3.3243750e+02
   3.3245833e+02
   3.3247917e+02
   3.3250000e+02
   3.3252083e+02
   3.3254167e+02
   3.3256250e+02
   3.3258333e+02
   3.3260417e+02
   3.3262500e+02
   3.3264583e+02
   3.3266667e+02
   3.3268750e+02
   3.3270833e+02
   3.3272917e+02
   3.3275000e+02
   3.3277083e+02
   3.3279167e+02
   3.3281250e+02
   3.3283333e+02
   3.3285417e+02
   3.3287500e+02
   3.3289583e+02
   3.3291667e+02
   3.3293750e+02
   3.3295833e+02
   3.3297917e+02
   3.3300000e+02
   3.3302083e+02
   3.3304167e+02
   3.3306250e+02
   3.3308333e+02
   3.3310417e+02
   3.3312500e+02
   3.3314583e+02
   3.3316667e+02
   3.3318750e+02
   3.3320833e+02
   3.3322917e+02
   3.3325000e+02
   3.3327083e+02
   3.3329167e+02
   3.3331250e+02
   3.3333333e+02
   3.3335417e+02
   3.3337500e+02
   3.3339583e+02
   3.3341667e+02
   3.3343750e+02
   3.3345833e+02
   3.3347917e+02
   3.3350000e+02
   3.3352083e+02
   3.3354167e+02
   3.3356250e+02
   3.3358333e+02
   3.3360417e+02
   3.3362500e+02
   3.3364583e+02
   3.3366667e+02
   3.3368750e+02
   3.3370833e+02
   3.3372917e+02
   3.3375000e+02
   3.3377083e+02
   3.3379167e+02
   3.3381250e+02
   3.3383333e+02
   3.3385417e+02
   3.3387500e+02
   3.3389583e+02
   3.3391667e+02
   3.3393750e+02
   3.3395833e+02
   3.3397917e+02
   3.3400000e+02
   3.3402083e+02
   3.3404167e+02
   3.3406250e+02
   3.3408333e+02
   3.3410417e+02
   3.3412500e+02
   3.3414583e+02
   3.3416667e+02
   3.3418750e+02
   3.3420833e+02
   3.3422917e+02
   3.3425000e+02
   3.3427083e+02
   3.3429167e+02
   3.3431250e+02
   3.3433333e+02
   3.3435417e+02
   3.3437500e+02
   3.3439583e+02
   3.3441667e+02
   3.3443750e+02
   3.3445833e+02
   3.3447917e+02
   3.3450000e+02
   3.3452083e+02
   3.3454167e+02
   3.3456250e+02
   3.3458333e+02
   3.3460417e+02
   3.3462500e+02
   3.3464583e+02
   3.3466667e+02
   3.3468750e+02
   3.3470833e+02
   3.3472917e+02
   3.3475000e+02
   3.3477083e+02
   3.3479167e+02
   3.3481250e+02
   3.3483333e+02
   3.3485417e+02
   3.3487500e+02
   3.3489583e+02
   3.3491667e+02
   3.3493750e+02
   3.3495833e+02
   3.3497917e+02
   3.3500000e+02
